,FSC-A,FSC-H,SSC-A,PE-A,APC-A,Time
0,209769.28,105493.0,15955.79,15903.891,163.0,52.8
1,182020.16,99735.0,31226.5,8274.59,136.92,52.8
2,181892.48,96153.0,33695.21,13317.54,249.39,52.8
3,179049.92,99663.0,36736.55,9489.05,234.72,52.9
4,184935.52,95261.0,34574.05,14487.0205,251.02,52.9
5,148441.44,79188.0,26614.32,31098.48,159.74,52.9
6,165474.4,91257.0,27373.791,5387.22,286.88,52.9
7,153978.72,84433.0,34087.92,10271.01,104.32,52.9
8,157883.05,83616.0,36276.37,18474.67,231.46,52.9
9,55314.56,30556.0,35124.19,108.99,241.24,52.9
10,57739.36,27660.0,31556.93,138.4,386.31,53.0
11,153668.48,92165.0,25168.041,9257.23,242.87,53.0
12,190253.28,89143.0,52405.16,11483.74,400.98,53.0
13,224100.8,105724.0,52941.46,15459.28,322.74,53.0
14,218647.52,101148.0,39836.71,22197.63,229.83,53.0
15,207217.92,100779.0,36679.46,10705.24,299.92,53.0
16,195807.36,107476.0,31454.86,13750.04,319.48,53.0
17,159761.28,84897.0,31077.72,13405.7705,339.04,53.1
18,262143.0,124719.0,51965.742,27468.94,611.25,53.1
19,155420.16,83707.0,16310.44,14955.851,317.85,53.1
20,218909.6,103875.0,41362.57,20305.01,467.81,53.1
21,70618.24,43548.0,37608.47,307.94,443.36,53.4
22,189708.95,54659.0,36414.77,15085.601,360.23,53.4
23,258099.52,101756.0,55603.93,28567.49,430.32,53.5
24,134979.05,81120.0,41044.25,29510.34,298.29,53.7
25,8003.52,5933.0,5475.45,13.84,52.16,53.7
26,262143.0,105522.0,81873.984,12428.32,464.55,53.7
27,194541.77,95908.0,51725.27,21559.26,428.69,53.7
28,175161.28,90308.0,39587.59,5928.71,508.56,53.8
29,96644.8,59431.0,46926.25,7764.24,378.16,53.9
30,185738.56,99832.0,35539.39,9707.03,176.04,54.0
31,182728.0,98691.0,32676.24,9388.71,322.74,54.0
32,17393.6,7528.0,42634.12,128.02,203.75,54.1
33,14574.561,6269.0,22180.33,84.770004,89.65,54.3
34,188328.0,100218.0,34961.57,16649.52,213.53,54.3
35,204288.0,99386.0,30894.34,20557.59,195.6,54.6
36,161935.2,87181.0,39582.402,14765.55,339.04,54.9
37,208311.05,104856.0,33454.742,22299.701,211.9,55.1
38,142427.05,91229.0,25602.27,9854.08,215.16,55.3
39,197429.12,96860.0,44447.16,15768.95,226.56999,55.4
40,166552.95,95848.0,27039.9,7679.47,197.23,55.4
41,125198.08,76633.0,28806.23,5542.92,239.61,55.5
42,142021.6,88228.0,33233.3,14502.59,205.38,55.6
43,37353.12,23273.0,20695.99,181.65001,132.03,55.7
44,185099.05,101581.0,36893.98,14959.311,374.9,55.7
45,238227.36,98946.0,58686.79,23268.5,322.74,55.8
46,186641.28,97106.0,17467.81,15990.391,259.17,55.8
47,65723.84,42303.0,37873.16,392.71,353.71,55.9
48,191673.44,95072.0,40200.01,6515.18,241.24,55.9
49,169300.33,93033.0,33591.41,20531.64,224.94,56.0
50,215568.64,104449.0,30610.621,18126.94,361.86,56.0
51,189837.77,99652.0,39355.77,19414.06,322.74,56.0
52,116016.32,67298.0,37575.6,17047.42,197.23,56.0
53,16334.08,11694.0,10987.23,1.73,11.41,56.1
54,202672.95,100673.0,40274.402,26271.781,237.98,56.2
55,164769.92,76361.0,72215.39,35004.82,555.83,56.2
56,170505.44,97872.0,22953.64,13692.95,190.71,56.3
57,82790.4,36147.0,70694.72,1961.8201,485.74,56.3
58,180229.28,96606.0,34402.78,16800.03,301.55,56.4
59,191039.52,91405.0,45033.63,32645.1,251.02,56.4
60,167343.69,95633.0,31544.82,12459.46,268.95,56.4
61,164519.05,100173.0,27292.48,9321.24,145.06999,56.5
62,200466.56,104202.0,42936.87,23419.01,285.25,56.5
63,250631.36,108267.0,71265.62,21095.621,655.26,56.6
64,100384.48,65420.0,19237.6,15571.73,216.79,56.6
65,255302.88,103868.0,66544.45,27301.13,431.95,56.6
66,128382.24,73925.0,40250.18,26296.0,231.46,56.7
67,262143.0,97343.0,129999.125,59556.98,811.74,56.7
68,202816.33,104233.0,30980.84,13865.95,215.16,56.7
69,246716.97,110104.0,103775.78,28871.97,635.7,56.8
70,244520.64,103721.0,58553.582,23922.44,451.51,56.8
71,226797.77,106237.0,35160.52,19289.5,309.7,56.9
72,186863.05,95979.0,35563.61,14407.44,236.35,56.9
73,236527.2,105317.0,51062.68,37342.05,290.13998,56.9
74,244188.0,105304.0,62977.19,29100.33,444.99,56.9
75,218124.48,104939.0,44206.69,35741.8,376.53,56.9
76,203546.56,97059.0,41776.04,14872.811,378.16,56.9
77,262143.0,113817.0,60034.46,29548.4,412.38998,56.9
78,166110.56,96552.0,20028.21,9399.09,296.66,57.0
79,185317.44,93900.0,24313.42,7176.04,311.33,57.0
80,202264.16,109689.0,27697.3,24258.06,246.13,57.0
81,168287.84,98038.0,35778.13,14602.93,262.43,57.0
82,103769.12,65688.0,37066.98,21322.25,192.34,57.1
83,186819.36,97584.0,42476.69,20604.3,252.65,57.1
84,199374.56,101445.0,31416.8,14433.391,249.39,57.1
85,262143.0,111164.0,60693.59,39122.22,459.66,57.1
86,231094.08,103491.0,66762.43,25827.17,420.54,57.2
87,163736.16,85229.0,29053.621,16947.08,290.13998,57.2
88,181819.69,100032.0,24976.01,5292.07,293.4,57.2
89,215555.2,101945.0,31079.451,28164.4,200.49,57.2
90,234672.48,105285.0,37535.81,20126.82,254.28,57.2
91,103582.08,52232.0,41718.95,378.87,228.2,57.2
92,241880.8,106248.0,54168.03,26512.25,345.56,57.2
93,163816.8,87504.0,32010.19,10189.7,208.64,57.2
94,117421.92,66989.0,40990.62,12978.46,241.24,57.3
95,161122.08,91813.0,32790.42,7591.24,203.75,57.3
96,162051.69,92942.0,31944.451,7196.8003,218.42,57.3
97,201069.12,104154.0,37297.07,14602.93,233.09,57.3
98,191001.44,104722.0,37125.8,17225.61,348.82,57.3
99,205909.77,99573.0,27685.19,27733.63,405.87,57.3
100,178799.05,98711.0,32214.33,18481.59,161.37,57.4
101,165025.28,80317.0,29010.371,22057.5,213.53,57.4
102,262143.0,108356.0,64745.25,26019.201,396.09,57.4
103,187969.6,97337.0,31325.11,8387.04,198.86,57.4
104,169737.12,91473.0,37987.34,20791.14,220.05,57.4
105,189020.16,105785.0,36594.69,8819.54,273.84,57.5
106,237552.0,100008.0,86489.62,15499.07,635.7,57.5
107,151340.0,71424.0,47272.25,5857.7803,422.17,57.5
108,262143.0,103453.0,89240.32,47232.46,692.75,57.5
109,252535.36,95444.0,97687.914,34888.91,870.42,57.5
110,189918.4,93712.0,26821.92,21199.42,286.88,57.5
111,262143.0,112577.0,104780.914,45014.6,611.25,57.6
112,262143.0,99792.0,167733.88,57401.402,1475.15,57.6
113,188157.77,97326.0,35665.68,16044.0205,260.8,57.7
114,189101.92,87974.0,45433.26,13179.141,312.96,57.7
115,262143.0,105562.0,87491.29,36497.81,594.95,57.7
116,193052.16,104423.0,33278.28,20438.22,264.06,57.8
117,262143.0,123179.0,111567.7,64515.16,1023.64,57.8
118,192273.77,99453.0,27311.51,21228.83,224.94,57.8
119,64372.0,35657.0,37127.53,235.28,402.61,57.8
120,197821.12,96307.0,34110.41,30972.19,304.81,57.9
121,199064.33,109540.0,42558.0,12343.55,391.2,57.9
122,262143.0,108964.0,124143.07,74476.5,849.23,58.0
123,213624.33,101037.0,71694.664,48952.082,611.25,58.0
124,238273.28,107117.0,49261.75,24877.4,370.01,58.0
125,222958.4,113045.0,31916.77,13779.45,277.1,58.0
126,19697.44,18439.0,1826.88,877.11,21.19,58.0
127,181427.69,99226.0,36089.53,15165.18,242.87,58.0
128,262143.0,98326.0,79052.35,22460.59,594.95,58.0
129,194928.16,97967.0,32283.531,17265.4,348.82,58.1
130,182332.64,91608.0,43480.09,8933.72,420.54,58.1
131,249632.33,100029.0,72025.09,31283.59,622.66,58.2
132,192423.84,90997.0,33380.35,17538.74,281.99,58.2
133,262143.0,110379.0,84005.34,36577.39,764.47,58.2
134,219759.69,99745.0,42582.22,21585.21,374.9,58.2
135,173180.0,94908.0,31472.16,9771.04,107.58,58.3
136,163167.2,90725.0,34544.64,10561.65,180.93,58.3
137,124222.56,75343.0,29591.65,14551.03,273.84,58.3
138,98433.44,58000.0,83949.984,2816.44,519.97,58.3
139,186827.2,101754.0,33468.582,11803.79,311.33,58.3
140,204666.56,97121.0,41577.09,11539.101,348.82,58.3
141,216330.23,85092.0,55970.69,21064.48,444.99,58.4
142,247823.52,102241.0,56190.402,14455.88,347.19,58.4
143,262143.0,110854.0,82792.61,42907.46,726.98,58.5
144,155958.88,95664.0,22287.59,4899.36,237.98,58.5
145,243809.44,111511.0,67053.07,17092.4,502.04,58.5
146,234978.23,103644.0,46168.51,18611.34,394.46,58.6
147,256951.52,105620.0,60370.082,17094.13,420.54,58.7
148,144902.23,88038.0,34651.9,7790.19,226.56999,58.7
149,201729.92,102501.0,32037.871,14006.08,283.62,58.7
150,198024.95,100403.0,28871.97,13343.49,190.71,58.8
151,148198.4,86866.0,27814.94,7483.98,237.98,58.8
152,183107.69,96373.0,37880.082,18068.121,272.21,58.8
153,208741.12,87778.0,67805.62,7885.34,575.39,58.8
154,262143.0,111005.0,150702.03,48621.652,1152.41,58.9
155,221846.23,100517.0,54149.0,17466.08,387.94,58.9
156,134211.84,77913.0,21439.89,17523.17,177.67,58.9
157,164617.6,84799.0,42983.582,21329.17,410.76,59.0
158,186922.4,33736.0,177383.83,294.1,873.68,59.0
159,178900.95,97341.0,40232.88,9978.64,303.18,59.1
160,177220.95,101620.0,26963.781,17438.4,198.86,59.1
161,167039.05,99460.0,17258.48,10549.54,163.0,59.1
162,79633.12,47480.0,39632.57,122.83,255.91,59.1
163,191623.05,95449.0,26036.5,20474.55,304.81,59.2
164,173219.2,93614.0,20663.121,13983.59,184.19,59.2
165,236592.16,111456.0,47988.47,9592.851,440.1,59.3
166,32480.0,9809.0,36272.91,93.42,350.45,59.4
167,51500.96,36392.0,20670.041,138.4,167.89,59.4
168,109402.72,35521.0,109661.24,254.31,544.42,59.5
169,190934.23,94544.0,44851.98,12751.83,236.35,59.5
170,243920.33,105676.0,52785.76,21457.19,275.47,59.6
171,176394.4,95669.0,29864.99,18348.38,249.39,59.6
172,180432.0,93240.0,32473.83,12978.46,202.12,59.6
173,256210.08,108401.0,64759.09,24719.97,453.13998,59.7
174,151337.77,79145.0,37497.75,13016.5205,314.59,59.8
175,165372.48,90001.0,32793.88,10070.33,288.51,59.8
176,217835.52,95305.0,39051.29,16038.83,237.98,59.9
177,152318.88,89214.0,31169.41,9366.22,226.56999,60.0
178,159586.56,92481.0,25925.781,16178.96,185.81999,60.0
179,161915.05,85145.0,32510.16,13897.09,182.56,60.1
180,140131.05,85337.0,20533.371,11864.34,127.14,60.1
181,178222.23,94646.0,27965.451,12385.07,254.28,60.1
182,100476.32,63478.0,35681.25,6402.73,275.47,60.2
183,174865.6,94648.0,34752.242,15628.82,220.05,60.2
184,163273.6,91726.0,29352.91,12981.92,174.41,60.3
185,156550.23,67569.0,35305.84,19704.701,301.55,60.4
186,185897.6,103681.0,17542.2,10096.28,164.63,60.4
187,194006.4,109225.0,35371.582,11812.44,312.96,60.5
188,139304.48,86760.0,20002.26,6691.64,213.53,60.5
189,172696.16,100265.0,21510.82,12319.33,127.14,60.5
190,147350.56,87896.0,35939.02,29634.9,370.01,60.6
191,262143.0,110129.0,98123.87,55448.23,735.13,60.6
192,206782.23,104662.0,55610.85,21431.24,229.83,60.7
193,121000.32,75376.0,21028.15,10558.19,231.46,60.7
194,185653.44,99700.0,37464.88,14077.01,340.67,60.7
195,206273.77,101068.0,35906.152,19758.33,306.44,60.7
196,173893.44,93589.0,22768.53,9065.2,216.79,60.8
197,170399.05,97589.0,30617.541,10290.04,182.56,60.9
198,208377.12,102773.0,50977.91,16114.95,469.44,60.9
199,208753.44,108528.0,38220.89,16215.29,177.67,60.9
200,123622.24,77351.0,27437.8,15704.94,236.35,61.0
201,171718.4,90673.0,34946.0,13602.99,228.2,61.0
202,186417.28,105019.0,25456.951,12423.13,252.65,61.1
203,185783.36,101979.0,34921.78,11116.98,177.67,61.1
204,221819.36,103348.0,45755.04,15710.13,436.84,61.1
205,178370.08,98493.0,23270.23,18671.89,322.74,61.2
206,21626.08,7540.0,34643.25,1.73,149.96,61.2
207,164869.6,94633.0,26782.13,12962.891,125.51,61.3
208,117003.04,78280.0,17005.9,8926.8,228.2,61.3
209,172644.64,102512.0,19891.541,13668.73,154.85,61.3
210,184002.56,92202.0,38044.43,26020.93,251.02,61.3
211,213206.56,106008.0,51571.3,22752.96,356.97,61.3
212,118687.52,66061.0,35231.45,13945.53,277.1,61.3
213,111866.72,73281.0,25470.791,13374.63,233.09,61.3
214,166313.28,79781.0,48851.742,25918.86,516.71,61.4
215,219569.28,103680.0,31759.34,27036.44,277.1,61.4
216,234310.72,103057.0,36779.8,21837.791,303.18,61.4
217,190052.8,98411.0,23886.11,7945.89,249.39,61.5
218,258404.16,107903.0,65110.28,26626.43,505.3,61.5
219,209307.84,107734.0,39577.21,12058.101,312.96,61.5
220,161402.08,98864.0,22943.26,10229.49,151.59,61.5
221,218471.69,88164.0,58086.48,35177.82,643.85,61.5
222,227856.16,106225.0,51105.93,16178.96,458.03,61.5
223,164286.08,96112.0,29558.781,13402.311,202.12,61.5
224,156396.8,91173.0,26477.65,7793.65,264.06,61.6
225,262143.0,102397.0,113411.88,56847.8,904.65,61.6
226,231010.08,108556.0,24457.01,9167.2705,281.99,61.6
227,187561.92,101117.0,26162.791,12770.86,179.3,61.6
228,211899.52,97517.0,58162.6,14222.33,352.08,61.7
229,215348.0,102680.0,24834.15,15289.74,151.59,61.7
230,210235.2,100072.0,30472.22,28020.81,340.67,61.7
231,170032.8,92941.0,20753.08,9011.57,88.02,61.7
232,110650.4,65817.0,21337.82,18645.94,203.75,61.7
233,171057.6,89607.0,26436.13,3389.07,125.51,61.7
234,156619.69,95080.0,27524.3,9587.66,285.25,61.7
235,175463.69,91738.0,37525.43,14025.11,464.55,61.7
236,262143.0,100584.0,85472.38,60966.93,842.71,61.8
237,179978.4,97452.0,25962.11,20412.27,348.82,61.8
238,184798.88,101188.0,27306.32,13980.13,169.52,61.8
239,204499.69,112340.0,29513.8,14121.99,286.88,61.8
240,210310.23,106371.0,40250.18,19111.31,397.72,61.9
241,226153.77,73165.0,60508.48,28877.16,410.76,61.9
242,140380.8,88646.0,20817.09,19529.97,314.59,61.9
243,225158.08,99832.0,66824.71,7418.24,423.8,61.9
244,200652.48,104948.0,24823.77,13947.26,242.87,61.9
245,212729.44,93346.0,39476.87,20533.371,394.46,62.0
246,177496.48,91709.0,22901.74,9726.061,252.65,62.0
247,123172.0,73291.0,22329.11,12603.05,265.69,62.0
248,183444.8,84296.0,56972.36,18739.36,371.63998,62.0
249,257098.23,112033.0,61169.34,28901.38,399.35,62.1
250,201592.16,96199.0,55309.832,7215.83,378.16,62.1
251,255501.12,108237.0,39810.76,24296.121,350.45,62.2
252,201495.84,82761.0,69857.4,29285.44,674.82,62.2
253,235991.84,109156.0,50412.2,22183.791,394.46,62.3
254,212334.08,100861.0,37042.76,23517.621,267.32,62.3
255,74907.84,45381.0,30470.49,15073.49,251.02,62.3
256,181963.05,104536.0,34106.95,9515.0,355.34,62.4
257,188571.05,104640.0,23489.94,15199.78,281.99,62.4
258,172961.6,94545.0,26202.58,13608.18,112.47,62.4
259,214878.72,103277.0,54730.28,2174.61,329.26,62.4
260,217683.2,101092.0,44367.582,7554.91,241.24,62.4
261,154334.88,89837.0,18100.99,8805.7,143.44,62.4
262,169582.56,95292.0,23861.89,10134.34,141.81,62.4
263,19869.92,6393.0,37496.02,108.99,265.69,62.4
264,215748.95,108149.0,58766.37,12362.58,536.27,62.5
265,262143.0,110744.0,90190.09,32613.96,691.12,62.5
266,236896.8,106997.0,40395.5,27564.09,226.56999,62.6
267,262143.0,86139.0,70641.09,59401.28,652.0,62.6
268,136743.05,78007.0,32776.582,39734.64,340.67,62.6
269,189957.6,99894.0,24638.66,24879.13,202.12,62.6
270,200885.44,96002.0,55539.92,4996.24,376.53,62.6
271,193141.77,94934.0,38864.45,19080.17,270.58,62.6
272,192743.05,97538.0,31522.33,17838.03,246.13,62.6
273,213233.44,98688.0,41770.85,14760.36,229.83,62.6
274,170606.23,89875.0,21161.36,10966.47,81.5,62.6
275,262143.0,118485.0,88724.78,28423.9,477.59,62.6
276,139808.48,82192.0,26472.46,12059.83,275.47,62.6
277,200454.23,92497.0,51477.88,27948.15,549.31,62.7
278,197648.64,97865.0,54003.68,26655.84,454.77,62.7
279,195571.05,96617.0,44414.29,10800.39,260.8,62.7
280,221521.44,105280.0,40167.14,16275.84,306.44,62.7
281,146801.77,67384.0,32264.5,34489.28,283.62,62.7
282,262143.0,118043.0,84868.61,25328.93,469.44,62.7
283,179835.05,98738.0,28122.88,11923.16,86.39,62.8
284,178894.23,95992.0,27351.3,10758.87,293.4,62.9
285,204219.69,93588.0,58671.22,15926.38,226.56999,62.9
286,248477.6,112397.0,29079.57,32703.92,381.42,62.9
287,211666.56,105036.0,64669.13,30420.32,513.45,62.9
288,195442.23,93513.0,38426.76,9713.95,226.56999,62.9
289,180782.56,94838.0,22806.59,20638.9,202.12,63.0
290,185128.16,94871.0,29518.99,25029.64,361.86,63.0
291,238198.23,94811.0,53754.562,21990.03,329.26,63.1
292,219282.56,93372.0,33506.64,23474.371,348.82,63.2
293,175166.88,90056.0,34044.67,3607.05,355.34,63.2
294,256122.72,107767.0,59185.03,25399.86,500.41,63.2
295,200419.52,95972.0,45739.47,24296.121,394.46,63.3
296,81291.84,63273.0,9110.18,5593.09,110.84,63.3
297,141729.28,77642.0,49429.56,7539.34,469.44,63.3
298,224708.97,109515.0,47756.652,11443.95,356.97,63.3
299,22654.24,20307.0,6890.59,351.19,223.31,63.4
300,187582.08,102818.0,26038.23,15528.48,255.91,63.4
301,161977.77,96112.0,21647.49,11521.8,286.88,63.4
302,205122.4,96489.0,45673.73,12961.16,500.41,63.4
303,199156.16,98244.0,52166.42,26136.84,391.2,63.4
304,185784.48,103705.0,39127.41,17639.08,241.24,63.4
305,159697.44,79176.0,40065.07,19562.84,314.59,63.6
306,35726.88,14060.0,92740.11,83.04,466.18,63.6
307,215175.52,102973.0,52354.992,23790.96,335.78,63.6
308,170807.84,100396.0,34773.0,14435.12,211.9,63.7
309,93760.8,45353.0,34852.582,148.78,233.09,63.7
310,128729.44,77209.0,22846.38,11661.93,166.26,63.8
311,203175.84,99766.0,45469.59,28724.92,404.24,63.8
312,227080.0,104983.0,62119.11,31845.84,360.23,63.8
313,262143.0,107084.0,58345.98,12554.61,637.33,63.8
314,155218.56,89017.0,25839.281,17538.74,220.05,63.9
315,153886.88,88228.0,25770.08,11142.93,231.46,63.9
316,196511.84,97855.0,44924.64,11947.38,308.07,64.0
317,192628.8,103001.0,22623.21,11014.91,257.54,64.0
318,189348.33,89374.0,67572.07,6771.22,492.26,64.0
319,182357.28,90288.0,27832.24,7184.69,166.26,64.0
320,160889.12,87193.0,43269.03,19173.59,280.36,64.0
321,185464.16,94553.0,29657.39,19154.56,241.24,64.1
322,190784.16,101932.0,43154.85,19824.07,301.55,64.1
323,18833.92,8722.0,37928.52,69.2,242.87,64.1
324,119813.12,75114.0,17438.4,5260.93,203.75,64.2
325,196554.4,98678.0,33406.3,13360.79,363.49,64.3
326,163777.6,96376.0,29448.06,12440.43,171.15,64.3
327,226014.88,110073.0,38916.35,18919.28,203.75,64.4
328,159690.72,88660.0,28766.44,13952.45,329.26,64.4
329,136100.16,74444.0,39748.48,5477.18,381.42,64.4
330,175343.84,97948.0,29832.121,11494.12,226.56999,64.4
331,200910.08,103552.0,39907.64,20190.83,257.54,64.5
332,173327.84,84863.0,40933.53,22495.19,440.1,64.5
333,251036.8,112050.0,58797.51,16941.89,537.9,64.5
334,152022.08,86921.0,26730.23,2539.6401,179.3,64.5
335,93074.24,59304.0,17967.78,9886.95,112.47,64.5
336,197412.33,93680.0,50678.62,15379.7,316.22,64.6
337,249549.44,110140.0,57185.152,24768.41,427.06,64.6
338,181441.12,98340.0,23789.23,14383.22,234.72,64.6
339,262143.0,112260.0,122551.47,60626.12,1013.86,64.6
340,146534.08,86536.0,26533.01,15464.47,192.34,64.6
341,181397.44,98866.0,22818.701,13656.62,246.13,64.7
342,182516.33,99936.0,18853.541,14203.3,298.29,64.7
343,88192.164,31761.0,110737.305,491.32,726.98,64.8
344,262143.0,108316.0,79586.92,33139.88,625.92,65.0
345,158002.88,95248.0,31037.93,4510.11,234.72,65.2
346,221945.92,103965.0,40608.29,26607.4,387.94,65.2
347,198959.05,101916.0,38433.68,9201.87,132.03,65.4
348,191348.64,93324.0,37525.43,6618.98,347.19,65.6
349,213780.0,97129.0,32186.65,9272.8,290.13998,65.8
350,171265.92,96037.0,36923.39,18877.76,179.3,65.8
351,163708.16,95057.0,37305.72,16450.57,255.91,65.9
352,190927.52,88164.0,78519.51,21126.76,453.13998,66.1
353,13715.5205,13229.0,574.36,915.17,-9.78,66.2
354,189801.92,99197.0,45981.67,13350.41,308.07,66.2
355,198550.23,102618.0,31790.48,19822.34,312.96,66.2
356,166874.4,93680.0,32859.62,11845.311,223.31,66.3
357,140488.33,85212.0,30968.73,14862.43,262.43,66.3
358,173108.33,90912.0,34679.582,12803.73,229.83,66.4
359,220999.52,97924.0,27880.68,24315.15,360.23,66.4
360,172354.56,99241.0,15860.641,15450.63,215.16,66.5
361,185912.16,97840.0,28199.0,6771.22,153.22,66.5
362,151450.88,70108.0,78836.1,26975.89,575.39,66.5
363,156884.0,79689.0,28510.4,16104.57,291.77,66.5
364,28236.32,6661.0,64964.96,281.99,407.5,66.6
365,260024.8,111065.0,59768.04,25366.99,427.06,66.6
366,208798.23,94793.0,40893.742,17192.74,379.79,66.6
367,203928.48,102497.0,69582.33,14345.16,431.95,66.8
368,47854.24,30645.0,35551.5,262.96,210.27,66.8
369,79136.96,43533.0,38553.05,230.09,298.29,66.9
370,122113.6,72005.0,29441.14,7900.91,166.26,66.9
371,217734.72,110696.0,32479.02,18953.88,309.7,67.2
372,176075.2,100418.0,32928.82,12774.32,265.69,67.4
373,136615.36,84250.0,16857.121,8354.17,145.06999,67.4
374,172206.72,97791.0,24467.39,11885.101,125.51,67.4
375,189388.64,98061.0,24335.91,17941.83,252.65,67.5
376,241567.2,102761.0,43026.832,12327.98,387.94,67.6
377,168862.4,93513.0,51344.67,25700.88,404.24,67.7
378,174584.48,83245.0,34551.56,21173.47,296.66,67.7
379,185461.92,97600.0,32856.16,19742.76,293.4,67.8
380,197181.6,92465.0,55967.23,22725.28,262.43,67.9
381,204713.6,97475.0,46514.51,20756.541,293.4,67.9
382,205610.72,105325.0,30558.72,13777.72,202.12,68.0
383,191242.23,96168.0,56723.242,24655.96,523.23,68.0
384,181722.23,98440.0,19483.26,11156.7705,298.29,68.1
385,210850.08,103644.0,49247.91,19273.93,255.91,68.2
386,180705.28,91215.0,40520.06,15691.101,312.96,68.3
387,176520.95,92452.0,34643.25,14760.36,386.31,68.4
388,198360.95,100401.0,31506.76,18664.97,265.69,68.4
389,171613.12,97239.0,36695.03,30574.291,255.91,68.5
390,110794.88,64945.0,69139.45,1029.35,461.29,68.5
391,23456.16,15781.0,10559.92,57.09,94.54,68.6
392,173904.64,97748.0,20875.91,12888.5,228.2,68.6
393,172459.84,98622.0,30088.16,11270.95,334.15,68.8
394,101235.68,61694.0,19834.451,9926.74,247.76,68.9
395,55616.96,33216.0,31811.24,195.49,335.78,68.9
396,127368.64,85244.0,21336.09,8144.8403,189.08,69.0
397,21742.56,20338.0,4696.95,3081.1301,8.15,69.0
398,182980.0,104444.0,35105.16,13966.29,304.81,69.0
399,130818.24,76341.0,22285.86,20156.23,288.51,69.1
400,202287.69,98328.0,42611.63,19960.74,409.13,69.1
401,151734.23,88693.0,27500.08,16383.101,264.06,69.1
402,159324.48,92125.0,29062.27,5452.96,255.91,69.2
403,240201.92,109949.0,25318.55,22704.52,213.53,69.2
404,188559.84,102432.0,27721.52,13608.18,242.87,69.2
405,131261.77,65252.0,32387.33,17637.35,384.68,69.3
406,184012.64,99197.0,25958.65,17421.1,286.88,69.4
407,227125.92,106332.0,43163.5,16459.22,418.91,69.5
408,186473.28,98341.0,35940.75,3188.3901,275.47,69.5
409,193202.23,104729.0,22716.63,7603.35,224.94,69.5
410,9702.56,8573.0,619.34,1060.49,37.49,69.6
411,173262.88,93409.0,23318.67,10731.19,234.72,69.6
412,168045.92,99097.0,21071.4,12094.43,140.18,69.6
413,187164.33,99120.0,45194.52,19657.99,327.63,69.6
414,262143.0,103884.0,53124.84,20715.02,627.55,69.6
415,198840.33,96672.0,35385.42,20253.11,360.23,69.6
416,262143.0,104444.0,83508.83,40405.88,630.81,69.7
417,163419.2,91519.0,25316.82,12122.11,172.78,69.7
418,210744.8,101884.0,41132.48,10800.39,489.0,69.7
419,183068.48,99396.0,25896.371,12606.51,203.75,69.7
420,155926.4,80303.0,28622.85,10111.851,246.13,69.8
421,205324.0,100935.0,26034.77,20235.81,407.5,69.8
422,248427.2,107015.0,54166.3,23991.64,440.1,69.8
423,204804.33,90849.0,57090.0,24090.25,425.43,69.8
424,196204.95,94029.0,48132.06,13180.87,298.29,69.8
425,169972.33,92288.0,23704.46,12134.22,171.15,69.8
426,170777.6,84083.0,34406.242,14755.17,180.93,69.9
427,206557.12,103757.0,34193.45,20514.34,327.63,69.9
428,241982.72,109866.0,44544.04,28622.85,379.79,69.9
429,206319.69,87189.0,49116.43,10463.04,332.52,69.9
430,225591.52,98197.0,37393.95,20370.75,241.24,69.9
431,69706.56,46461.0,40070.26,23117.99,436.84,69.9
432,213855.05,97665.0,40992.35,23358.46,324.37,70.1
433,101161.76,65749.0,28285.5,14320.94,176.04,70.1
434,137593.12,77668.0,24078.14,17838.03,136.92,70.1
435,189968.8,99969.0,27181.76,12532.12,182.56,70.1
436,174507.2,101669.0,26856.52,13018.25,234.72,70.1
437,202312.33,107049.0,34136.36,8731.311,128.77,70.1
438,194909.12,100900.0,42859.02,19528.24,342.3,70.1
439,188916.0,92488.0,40149.84,22232.23,387.94,70.1
440,160485.92,87872.0,37771.09,10592.79,285.25,70.2
441,262143.0,99423.0,88076.03,34089.65,823.15,70.2
442,164273.77,86329.0,25104.031,9855.811,198.86,70.2
443,175281.12,94304.0,38267.6,13803.67,252.65,70.2
444,200397.12,97304.0,38274.52,20408.81,319.48,70.2
445,189060.48,83486.0,64048.062,66942.35,516.71,70.2
446,251363.84,104000.0,47848.34,31069.07,410.76,70.3
447,262143.0,109889.0,146226.52,58619.32,1421.36,70.3
448,156030.56,89160.0,21841.25,16723.91,205.38,70.3
449,162480.64,82981.0,34267.84,20874.18,236.35,70.3
450,196896.0,98627.0,38120.55,14942.01,267.32,70.4
451,212875.05,100371.0,35662.22,8587.72,467.81,70.4
452,199558.23,101773.0,36862.84,32975.53,353.71,70.4
453,245647.36,103333.0,51313.53,13741.391,537.9,70.5
454,148788.64,20432.0,224100.75,422.12,1628.37,70.5
455,262143.0,107848.0,87446.31,38073.84,567.24,70.6
456,168929.6,92569.0,25453.49,7347.31,299.92,70.6
457,208806.08,93945.0,37608.47,26993.19,324.37,70.6
458,215587.69,107453.0,50638.832,23540.11,280.36,70.7
459,167361.6,90165.0,26472.46,14635.8,299.92,70.8
460,12769.12,5513.0,22491.73,153.97,94.54,70.8
461,60856.32,15901.0,109910.36,108.99,531.38,70.8
462,163680.16,96017.0,28176.51,10859.21,109.21,71.1
463,160918.23,88920.0,29781.951,5724.57,247.76,71.2
464,246781.92,103940.0,28629.77,23611.041,368.38,71.3
465,177285.92,87653.0,27602.15,21822.22,286.88,71.3
466,190479.52,97476.0,45796.56,7999.52,303.18,71.4
467,194822.88,95981.0,26311.57,16772.35,233.09,71.4
468,171842.72,86601.0,49052.42,19822.34,345.56,71.7
469,185674.72,98180.0,40281.32,14398.79,257.54,71.9
470,122615.36,58418.0,74350.21,304.48,580.27997,71.9
471,127990.24,81401.0,20578.35,4735.0103,68.46,71.9
472,167260.8,96336.0,22936.34,11108.33,202.12,72.0
473,185561.6,100820.0,38175.91,9982.101,286.88,72.0
474,140847.84,78671.0,38649.93,17376.121,376.53,72.1
475,200132.8,98624.0,30961.81,19441.74,461.29,72.1
476,150702.72,95053.0,26801.16,10258.9,185.81999,72.2
477,177994.88,101331.0,24681.91,11471.63,202.12,72.2
478,235706.23,108732.0,32271.42,15637.47,348.82,72.2
479,231016.8,103864.0,46286.152,13782.91,242.87,72.4
480,169459.36,91418.0,21306.68,11999.28,233.09,72.4
481,140234.08,81578.0,27119.48,11637.71,237.98,72.4
482,262143.0,99191.0,63510.03,32259.31,477.59,72.4
483,171713.92,92043.0,26500.14,16895.18,257.54,72.5
484,49734.72,29280.0,17791.32,31.14,97.8,72.5
485,157276.0,88581.0,30202.34,3942.67,255.91,72.6
486,213788.95,90308.0,47578.46,21669.98,448.25,72.7
487,196396.48,103075.0,23557.41,17649.46,361.86,72.7
488,201119.52,105414.0,30667.71,12277.811,270.58,72.7
489,210632.8,94181.0,50624.992,38111.902,458.03,72.8
490,177826.88,96028.0,31615.75,11039.13,224.94,72.8
491,207866.4,106007.0,52519.34,16170.311,353.71,72.8
492,172261.6,98143.0,28124.61,9577.28,288.51,72.9
493,156976.95,85183.0,41824.48,10513.21,376.53,72.9
494,227832.64,102145.0,74109.74,17229.07,621.02997,72.9
495,203745.92,98825.0,36359.41,14813.99,156.48,73.0
496,194490.23,93228.0,31240.34,12246.67,169.52,73.0
497,262143.0,100153.0,52711.37,36198.52,405.87,73.0
498,218039.36,92676.0,29930.73,18794.72,189.08,73.1
499,135808.95,78985.0,25953.46,19984.96,298.29,73.1
500,226686.88,105493.0,27714.6,13739.66,293.4,73.1
501,262143.0,114469.0,61202.21,27870.3,480.85,73.2
502,174138.72,92351.0,48737.56,9897.33,332.52,73.2
503,184124.64,97462.0,34340.5,14004.351,244.5,73.2
504,194560.8,100166.0,37483.91,13812.32,197.23,73.2
505,200907.84,103473.0,50171.73,15454.09,277.1,73.3
506,246813.28,103060.0,42554.54,35452.89,407.5,73.3
507,262143.0,109360.0,75313.82,27726.71,562.35,73.3
508,262143.0,100993.0,73308.75,60418.52,687.86,73.4
509,156570.4,76008.0,45729.09,29314.85,249.39,73.4
510,142001.44,83313.0,36641.402,12283.0,321.11,73.4
511,196476.0,102267.0,38146.5,5731.49,368.38,73.4
512,237640.48,111440.0,37423.36,19026.541,396.09,73.5
513,119928.484,44933.0,89555.18,792.34,919.32,73.5
514,167896.95,96068.0,28756.06,8790.13,273.84,73.5
515,224932.97,104205.0,50221.902,19581.871,392.83,73.6
516,225715.84,98810.0,23943.201,14604.66,281.99,73.6
517,218151.36,93339.0,52806.52,18485.05,655.26,73.6
518,133060.48,70463.0,23104.15,18865.65,198.86,73.6
519,184619.69,101707.0,32286.99,14623.69,290.13998,73.6
520,215588.8,101506.0,39532.23,9535.76,293.4,73.6
521,163232.16,90493.0,35883.66,11423.19,192.34,73.6
522,262143.0,98500.0,95876.6,32330.24,697.64,73.6
523,181325.77,98576.0,25036.56,17113.16,130.4,73.6
524,229241.6,106552.0,33034.35,18545.6,280.36,73.7
525,214598.72,105773.0,38348.91,22967.48,229.83,73.7
526,190148.0,99937.0,39033.992,14398.79,226.56999,73.7
527,262143.0,129924.0,155033.95,85963.7,1357.79,73.8
528,262143.0,108384.0,89421.97,30259.43,567.24,73.8
529,232532.16,99907.0,50595.582,28103.85,430.32,73.8
530,232897.28,105225.0,33453.01,20972.791,244.5,73.8
531,181846.56,101436.0,23943.201,18664.97,118.99,73.8
532,230574.4,103412.0,33513.56,21571.371,438.47,73.9
533,179536.0,87180.0,22695.871,13170.49,281.99,73.9
534,262143.0,103356.0,67971.7,46268.85,586.8,73.9
535,167792.8,90405.0,31112.32,18178.84,218.42,73.9
536,248756.48,89596.0,60619.2,20159.69,418.91,73.9
537,160076.0,86755.0,23761.55,15855.45,260.8,74.0
538,217499.52,93930.0,42523.402,26185.281,348.82,74.0
539,189741.44,103221.0,29237.0,13594.34,166.26,74.0
540,163393.44,102778.0,27524.3,12366.04,125.51,74.0
541,210704.48,99540.0,56543.32,16684.121,324.37,74.0
542,258313.44,93745.0,67713.93,22557.47,490.63,74.1
543,229153.12,104709.0,54005.41,29698.91,435.21,74.1
544,262143.0,131669.0,107526.42,58043.23,1018.75,74.1
545,190720.33,97284.0,32262.77,22557.47,200.49,74.1
546,108264.8,55289.0,41992.29,299.29,405.87,74.3
547,183834.56,93486.0,36426.88,18052.55,358.6,74.4
548,182608.16,99412.0,33084.52,11872.99,237.98,74.4
549,28131.041,8961.0,58048.42,275.07,430.32,74.5
550,15981.28,6249.0,3181.47,31.14,24.45,74.5
551,195049.12,103752.0,22417.34,12324.5205,228.2,74.6
552,228863.05,103980.0,50571.36,21420.86,391.2,74.6
553,177381.12,100776.0,29503.42,13288.13,348.82,74.7
554,153725.6,90071.0,27690.38,16116.681,262.43,74.8
555,203791.84,100513.0,28214.57,20465.9,312.96,74.9
556,178939.05,93769.0,26986.27,11104.87,128.77,74.9
557,146541.92,85013.0,28337.4,8338.6,246.13,75.0
558,188143.2,96628.0,53000.28,31335.49,410.76,75.1
559,160894.72,91270.0,28797.58,11857.42,260.8,75.1
560,144109.28,84777.0,28256.09,9470.0205,254.28,75.1
561,189598.08,100792.0,21713.23,15910.811,242.87,75.2
562,262143.0,99128.0,49946.832,42040.73,404.24,75.3
563,150138.23,86321.0,26190.47,7710.61,140.18,75.4
564,224563.36,108799.0,38295.28,21993.49,552.57,75.5
565,6482.56,7142.0,1093.36,596.85004,30.97,75.5
566,185999.52,99290.0,46926.25,18047.36,286.88,75.6
567,183304.8,86893.0,31404.69,18126.94,288.51,75.7
568,180535.05,94681.0,35807.54,14929.9,236.35,75.8
569,167134.23,93387.0,22147.46,11725.94,187.45,75.9
570,36391.04,23178.0,7468.41,19.03,83.13,75.9
571,177579.36,101297.0,25808.14,13407.5,221.68,75.9
572,156782.08,75504.0,38916.35,13526.87,291.77,76.2
573,190111.05,95522.0,39963.0,26249.291,293.4,76.3
574,189993.44,95013.0,50320.51,17846.68,386.31,76.5
575,156244.48,77328.0,49419.18,7613.73,542.79,76.8
576,194957.28,98645.0,37963.12,16649.52,112.47,76.8
577,236577.6,110964.0,25861.77,13288.13,158.11,77.0
578,152432.0,85814.0,19317.18,14769.01,189.08,77.1
579,200495.69,90656.0,63977.13,33212.54,544.42,77.1
580,96692.96,63801.0,26109.16,9386.98,309.7,77.1
581,236268.48,106804.0,28406.6,18491.97,366.75,77.2
582,139802.88,71476.0,35174.36,11423.19,247.76,77.3
583,17610.88,11577.0,17874.36,72.66,140.18,77.3
584,166212.48,90867.0,26014.01,5575.79,169.52,77.4
585,196769.44,103586.0,48068.05,14274.23,400.98,77.4
586,85807.68,49672.0,45564.742,195.49,335.78,77.4
587,109653.6,65988.0,30131.41,9160.351,272.21,77.5
588,148205.12,81775.0,45419.42,10309.07,254.28,77.5
589,166288.64,91805.0,19030.0,8637.89,205.38,77.5
590,93971.36,42600.0,30358.041,223.17,251.02,77.6
591,161561.12,91459.0,30904.72,19066.33,281.99,77.7
592,193251.52,96285.0,25969.031,11542.561,231.46,77.8
593,168669.77,82401.0,40589.26,9205.33,223.31,77.8
594,222078.08,90869.0,94887.04,5977.15,596.58,77.9
595,154072.8,87453.0,24105.82,15983.47,218.42,77.9
596,206452.95,103344.0,18997.13,18258.42,281.99,78.0
597,163331.84,92916.0,37124.07,11336.69,239.61,78.0
598,190425.77,102631.0,29366.75,9364.49,184.19,78.1
599,167788.33,88715.0,35985.73,14566.601,195.6,78.2
600,144996.33,67797.0,28818.34,39521.85,394.46,78.2
601,199200.95,108341.0,41985.37,17578.53,242.87,78.2
602,167192.48,97836.0,34110.41,30975.65,205.38,78.3
603,191852.64,97857.0,22706.25,10148.18,264.06,78.4
604,162401.12,95488.0,26815.0,9084.23,176.04,78.4
605,195608.0,93893.0,44739.53,10885.16,322.74,78.4
606,30540.16,7433.0,72836.46,128.02,599.84,78.5
607,262143.0,104585.0,66393.94,41350.46,368.38,78.5
608,257332.33,119901.0,54835.812,18229.01,381.42,78.6
609,180585.44,104128.0,36084.34,18497.16,311.33,78.6
610,146452.33,79788.0,33639.85,19644.15,291.77,78.7
611,196240.8,95512.0,32605.31,21666.52,242.87,78.7
612,159520.48,88059.0,33437.44,8047.96,249.39,78.7
613,262143.0,101005.0,83446.555,30221.371,531.38,78.7
614,189688.8,94771.0,29979.17,15298.391,257.54,78.8
615,175898.23,96102.0,18227.28,11776.11,172.78,78.8
616,186800.33,99242.0,25706.07,14300.18,327.63,78.8
617,262143.0,111500.0,67938.83,20377.67,565.61,78.9
618,187779.2,102570.0,42464.582,18853.541,365.12,78.9
619,155083.05,85714.0,27382.44,15528.48,251.02,78.9
620,14339.36,9688.0,4326.73,22.49,6.52,79.0
621,184019.36,98296.0,27197.33,10362.7,229.83,79.0
622,218953.28,105002.0,34864.69,17519.71,229.83,79.0
623,206843.84,98873.0,31120.97,19903.65,223.31,79.0
624,170525.6,89262.0,37743.41,27837.43,257.54,79.0
625,170377.77,88808.0,33060.3,11136.01,216.79,79.1
626,183966.72,94492.0,27183.49,17287.89,207.01,79.1
627,213101.28,108124.0,43862.42,5778.2,195.6,79.1
628,173849.77,97515.0,28479.26,14642.72,190.71,79.1
629,196257.6,100872.0,22498.65,17595.83,166.26,79.2
630,145344.64,85028.0,28202.46,12018.311,208.64,79.2
631,195219.36,104556.0,28330.48,22657.81,281.99,79.3
632,165323.2,82562.0,36788.45,18516.19,273.84,79.3
633,192856.16,102955.0,28264.74,19621.66,182.56,79.3
634,151774.56,97078.0,31150.38,5904.49,226.56999,79.3
635,262143.0,111972.0,111716.484,87858.055,1124.7,79.3
636,23758.56,21373.0,9433.69,198.95,301.55,79.3
637,171822.56,94920.0,20754.81,9888.68,146.7,79.4
638,183305.92,100617.0,29020.75,12125.57,244.5,79.4
639,211800.95,107285.0,59683.27,14400.5205,435.21,79.4
640,165412.8,88225.0,58923.8,23669.86,546.05,79.5
641,193135.05,102540.0,28129.8,15725.7,273.84,79.5
642,210539.84,100796.0,22950.18,11437.03,285.25,79.5
643,160507.2,77718.0,22265.1,14123.72,132.03,79.7
644,254627.52,115872.0,56389.35,25309.9,550.94,79.7
645,185946.88,101368.0,21310.14,10490.72,223.31,79.8
646,184987.05,92021.0,21709.77,12110.0,231.46,79.8
647,56464.8,37444.0,20469.36,233.55,174.41,79.9
648,262143.0,90264.0,86365.06,26802.89,604.73,79.9
649,190552.33,101716.0,41980.18,13729.28,257.54,80.1
650,180107.2,101020.0,22740.85,13378.09,272.21,80.3
651,166850.88,93288.0,21270.35,16197.99,252.65,80.4
652,194545.12,102725.0,20588.73,13492.2705,218.42,80.5
653,189131.05,101055.0,22493.46,12528.66,262.43,80.6
654,176490.72,97729.0,26382.5,9919.82,184.19,80.7
655,193331.05,104092.0,31818.16,8611.94,304.81,80.7
656,181658.4,94821.0,24393.0,20080.11,184.19,80.8
657,18706.24,8364.0,16163.391,166.08,136.92,80.9
658,184532.33,102965.0,31984.24,18734.17,114.1,80.9
659,176383.2,92342.0,34864.69,14971.42,237.98,81.0
660,201975.2,105617.0,42623.742,29756.0,345.56,81.0
661,182614.88,97657.0,25628.22,16033.641,218.42,81.1
662,160176.8,91952.0,25036.56,12954.24,125.51,81.2
663,172561.77,92877.0,26463.81,8224.42,207.01,81.2
664,224539.84,97944.0,45829.43,21851.63,324.37,81.3
665,166882.23,92545.0,23168.16,13687.76,140.18,81.3
666,173470.08,90468.0,31001.6,13248.34,184.19,81.3
667,231957.6,105705.0,44398.72,13172.22,404.24,81.3
668,169705.77,90404.0,35945.94,13355.601,179.3,81.4
669,215800.48,94214.0,47474.66,29929.0,632.44,81.5
670,209600.16,95530.0,44068.29,7525.5,358.6,81.5
671,142513.28,84230.0,17793.05,9907.71,193.97,81.5
672,229276.33,103981.0,29909.97,18820.67,340.67,81.5
673,165510.23,92085.0,35769.48,13059.7705,231.46,81.6
674,195604.64,104531.0,25121.33,16184.15,184.19,81.6
675,173586.56,86021.0,50566.17,26472.46,414.02,81.7
676,171673.6,93269.0,32684.89,9163.811,198.86,81.8
677,221316.48,106349.0,34098.3,8196.74,378.16,81.8
678,206939.05,101155.0,51054.03,17684.06,392.83,81.9
679,158915.69,73520.0,43779.38,23294.451,327.63,81.9
680,262143.0,107962.0,83033.08,42765.6,647.11,82.0
681,174670.72,100645.0,20676.96,13578.7705,236.35,82.0
682,195826.4,101724.0,42507.832,15341.641,172.78,82.1
683,262143.0,123033.0,90747.15,28825.26,736.76,82.2
684,10273.76,5065.0,2769.73,51.9,22.82,82.2
685,204407.84,98515.0,33475.5,16095.92,169.52,82.2
686,187837.44,95616.0,26591.83,13800.21,241.24,82.3
687,155504.16,86249.0,27839.16,28963.66,190.71,82.3
688,178757.6,96257.0,27131.59,16800.03,102.69,82.3
689,182704.48,91860.0,36528.95,12679.17,231.46,82.3
690,179040.95,99624.0,25481.17,9016.76,122.25,82.4
691,188649.44,101137.0,31460.05,17206.58,148.33,82.5
692,178619.84,100156.0,28314.91,11518.34,154.85,82.5
693,178358.88,93965.0,26263.13,17014.55,262.43,82.5
694,178177.44,94356.0,27116.02,21498.71,356.97,82.6
695,209156.64,108751.0,25872.15,25417.16,281.99,82.6
696,177746.23,96591.0,33899.35,11568.51,301.55,82.6
697,259706.72,105000.0,69793.39,32632.99,510.19,82.7
698,169944.33,93632.0,28401.41,10589.33,262.43,82.7
699,190921.92,99924.0,25579.781,13253.53,216.79,82.7
700,241241.28,108821.0,49716.742,22291.05,334.15,82.7
701,200680.48,95972.0,25697.42,25401.59,260.8,82.8
702,205455.05,100020.0,34511.77,5548.11,249.39,82.8
703,199784.48,98765.0,18576.74,20377.67,319.48,82.8
704,196080.64,93181.0,50870.652,26206.041,236.35,82.8
705,160706.56,86432.0,32562.06,12706.851,275.47,82.8
706,201294.23,103835.0,35613.78,11165.42,143.44,82.8
707,181143.2,87941.0,38720.86,30527.58,443.36,82.9
708,125219.36,69217.0,35667.41,9054.82,268.95,82.9
709,181986.56,93754.0,32719.49,8321.3,334.15,82.9
710,217232.95,103304.0,30768.05,24169.83,326.0,83.0
711,96507.04,57813.0,34158.85,249.12,295.03,83.0
712,190975.69,100322.0,34862.96,14921.25,177.67,83.0
713,202620.33,101979.0,44614.97,23237.36,264.06,83.1
714,226332.97,110045.0,47156.34,16682.39,251.02,83.1
715,172482.23,99061.0,40277.86,12475.03,303.18,83.1
716,203847.84,101696.0,23178.541,17428.02,321.11,83.2
717,167957.44,98745.0,21387.99,12250.13,130.4,83.2
718,187246.08,94473.0,31176.33,26868.63,283.62,83.2
719,262143.0,100209.0,59785.34,30259.43,588.43,83.2
720,80487.68,42561.0,50180.38,332.16,458.03,83.2
721,208138.56,104649.0,26617.781,21410.48,345.56,83.2
722,210917.28,102440.0,33169.29,12028.69,247.76,83.3
723,202949.6,102247.0,36743.47,5773.0103,412.38998,83.3
724,189611.52,96397.0,35176.09,17552.58,171.15,83.3
725,225513.12,106672.0,52756.35,7411.3203,400.98,83.3
726,247708.16,95826.0,34575.78,29607.22,425.43,83.3
727,200157.44,92532.0,33023.97,27590.041,296.66,83.4
728,110920.32,67965.0,16684.121,11907.59,211.9,83.4
729,199500.0,102989.0,43902.21,8959.67,329.26,83.4
730,170017.12,86695.0,26524.36,7290.22,342.3,83.4
731,262143.0,113574.0,141790.8,55429.2,1175.23,83.5
732,172723.05,96069.0,20522.99,13364.25,202.12,83.5
733,172286.23,94938.0,19751.41,8591.18,148.33,83.6
734,262143.0,102426.0,81633.51,39508.01,606.36,83.6
735,262143.0,97129.0,73203.22,64952.85,700.9,83.6
736,143465.28,75512.0,36179.492,14637.53,353.71,83.8
737,179213.44,88979.0,33442.63,18457.371,404.24,84.0
738,55278.72,14320.0,124201.89,257.77,955.18,84.0
739,215292.0,108218.0,43417.81,12677.44,273.84,84.1
740,99415.68,62328.0,21825.68,20268.68,239.61,84.2
741,27096.16,12998.0,31088.1,179.92,193.97,84.2
742,156226.56,80157.0,37902.57,20275.6,197.23,84.3
743,194200.16,94735.0,50642.29,21837.791,366.75,84.4
744,110427.52,69902.0,25629.951,12144.601,251.02,84.5
745,155433.6,87860.0,34615.57,8897.39,290.13998,84.6
746,204042.72,102292.0,63541.17,30005.121,314.59,84.6
747,152168.8,84593.0,34025.64,17127.0,286.88,84.6
748,195787.2,96662.0,33944.332,16057.86,268.95,84.7
749,182459.2,99181.0,36314.43,9169.0,229.83,84.7
750,177980.33,95980.0,33525.67,11615.22,185.81999,84.8
751,188662.88,87760.0,45874.41,12597.86,376.53,84.8
752,83023.36,54977.0,31043.121,299.29,249.39,84.8
753,174632.64,85400.0,36883.6,13075.34,332.52,84.8
754,194117.28,100571.0,47299.93,18675.35,324.37,84.8
755,189908.33,95856.0,30588.13,9487.32,326.0,84.9
756,156167.2,94612.0,25448.3,7139.71,242.87,85.0
757,262143.0,110523.0,82387.79,32684.89,591.69,85.0
758,193964.95,98732.0,40476.81,41407.55,352.08,85.0
759,59683.68,13709.0,159962.72,636.64,751.43,85.1
760,181787.2,101649.0,18806.83,11521.8,169.52,85.1
761,143896.48,86589.0,23595.47,21924.291,241.24,85.2
762,213424.95,101596.0,37169.05,11146.39,237.98,85.2
763,184825.77,94213.0,39229.48,17197.93,283.62,85.2
764,166470.08,92613.0,27686.92,14933.36,166.26,85.2
765,164258.08,89712.0,25484.63,7525.5,192.34,85.2
766,215371.52,103953.0,33049.92,16241.24,224.94,85.2
767,167073.77,95944.0,30601.97,6086.14,252.65,85.3
768,159955.05,91306.0,33906.27,15547.51,260.8,85.3
769,152545.12,87463.0,20147.58,15040.62,223.31,85.4
770,209840.95,95137.0,53202.69,34461.6,436.84,85.4
771,225118.88,114664.0,46339.78,16979.95,281.99,85.4
772,8764.0,5153.0,22296.24,69.2,118.99,85.4
773,164405.92,87597.0,35883.66,18621.72,404.24,85.4
774,227726.23,107984.0,33691.75,36511.652,415.65,85.4
775,168000.0,93673.0,42711.97,11130.82,280.36,85.5
776,255631.05,108576.0,96113.61,23865.35,841.08,85.5
777,205372.16,103844.0,39854.01,12051.18,233.09,85.5
778,168722.4,90736.0,39952.62,9530.57,288.51,85.5
779,174360.48,99785.0,28152.291,8720.93,200.49,85.6
780,204454.88,98612.0,32679.701,20765.19,229.83,85.6
781,188293.28,98380.0,36731.36,14251.74,295.03,85.7
782,212929.92,101064.0,51474.42,13703.33,461.29,85.8
783,183200.64,100893.0,42097.82,20796.33,210.27,85.8
784,155068.48,91548.0,25415.43,11414.54,278.73,85.8
785,184728.33,104950.0,22652.621,9952.69,84.76,85.8
786,226486.4,102424.0,56550.242,6771.22,487.37,85.8
787,196006.72,99564.0,47664.96,12727.61,440.1,85.8
788,179970.56,93832.0,43853.77,24095.44,283.62,85.9
789,225643.05,98472.0,58257.75,29430.76,451.51,85.9
790,146140.95,82276.0,32686.621,10933.601,223.31,85.9
791,190606.08,95925.0,34153.66,14985.26,239.61,85.9
792,192085.6,92000.0,47666.69,18246.31,441.73,86.0
793,77497.28,43880.0,16526.69,-95.15,-13.04,86.0
794,203936.33,97853.0,36788.45,32216.06,268.95,86.0
795,171295.05,96190.0,34084.46,18678.81,337.41,86.0
796,219386.72,112064.0,35534.2,8819.54,272.21,86.0
797,169425.77,94805.0,29591.65,9489.05,156.48,86.0
798,213022.88,102285.0,39155.09,24363.59,316.22,86.0
799,63323.68,40702.0,20119.9,58.82,228.2,86.0
800,244207.05,101266.0,42914.38,20298.09,207.01,86.0
801,177200.8,88261.0,53659.41,14803.61,405.87,86.0
802,262143.0,116996.0,110470.88,50858.54,712.31,86.0
803,164927.84,97328.0,31058.69,9686.2705,171.15,86.1
804,199073.28,103971.0,31191.9,14794.96,127.14,86.1
805,195746.88,97793.0,31662.46,32857.89,267.32,86.1
806,133110.88,75246.0,20005.72,19395.03,176.04,86.1
807,177719.36,85926.0,49310.19,9115.37,327.63,86.1
808,185754.23,94138.0,35328.332,9931.93,153.22,86.1
809,25156.32,11968.0,62497.98,257.77,330.88998,86.1
810,262143.0,100077.0,71151.44,30837.25,422.17,86.2
811,262143.0,88266.0,70075.38,31217.85,1276.29,86.2
812,233216.48,81680.0,132474.75,16552.64,1215.98,86.2
813,225737.12,101116.0,52168.152,19132.07,299.92,86.2
814,183286.88,89892.0,30167.74,13118.59,304.81,86.3
815,203378.56,102076.0,36445.91,19787.74,343.93,86.3
816,205533.44,99984.0,39815.95,17341.52,275.47,86.3
817,24211.041,17720.0,1544.89,10.38,8.15,86.3
818,262143.0,83492.0,93509.96,52002.07,883.46,86.3
819,222252.8,101783.0,50839.51,13571.851,420.54,86.3
820,192614.23,84801.0,57489.63,39383.45,459.66,86.5
821,262143.0,103580.0,55207.76,28849.48,365.12,86.5
822,255141.6,114994.0,30102.0,21176.93,303.18,86.5
823,262143.0,99201.0,71919.56,29195.48,792.18,86.5
824,139295.52,68846.0,35518.63,16063.05,391.2,86.5
825,129091.2,71537.0,25315.09,31058.69,397.72,86.5
826,201253.92,100639.0,27193.871,28915.22,384.68,86.5
827,158406.08,88794.0,41379.87,7977.0303,278.73,86.7
828,183808.8,101053.0,23045.33,4245.42,145.06999,86.7
829,160782.72,88992.0,28915.22,17633.89,244.5,86.8
830,6251.84,6453.0,6620.71,-3.46,53.79,86.8
831,9177.28,7470.0,5203.84,93.42,180.93,86.8
832,262143.0,103516.0,40021.82,29754.27,270.58,86.8
833,169323.84,95242.0,23147.4,12364.311,143.44,86.8
834,188754.72,100746.0,28998.26,11575.43,244.5,86.9
835,188503.84,98955.0,29532.83,12163.63,265.69,87.0
836,173382.72,92728.0,30110.65,15957.5205,153.22,87.0
837,182980.0,70224.0,49964.13,314.86002,352.08,87.0
838,137365.77,71109.0,45473.05,5650.18,376.53,87.0
839,130391.52,71728.0,31837.19,20003.99,149.96,87.0
840,262143.0,120917.0,64016.92,33710.78,583.54,87.0
841,68647.04,37596.0,40992.35,283.72,475.96,87.1
842,167553.12,92388.0,20403.621,11558.13,308.07,87.4
843,198795.52,101785.0,21422.59,10473.42,182.56,87.5
844,241047.52,105784.0,51682.02,20317.121,392.83,87.5
845,167608.0,93824.0,39565.1,9736.44,301.55,87.6
846,81888.8,44618.0,27640.21,261.23,348.82,87.7
847,196801.92,98342.0,35119.0,13834.811,264.06,87.7
848,191905.28,99161.0,30326.9,13393.66,187.45,87.7
849,166204.64,92925.0,27967.18,14895.3,308.07,87.7
850,217731.36,101749.0,42231.03,11686.15,366.75,87.8
851,165970.56,96636.0,24726.89,15545.78,148.33,87.8
852,212970.23,103783.0,27344.38,20562.78,187.45,87.9
853,192853.92,93400.0,42513.02,22711.44,306.44,87.9
854,262143.0,119244.0,76789.51,39772.7,531.38,87.9
855,169907.36,90332.0,77696.03,10348.86,304.81,88.1
856,213208.8,109228.0,37355.89,9845.43,347.19,88.1
857,110919.2,72928.0,18261.88,9191.49,187.45,88.1
858,257307.69,109188.0,58063.992,20303.28,435.21,88.1
859,190548.95,93167.0,38098.06,12648.03,304.81,88.2
860,219877.28,105180.0,45061.31,23946.66,322.74,88.2
861,247655.52,106240.0,66791.84,14172.16,539.52997,88.3
862,183770.72,98545.0,27721.52,13549.36,149.96,88.3
863,186764.48,100848.0,39843.63,17498.95,299.92,88.3
864,244041.28,103747.0,31001.6,17832.84,394.46,88.4
865,125006.56,85902.0,11988.9,5920.06,221.68,88.4
866,136505.6,69580.0,54654.16,27453.371,440.1,88.5
867,209881.28,97727.0,45599.34,14281.15,322.74,88.5
868,147237.44,90164.0,32859.62,9549.601,125.51,88.5
869,187252.8,96278.0,33269.63,11113.5205,189.08,88.5
870,262143.0,112365.0,105872.54,39257.16,810.11,88.6
871,167062.56,99772.0,25347.96,14149.67,107.58,88.6
872,27559.84,15908.0,11949.11,-1.73,24.45,88.7
873,202853.28,96323.0,34636.332,17493.76,218.42,88.7
874,202067.05,99288.0,61229.89,19161.48,316.22,88.7
875,207653.6,100019.0,24140.42,17080.291,190.71,88.7
876,259844.48,103675.0,60231.68,4871.68,529.75,88.8
877,233354.23,101482.0,45415.96,10715.62,286.88,88.8
878,188817.44,95969.0,28288.96,16125.33,172.78,88.8
879,262143.0,102796.0,72004.33,52483.01,668.3,88.9
880,200203.36,100728.0,49822.27,8648.2705,347.19,88.9
881,72486.4,39866.0,37973.5,295.83002,270.58,89.0
882,262143.0,109452.0,57574.402,50979.64,712.31,89.1
883,165264.95,89197.0,36764.23,17777.48,319.48,89.2
884,142306.08,83181.0,27375.52,18315.51,176.04,89.2
885,170392.33,97513.0,26100.51,13322.73,211.9,89.3
886,234395.84,103105.0,88370.13,25555.56,585.17,89.3
887,198629.77,96736.0,24436.25,13080.53,192.34,89.3
888,55764.8,40521.0,25828.9,321.78,215.16,89.5
889,141855.84,79160.0,45139.16,17675.41,291.77,89.6
890,169158.08,87368.0,42819.23,13741.391,246.13,89.7
891,170938.88,86564.0,42878.05,13045.93,319.48,89.7
892,15892.8,6404.0,32498.05,38.06,241.24,89.7
893,204835.69,96124.0,38994.2,22635.32,293.4,89.8
894,197756.16,99953.0,39599.7,11089.3,246.13,89.8
895,143921.12,78867.0,38959.6,43040.67,326.0,89.9
896,193236.95,101413.0,29513.8,17114.89,115.73,89.9
897,192698.23,98120.0,35999.57,21756.48,414.02,89.9
898,162328.33,99700.0,20554.13,9994.21,133.66,90.0
899,262143.0,105540.0,46979.88,28802.77,433.58,90.0
900,193532.64,98829.0,41921.36,21005.66,295.03,90.0
901,184942.23,102878.0,30313.06,12419.67,234.72,90.1
902,115321.92,70724.0,33527.4,7328.2803,342.3,90.1
903,142943.36,86971.0,16460.95,18208.25,197.23,90.1
904,181405.28,77464.0,61354.45,8928.53,510.19,90.1
905,262143.0,104571.0,89188.42,38480.39,642.22,90.1
906,47025.44,14636.0,99016.555,214.52,736.76,90.2
907,191997.12,101733.0,27707.68,19869.05,285.25,90.3
908,190207.36,99960.0,24072.951,10271.01,268.95,90.4
909,181192.48,94761.0,19559.38,10841.91,141.81,90.5
910,171666.88,100109.0,26792.51,13471.51,211.9,90.5
911,176940.95,89168.0,40577.152,10950.9,337.41,90.6
912,136851.69,79462.0,21723.61,12620.351,159.74,90.7
913,228730.88,104806.0,54522.68,18938.31,402.61,90.7
914,227171.84,94209.0,42871.13,39661.98,462.92,90.7
915,133405.44,72897.0,43877.992,10483.8,329.26,90.7
916,201977.44,96414.0,40641.16,23406.9,345.56,90.8
917,220641.12,105010.0,37565.22,12729.34,211.9,91.0
918,172147.36,92098.0,33712.51,17473.0,298.29,91.3
919,152794.88,89388.0,17787.86,17313.84,171.15,91.3
920,201271.84,103516.0,26389.42,11739.78,236.35,91.3
921,118026.72,72128.0,23095.5,15426.41,272.21,92.0
922,99368.64,60923.0,24237.3,18825.86,290.13998,92.0
923,166841.92,93665.0,24226.92,9340.2705,159.74,92.1
924,9793.28,7236.0,3591.48,24.220001,99.43,92.1
925,144929.12,75931.0,51818.69,13715.44,340.67,92.2
926,196417.77,107276.0,42134.152,27193.871,412.38998,92.3
927,186653.6,92372.0,41298.56,12668.79,371.63998,92.3
928,234989.44,106061.0,46924.52,19912.3,396.09,92.4
929,127180.484,74860.0,32735.06,13229.311,200.49,92.5
930,183714.72,96405.0,36653.51,14213.68,132.03,92.6
931,193511.36,99813.0,39046.1,15210.16,234.72,92.6
932,179220.16,103640.0,35605.13,19934.791,205.38,92.6
933,188485.92,101509.0,31224.77,6394.08,112.47,92.6
934,188902.56,102365.0,25114.41,19978.041,267.32,92.7
935,216334.72,98771.0,84185.26,30416.86,619.4,92.7
936,236088.16,105005.0,35563.61,8975.24,303.18,92.8
937,174594.56,102012.0,34245.35,18407.201,226.56999,92.8
938,149254.56,82503.0,28399.68,8672.49,174.41,92.8
939,151836.16,80364.0,33413.22,14348.62,291.77,92.8
940,169378.72,95717.0,23015.92,11239.811,251.02,92.9
941,162697.92,97769.0,21131.951,17050.88,215.16,92.9
942,195315.69,101103.0,38485.582,12630.73,213.53,92.9
943,126115.36,74085.0,23474.371,22514.22,268.95,92.9
944,209418.72,100336.0,37620.582,20066.27,189.08,93.0
945,222156.48,95972.0,55474.18,17974.701,366.75,93.0
946,181974.23,97068.0,29527.64,10956.09,195.6,93.0
947,207008.48,108927.0,33670.992,20090.49,205.38,93.1
948,206900.95,100436.0,35857.71,17216.96,374.9,93.1
949,149225.44,84117.0,28199.0,5625.96,275.47,93.2
950,176812.16,98769.0,22239.15,12516.55,316.22,93.2
951,152899.05,89388.0,25176.69,10874.78,233.09,93.2
952,191255.69,104257.0,27555.44,16168.58,414.02,93.3
953,230302.23,89603.0,66042.75,34172.69,573.76,93.3
954,185773.28,88412.0,43045.86,18760.121,427.06,93.3
955,172856.33,98787.0,25372.18,21510.82,234.72,93.3
956,170347.52,94308.0,33371.7,13532.061,133.66,93.4
957,184731.69,96405.0,42876.32,11677.5,244.5,93.4
958,222136.33,109927.0,37701.89,7989.14,389.57,93.4
959,225706.88,97976.0,36297.13,25785.65,283.62,93.4
960,178598.56,91447.0,33368.242,8018.5503,189.08,93.4
961,190152.48,92972.0,28749.14,12846.98,210.27,93.5
962,192673.6,95237.0,45173.76,44796.62,612.88,93.5
963,218444.8,108276.0,25662.82,24842.8,262.43,93.5
964,193344.48,89329.0,52725.21,13436.91,361.86,93.5
965,135822.4,82533.0,19066.33,14878.0,182.56,93.6
966,228221.28,106739.0,27263.07,23315.21,376.53,93.6
967,213293.92,105638.0,43469.71,22740.85,402.61,93.6
968,262143.0,106266.0,93271.22,14160.05,513.45,93.7
969,209128.64,95693.0,48554.18,22759.88,596.58,93.7
970,204237.6,101282.0,31098.48,18853.541,296.66,93.7
971,180629.12,99473.0,27117.75,10281.39,270.58,93.8
972,198403.52,101252.0,33662.34,11956.03,312.96,93.8
973,184311.69,97524.0,29728.32,12231.101,218.42,93.8
974,209492.64,101953.0,47516.18,17184.09,417.28,93.8
975,147808.64,75180.0,45870.95,89262.81,995.93,93.8
976,223316.8,105977.0,59736.902,19950.36,363.49,93.8
977,188814.08,94965.0,40341.87,14469.72,255.91,93.9
978,218700.16,97032.0,43357.26,15791.44,260.8,93.9
979,193509.12,99439.0,42329.64,19514.4,304.81,93.9
980,187554.08,99437.0,27385.9,10276.2,151.59,93.9
981,217907.2,107005.0,50100.8,22773.72,366.75,94.0
982,175647.36,97633.0,30397.83,9054.82,177.67,94.0
983,197559.05,97600.0,36409.582,23692.35,332.52,94.0
984,184279.2,99446.0,29384.05,11343.61,286.88,94.0
985,151156.33,83839.0,39148.17,16869.23,327.63,94.0
986,211713.6,104374.0,37786.66,16817.33,353.71,94.1
987,231272.16,100452.0,59043.17,21984.84,518.34,94.1
988,207656.95,98780.0,44929.832,23078.201,446.62,94.2
989,170281.44,90437.0,33247.14,15448.9,378.16,94.2
990,162834.56,90161.0,28704.16,15166.91,260.8,94.2
991,10560.48,7432.0,5580.98,50.170002,94.54,94.2
992,214523.69,104528.0,39975.11,25185.34,443.36,94.3
993,155986.88,87312.0,24221.73,5859.5103,286.88,94.3
994,163291.52,82980.0,64106.88,12558.07,513.45,94.3
995,177002.56,94540.0,42187.78,16931.51,436.84,94.3
996,208707.52,103417.0,34413.16,9466.561,296.66,94.4
997,86401.28,48735.0,38596.3,432.5,430.32,94.4
998,222080.33,103217.0,39985.492,19296.42,498.78,94.5
999,244640.48,112980.0,46680.59,22419.07,412.38998,94.5
1000,208537.28,96549.0,58946.29,13135.891,443.36,94.5
1001,188396.33,94852.0,29697.18,9495.97,148.33,94.6
1002,201299.84,104484.0,22834.27,20221.97,96.17,94.6
1003,218680.0,107882.0,29238.73,15021.59,218.42,94.6
1004,5080.32,5107.0,685.08,572.63,-9.78,94.6
1005,185588.48,92261.0,35359.47,10807.311,200.49,94.6
1006,204568.0,98072.0,50363.76,18028.33,334.15,94.7
1007,262143.0,99645.0,104106.21,49422.64,1020.38,94.7
1008,67954.88,12165.0,168887.8,361.57,1341.49,94.7
1009,242902.23,104461.0,43352.07,36205.44,420.54,94.7
1010,188611.36,102009.0,20536.83,22322.19,202.12,94.8
1011,262143.0,117369.0,166945.0,101959.28,1639.78,94.8
1012,35203.84,20210.0,18158.08,44.98,210.27,95.0
1013,194514.88,100036.0,20074.92,18659.78,312.96,95.1
1014,54940.48,33223.0,29427.3,223.17,244.5,95.1
1015,50944.32,30000.0,12615.16,216.25,262.43,95.2
1016,175545.44,94603.0,35264.32,13239.69,202.12,95.3
1017,213015.05,105560.0,25181.88,10220.84,169.52,95.3
1018,130300.8,56801.0,14035.49,134.94,193.97,95.4
1019,196876.95,102029.0,37037.57,13256.99,326.0,95.5
1020,184110.08,100245.0,47903.7,19780.82,293.4,95.6
1021,163217.6,86384.0,46173.7,4785.18,270.58,95.7
1022,21105.28,7711.0,37120.61,103.8,236.35,95.7
1023,62864.48,42129.0,31468.701,186.84,277.1,95.8
1024,191154.88,104657.0,46170.242,10874.78,334.15,95.8
1025,201710.88,91936.0,29958.41,20005.72,314.59,95.9
1026,189939.69,98250.0,43890.1,17486.84,352.08,95.9
1027,213965.92,103891.0,41455.992,10748.49,319.48,96.0
1028,87765.44,47784.0,31107.13,266.42,293.4,96.0
1029,189025.77,102881.0,30541.42,12537.311,159.74,96.0
1030,154305.77,86689.0,25757.97,13227.58,158.11,96.1
1031,94493.28,57789.0,26038.23,23957.041,267.32,96.2
1032,175661.92,97814.0,18260.15,6371.59,148.33,96.2
1033,192903.2,100785.0,50640.562,12544.23,378.16,96.2
1034,171903.2,87189.0,26086.67,16377.91,312.96,96.3
1035,242907.84,111095.0,64219.332,17685.791,467.81,96.4
1036,153026.72,78773.0,28335.67,13161.84,161.37,96.5
1037,199326.4,99053.0,43154.85,17154.68,423.8,96.6
1038,46920.16,34705.0,14948.93,598.58,801.96,96.7
1039,122520.164,79140.0,28325.291,8606.75,132.03,96.8
1040,196467.05,104425.0,39032.26,15111.55,335.78,96.8
1041,156737.28,91776.0,20789.41,15768.95,218.42,96.9
1042,253514.23,84720.0,81503.76,31593.26,780.77,97.0
1043,262143.0,106653.0,99052.88,25974.22,767.73,97.0
1044,190837.92,96948.0,35862.902,14035.49,291.77,97.2
1045,132146.56,83516.0,22566.121,26102.24,193.97,97.2
1046,214831.69,107121.0,43277.68,16518.041,236.35,97.3
1047,150827.05,94127.0,22837.73,13281.21,140.18,97.3
1048,122323.04,72344.0,28927.33,14303.641,308.07,97.3
1049,39979.52,8797.0,57370.26,93.42,327.63,97.3
1050,199502.23,97808.0,25225.13,12218.99,223.31,97.4
1051,56698.88,21064.0,71677.36,129.75,425.43,97.5
1052,63731.36,42919.0,23327.32,162.62,291.77,97.7
1053,169284.64,96001.0,27353.031,16348.5,249.39,97.7
1054,176991.36,88276.0,37364.54,22169.951,321.11,97.7
1055,228380.33,105952.0,56579.652,18350.11,381.42,97.8
1056,204603.84,97789.0,43744.78,19429.63,290.13998,97.8
1057,9658.88,6230.0,27607.34,19.03,220.05,97.9
1058,127051.68,73960.0,35106.89,10077.25,237.98,97.9
1059,51532.32,35961.0,22216.66,98.61,176.04,98.2
1060,158552.8,79776.0,54766.61,17128.73,418.91,98.3
1061,10078.88,8564.0,10075.5205,283.72,161.37,98.4
1062,219424.8,99365.0,35627.62,19438.28,260.8,98.5
1063,214007.36,105756.0,33745.38,13289.86,221.68,98.6
1064,188604.64,96389.0,35897.5,16929.78,296.66,98.7
1065,222093.77,100752.0,44127.11,24643.85,410.76,98.7
1066,166446.56,100680.0,22626.67,12564.99,216.79,98.7
1067,191117.92,93221.0,40417.992,19377.73,298.29,98.9
1068,165007.36,83699.0,45139.16,7546.2603,412.38998,99.0
1069,191868.33,100903.0,30159.09,10049.57,228.2,99.0
1070,114291.52,68749.0,23467.451,20675.23,308.07,99.0
1071,200161.92,93836.0,45528.41,7022.0703,454.77,99.0
1072,190896.16,96193.0,48493.63,15416.03,317.85,99.1
1073,119069.44,69916.0,22131.89,12874.66,138.55,99.1
1074,202204.8,104714.0,39065.13,22853.3,363.49,99.2
1075,238301.28,107096.0,49208.12,27340.92,384.68,99.2
1076,164140.48,85822.0,43137.55,9710.49,254.28,99.2
1077,207467.69,101472.0,34283.41,19251.44,295.03,99.2
1078,217981.12,107792.0,44163.44,13904.01,278.73,99.4
1079,168342.72,95858.0,21633.65,12483.68,117.36,99.4
1080,193096.95,87300.0,49382.85,23415.55,295.03,99.4
1081,72959.04,44473.0,26313.3,193.76001,177.67,99.4
1082,6651.68,6572.0,806.18,577.82,48.9,99.5
1083,239569.12,88353.0,99139.38,146133.11,973.11,99.5
1084,191561.44,96336.0,23508.97,20858.61,296.66,99.5
1085,197015.84,102287.0,30140.06,13144.54,285.25,99.6
1086,197805.44,94342.0,65004.75,23986.451,440.1,99.6
1087,170113.44,87737.0,32548.22,11283.061,296.66,99.7
1088,179621.12,96489.0,31153.84,14611.58,283.62,99.7
1089,173386.08,95484.0,31084.64,9520.19,138.55,99.8
1090,236052.33,112149.0,53586.75,25230.32,350.45,99.8
1091,162419.05,88642.0,28273.39,22320.46,326.0,99.8
1092,58666.72,40436.0,28309.72,128.02,242.87,99.8
1093,178517.92,100648.0,28742.22,7847.2803,237.98,99.8
1094,229076.97,108660.0,25152.47,14225.79,394.46,99.9
1095,155616.16,82724.0,30527.58,17241.18,231.46,99.9
1096,168621.6,91453.0,39963.0,12284.73,288.51,99.9
1097,183925.28,91248.0,46839.75,12276.08,459.66,99.9
1098,262143.0,117361.0,38904.242,20095.68,384.68,100.0
1099,159032.16,87916.0,54534.79,33714.242,352.08,100.0
1100,178161.77,95428.0,40860.87,23609.31,332.52,100.0
1101,247271.36,111228.0,53379.152,33219.46,539.52997,100.1
1102,68958.4,35284.0,34959.84,285.45,456.4,100.1
1103,182825.44,97839.0,30304.41,9807.37,259.17,100.1
1104,190686.72,100554.0,28493.1,10566.84,283.62,100.1
1105,209088.33,104799.0,58781.94,23595.47,500.41,100.1
1106,168369.6,99731.0,27444.72,12125.57,281.99,100.1
1107,208610.08,100361.0,59141.78,22060.96,461.29,100.2
1108,240026.08,116708.0,51268.55,22993.43,345.56,100.3
1109,240493.12,110136.0,29060.541,25898.1,314.59,100.3
1110,161815.36,94232.0,27949.88,18784.34,224.94,100.3
1111,74175.36,43491.0,26513.98,337.35,177.67,100.4
1112,188413.12,94516.0,28660.91,5079.2803,265.69,100.4
1113,257812.8,99912.0,62164.09,30584.67,539.52997,100.4
1114,169102.08,93728.0,18258.42,7266.0,140.18,100.4
1115,208896.8,96332.0,33037.81,19372.541,296.66,100.5
1116,143317.44,78430.0,39002.85,14822.641,298.29,100.5
1117,119248.64,77735.0,19765.25,12089.24,132.03,100.5
1118,262143.0,105336.0,90248.914,30847.63,490.63,100.6
1119,236527.2,106925.0,38613.6,20962.41,339.04,100.6
1120,126255.36,72269.0,34925.242,8681.14,97.8,100.7
1121,46690.56,15633.0,67369.664,134.94,555.83,100.7
1122,101142.72,55557.0,57799.3,24155.99,472.7,100.7
1123,196528.64,99190.0,24783.98,17794.78,316.22,100.8
1124,184450.56,103804.0,23816.91,17429.75,223.31,100.8
1125,172159.69,89765.0,23022.84,20974.52,231.46,100.8
1126,87596.32,56588.0,17723.85,8027.2,166.26,100.9
1127,154824.33,90336.0,18149.43,11212.13,195.6,100.9
1128,230827.52,98128.0,26309.84,18585.39,242.87,100.9
1129,191208.64,98049.0,40808.97,15525.0205,329.26,101.0
1130,134579.2,85660.0,15047.54,9850.62,197.23,101.0
1131,195751.36,95817.0,22451.94,20097.41,211.9,101.0
1132,205391.2,77697.0,86617.64,14718.84,671.56,101.0
1133,159966.23,92425.0,29517.26,13976.67,322.74,101.1
1134,23394.56,6529.0,7046.29,202.41,179.3,101.1
1135,174517.28,86868.0,38719.13,20341.34,329.26,101.3
1136,89690.72,57702.0,19261.82,8584.26,185.81999,101.3
1137,70454.72,37961.0,41108.26,389.25,383.05,101.3
1138,218498.56,99613.0,45201.44,36804.02,446.62,101.4
1139,170080.95,88461.0,43030.29,23323.86,430.32,101.5
1140,178615.36,100440.0,17116.621,9819.48,81.5,101.5
1141,227172.97,97724.0,80320.44,28418.71,529.75,101.5
1142,194969.6,100720.0,40037.39,17242.91,260.8,101.6
1143,196048.16,97777.0,29475.74,16410.78,273.84,101.6
1144,118269.76,63544.0,61485.93,422.12,420.54,101.6
1145,168081.77,94645.0,28622.85,11940.46,237.98,101.7
1146,33727.68,12313.0,72222.31,299.29,415.65,101.7
1147,184494.23,93809.0,25633.41,16725.64,335.78,101.7
1148,221622.23,104773.0,42525.13,20358.64,423.8,101.8
1149,204864.8,99190.0,37791.85,13772.53,298.29,101.8
1150,196006.72,95605.0,39291.76,17704.82,298.29,101.9
1151,181312.33,92440.0,29058.81,13646.24,251.02,102.0
1152,165351.2,92912.0,23915.52,12866.01,200.49,102.0
1153,204055.05,95131.0,42407.492,11845.311,400.98,102.1
1154,183934.23,90017.0,46602.742,8461.43,391.2,102.1
1155,206984.95,105388.0,31496.38,19351.78,381.42,102.1
1156,206202.08,103132.0,32214.33,16339.851,399.35,102.2
1157,185594.08,88281.0,32615.69,12269.16,198.86,102.2
1158,211562.4,100673.0,46516.242,15438.5205,309.7,102.2
1159,7515.2,5468.0,15550.97,25.95,-6.52,102.3
1160,175836.64,96510.0,28420.44,21112.92,226.56999,102.3
1161,175201.6,95533.0,31447.94,13857.3,306.44,102.3
1162,160170.08,82880.0,42978.39,16512.85,353.71,102.3
1163,187041.12,95996.0,29498.23,19715.08,368.38,102.4
1164,196791.84,89407.0,56417.03,15372.78,394.46,102.4
1165,177906.4,98513.0,42019.97,25372.18,267.32,102.4
1166,134206.23,72264.0,25280.49,12859.09,304.81,102.4
1167,164018.4,94825.0,21791.08,9478.67,161.37,102.5
1168,229089.28,94312.0,57015.61,20249.65,414.02,102.6
1169,144058.88,82129.0,23619.69,12779.51,213.53,102.6
1170,221278.4,105944.0,39964.73,17729.041,370.01,102.6
1171,162630.72,96800.0,20567.97,10054.76,120.62,102.6
1172,227524.64,111888.0,61709.1,21230.56,360.23,102.7
1173,173905.77,99565.0,30281.92,16445.38,218.42,102.7
1174,217266.56,100046.0,40137.73,21910.451,337.41,102.7
1175,135049.6,77126.0,32389.06,7790.19,236.35,102.8
1176,120033.76,80364.0,17505.871,18426.23,182.56,102.8
1177,185972.64,99584.0,34385.48,11006.26,383.05,102.8
1178,188960.8,97045.0,33472.04,11732.86,267.32,102.9
1179,168283.36,89720.0,32984.18,14789.7705,228.2,102.9
1180,262143.0,111503.0,46376.11,22830.81,537.9,102.9
1181,187573.12,97796.0,44547.5,17367.47,330.88998,103.0
1182,183824.48,94372.0,38774.492,7461.49,309.7,103.0
1183,200661.44,95633.0,53713.04,10373.08,417.28,103.0
1184,165203.36,92880.0,36286.75,19095.74,193.97,103.0
1185,174498.23,90509.0,38525.37,20311.93,329.26,103.1
1186,196636.16,103864.0,30333.82,12800.2705,207.01,103.1
1187,180252.8,102344.0,35193.39,11428.38,174.41,103.1
1188,225998.08,104320.0,58157.41,28128.07,335.78,103.1
1189,199689.28,99857.0,41492.32,19683.94,308.07,103.1
1190,221719.69,111183.0,28110.77,15445.44,254.28,103.1
1191,184098.88,95798.0,41255.31,20080.11,363.49,103.2
1192,262143.0,104295.0,49164.87,37167.32,441.73,103.2
1193,151872.0,89491.0,36127.59,13277.75,164.63,103.2
1194,140715.69,78989.0,24929.3,16829.44,177.67,103.3
1195,239360.8,112032.0,48867.31,17972.97,461.29,103.3
1196,262143.0,110765.0,45322.54,23311.75,472.7,103.3
1197,159527.2,89299.0,17924.53,14473.18,233.09,103.3
1198,163144.8,88420.0,31887.36,8966.59,223.31,103.4
1199,183018.08,84454.0,86269.914,15502.53,619.4,103.5
1200,262143.0,106646.0,56629.82,32036.14,643.85,103.5
1201,256092.48,105982.0,47514.45,44794.89,498.78,103.6
1202,186534.88,97274.0,24976.01,22220.121,207.01,103.6
1203,121602.88,48465.0,17794.78,11175.8,215.16,103.6
1204,229037.77,103372.0,48865.582,25946.541,298.29,103.6
1205,46163.04,28306.0,15980.01,202.41,122.25,103.7
1206,189079.52,80440.0,70876.37,15481.7705,467.81,103.7
1207,235895.52,103309.0,45170.3,17097.59,288.51,103.7
1208,235267.2,109086.0,26373.85,27439.531,215.16,103.8
1209,204659.84,107025.0,39677.55,14270.7705,466.18,103.8
1210,254872.8,110448.0,43922.97,24091.98,374.9,103.8
1211,175663.05,99013.0,38982.09,19420.98,370.01,104.0
1212,20239.52,14260.0,3370.04,17.3,83.13,104.0
1213,198065.28,99489.0,38238.19,18095.8,278.73,104.0
1214,188286.56,101644.0,29179.91,10329.83,146.7,104.1
1215,178815.84,87971.0,45909.01,16665.09,236.35,104.2
1216,262143.0,114550.0,64707.19,17331.14,427.06,104.2
1217,189014.56,100779.0,22149.19,13893.63,234.72,104.2
1218,234290.56,104149.0,52526.26,22431.18,493.88998,104.3
1219,159483.52,94966.0,18265.34,12907.53,167.89,104.3
1220,179345.6,98277.0,22792.75,12544.23,286.88,104.3
1221,262143.0,113257.0,56628.09,21623.27,621.02997,104.4
1222,222247.2,106091.0,32371.76,7923.4,371.63998,104.4
1223,174871.2,92989.0,25287.41,18389.9,262.43,104.4
1224,244173.44,112081.0,82873.92,28480.99,678.08,104.4
1225,91657.44,60784.0,22176.871,8184.63,132.03,104.5
1226,169891.69,92217.0,26226.8,12930.0205,189.08,104.5
1227,212456.16,104101.0,39994.14,11893.75,283.62,104.5
1228,33587.68,22801.0,262143.0,34.6,1576.21,104.5
1229,212645.44,87890.0,47794.71,6973.63,337.41,104.5
1230,193443.05,101589.0,22476.16,24036.621,327.63,104.6
1231,183667.69,84073.0,61242.0,11033.94,567.24,104.6
1232,209515.05,98177.0,44858.902,22109.4,355.34,104.6
1233,164316.33,85414.0,34046.4,13516.49,233.09,104.7
1234,262143.0,108664.0,63594.8,17981.621,381.42,104.7
1235,217539.84,104177.0,48739.29,17663.3,249.39,104.7
1236,200111.52,96773.0,21460.65,15500.8,156.48,104.7
1237,170712.64,88845.0,31328.57,5366.46,94.54,104.8
1238,185614.23,96104.0,34674.39,19287.77,298.29,104.8
1239,176265.6,100592.0,46478.18,23173.35,410.76,104.8
1240,190090.88,95476.0,33390.73,12774.32,324.37,104.8
1241,252000.0,103774.0,34406.242,16140.9,254.28,104.9
1242,209545.28,104969.0,37994.26,14006.08,244.5,104.9
1243,212450.56,97311.0,32048.25,28576.14,233.09,104.9
1244,176721.44,92272.0,44194.582,20766.92,453.13998,105.0
1245,262143.0,106670.0,113738.85,55290.8,1134.48,105.0
1246,239252.16,101292.0,33383.81,25347.96,352.08,105.1
1247,193372.48,100232.0,34719.37,19163.21,311.33,105.1
1248,209903.69,106644.0,48554.18,22848.11,288.51,105.1
1249,220859.52,104636.0,45533.6,18107.91,296.66,105.2
1250,194180.0,100117.0,45050.93,28640.15,458.03,105.2
1251,184793.28,98365.0,54259.72,6255.68,552.57,105.2
1252,199855.05,92178.0,54669.73,20695.99,500.41,105.2
1253,179972.8,100429.0,28652.26,10395.57,241.24,105.3
1254,262143.0,106441.0,74704.86,63323.19,787.29,105.3
1255,189574.56,100509.0,37790.12,18177.11,309.7,105.4
1256,34679.68,9363.0,73457.53,72.66,332.52,105.5
1257,262143.0,99012.0,38053.082,31120.97,353.71,105.6
1258,99385.44,65764.0,22135.35,10419.79,229.83,105.8
1259,173855.36,93586.0,25368.72,15196.32,210.27,105.8
1260,34076.0,12162.0,60683.21,216.25,361.86,106.0
1261,156141.44,83297.0,29505.15,11298.63,226.56999,106.0
1262,122943.52,71800.0,21123.3,13615.101,138.55,106.0
1263,176001.28,95981.0,39234.67,7658.71,247.76,106.0
1264,180248.33,96796.0,34416.62,10219.11,254.28,106.2
1265,159090.4,95142.0,22967.48,13108.21,200.49,106.3
1266,151186.56,84325.0,31492.92,10674.101,190.71,106.3
1267,246043.84,102093.0,57337.39,21709.77,254.28,106.3
1268,53294.082,37216.0,30553.531,302.75,156.48,106.4
1269,192810.23,95229.0,38072.11,16628.76,241.24,106.4
1270,156349.77,86573.0,16995.52,17319.03,226.56999,106.5
1271,163190.72,94244.0,24112.74,10539.16,138.55,106.5
1272,185683.69,92406.0,51339.48,10641.23,290.13998,106.7
1273,156201.92,82216.0,40085.832,12942.13,275.47,106.7
1274,28315.84,14138.0,15376.24,0.0,105.95,106.8
1275,239881.6,96523.0,59892.6,24543.51,332.52,106.8
1276,181699.84,88028.0,34892.37,6994.39,185.81999,106.8
1277,262143.0,119321.0,70317.58,23119.72,485.74,106.9
1278,138964.0,79664.0,22387.93,15454.09,319.48,106.9
1279,174432.16,89316.0,41637.64,21756.48,259.17,106.9
1280,169071.84,93055.0,21349.93,26984.541,319.48,107.0
1281,199529.12,96556.0,35795.43,14141.0205,203.75,107.0
1282,126367.36,73998.0,27986.21,21403.56,342.3,107.1
1283,213773.28,103485.0,24721.701,20424.38,389.57,107.1
1284,135611.84,67542.0,37523.7,22368.9,392.83,107.2
1285,184990.4,101888.0,16824.25,16173.7705,231.46,107.2
1286,175380.8,88804.0,25110.951,18799.91,246.13,107.2
1287,90303.36,57132.0,52611.03,243.93001,389.57,107.2
1288,88809.28,57033.0,27531.22,12504.44,213.53,107.3
1289,164306.23,89764.0,21085.24,12295.11,259.17,107.3
1290,190845.77,95891.0,33933.95,17177.17,270.58,107.4
1291,188368.33,91080.0,34565.4,24925.84,418.91,107.4
1292,139202.56,89376.0,25373.91,4228.12,151.59,107.4
1293,216060.33,101849.0,32200.49,14772.47,296.66,107.4
1294,226059.69,104141.0,35456.35,17113.16,273.84,107.5
1295,229860.97,104592.0,52259.84,25010.61,467.81,107.5
1296,112532.0,48593.0,30005.121,20540.291,356.97,107.5
1297,82102.72,55033.0,21529.85,19554.19,251.02,107.6
1298,161912.8,83544.0,34331.85,15362.4,149.96,107.6
1299,262143.0,98364.0,79377.59,88937.57,607.99,107.6
1300,168540.95,89293.0,34703.8,8290.16,234.72,107.6
1301,164783.36,96841.0,28235.33,9518.46,192.34,107.7
1302,193576.33,103302.0,26775.21,16575.13,241.24,107.7
1303,99662.08,65225.0,32243.74,10762.33,286.88,107.7
1304,148963.36,82613.0,35918.26,27680.0,326.0,107.8
1305,188177.92,101512.0,27406.66,16915.94,153.22,107.8
1306,206629.92,96124.0,55242.36,11461.25,330.88998,107.8
1307,161306.88,93324.0,28967.121,15218.811,189.08,107.8
1308,201577.6,99591.0,34067.16,23495.13,383.05,107.8
1309,214083.52,96800.0,37321.29,15051.0,311.33,107.9
1310,247014.88,99732.0,62676.17,11611.76,435.21,107.9
1311,214558.4,97765.0,56027.78,21455.46,547.68,107.9
1312,203225.12,100604.0,60425.44,36636.21,342.3,108.0
1313,262143.0,106665.0,88960.06,54437.91,852.49,108.0
1314,166311.05,78818.0,45457.48,18170.19,378.16,108.0
1315,194168.8,96237.0,24351.48,21393.18,304.81,108.0
1316,17745.28,5261.0,43288.06,164.35,193.97,108.1
1317,262143.0,80774.0,262143.0,40014.902,3416.48,108.1
1318,212437.12,109376.0,38862.72,28892.73,511.82,108.1
1319,231291.2,109398.0,55558.95,22306.621,392.83,108.1
1320,213528.0,108188.0,39378.26,23152.59,303.18,108.2
1321,172524.8,98898.0,26721.58,8160.41,251.02,108.2
1322,198299.36,92040.0,54571.12,18964.26,480.85,108.2
1323,133742.56,79914.0,31892.55,9553.061,89.65,108.2
1324,220993.92,110529.0,37279.77,16002.5,254.28,108.2
1325,183895.05,96536.0,38905.97,9544.41,189.08,108.2
1326,262143.0,108045.0,172541.55,93034.21,1452.33,108.2
1327,54690.72,15932.0,123522.0,262.96,852.49,108.3
1328,262143.0,105573.0,161095.88,72883.17,1251.84,108.4
1329,189285.6,81057.0,71272.54,37130.992,660.15,108.6
1330,152715.36,88509.0,25856.58,15490.42,200.49,108.6
1331,158186.56,95300.0,19152.83,30536.23,229.83,108.6
1332,223588.97,103201.0,43919.51,15063.11,387.94,108.7
1333,164270.4,98469.0,25998.44,14467.99,221.68,108.8
1334,122777.76,47872.0,62330.17,1505.1,402.61,108.8
1335,262143.0,93222.0,55276.96,31596.72,440.1,108.8
1336,185641.12,101763.0,23239.09,16068.24,174.41,108.9
1337,237132.0,103142.0,35919.992,18045.63,239.61,108.9
1338,159647.05,95380.0,24804.74,3399.45,233.09,109.0
1339,202209.28,84044.0,52216.59,22884.44,456.4,109.0
1340,162210.72,97463.0,21344.74,13618.561,247.76,109.0
1341,159860.95,89373.0,24334.18,9099.8,223.31,109.1
1342,174973.12,91662.0,29775.031,18123.48,123.88,109.1
1343,172130.56,96741.0,27067.58,13355.601,138.55,109.1
1344,18780.16,7311.0,40833.19,86.5,195.6,109.1
1345,182442.4,96453.0,33876.86,21187.31,233.09,109.2
1346,174871.2,91572.0,24268.44,25764.89,125.51,109.2
1347,170373.28,88702.0,46144.29,16068.24,334.15,109.2
1348,192548.16,94720.0,31081.18,22100.75,229.83,109.2
1349,250634.72,101730.0,61534.37,39265.81,533.01,109.2
1350,98352.8,63554.0,15371.05,7009.96,117.36,109.2
1351,42113.12,24591.0,31044.85,249.12,286.88,109.2
1352,205593.92,96896.0,40305.54,9726.061,370.01,109.3
1353,221761.12,108597.0,35696.82,15552.7,428.69,109.3
1354,220025.12,104069.0,58200.66,14763.82,446.62,109.3
1355,183653.12,79620.0,135917.45,50336.082,1022.01,109.4
1356,35323.68,25860.0,4037.82,5.19,66.83,109.4
1357,175971.05,101084.0,19901.92,8824.73,184.19,109.4
1358,160657.28,98348.0,23491.67,9950.96,190.71,109.4
1359,189844.48,100340.0,32299.1,3335.44,273.84,109.5
1360,173188.95,86623.0,30449.73,10779.63,283.62,109.5
1361,216461.28,91880.0,56214.62,21919.1,588.43,109.5
1362,163470.72,90008.0,36248.69,13729.28,252.65,109.5
1363,202646.08,99087.0,30210.99,16549.18,298.29,109.6
1364,249401.6,97620.0,44851.98,36471.86,598.21,109.7
1365,189985.6,98688.0,29986.09,16869.23,316.22,109.7
1366,65726.08,40789.0,22728.74,192.03,236.35,109.8
1367,203672.0,94593.0,44687.63,40990.62,537.9,109.8
1368,212186.23,102763.0,39637.76,20785.951,392.83,109.8
1369,215819.52,54108.0,71502.63,28302.8,691.12,109.9
1370,169207.36,97515.0,36558.36,18145.97,259.17,110.0
1371,210605.92,104683.0,29875.371,21690.74,296.66,110.0
1372,111254.08,66732.0,39059.94,14037.22,345.56,110.1
1373,223160.0,107028.0,43568.32,13452.48,321.11,110.1
1374,66325.28,40381.0,32589.74,273.34,210.27,110.1
1375,204030.4,104320.0,36361.14,13172.22,277.1,110.2
1376,226292.64,107581.0,40487.19,16163.391,358.6,110.2
1377,187810.56,91729.0,36435.53,15130.58,145.06999,110.2
1378,168837.77,71133.0,21076.59,13760.42,404.24,110.2
1379,24853.92,9947.0,8477.0,162.62,335.78,110.2
1380,200082.4,103542.0,43322.66,14407.44,185.81999,110.2
1381,156431.52,94836.0,29626.25,16066.51,180.93,110.2
1382,183563.52,93489.0,25742.4,9127.48,259.17,110.3
1383,191153.77,100144.0,35264.32,17877.82,226.56999,110.3
1384,194914.72,103480.0,30349.39,20439.951,322.74,110.3
1385,175607.05,96203.0,23782.31,12490.601,211.9,110.4
1386,191206.4,98033.0,31866.6,18983.291,239.61,110.5
1387,189484.95,87224.0,31736.85,18692.65,197.23,110.5
1388,262143.0,102321.0,93959.76,28832.18,723.72,110.6
1389,202779.36,93422.0,43051.05,34965.03,383.05,110.6
1390,154893.77,78873.0,48990.14,14033.76,458.03,110.7
1391,262143.0,105872.0,52988.17,35359.47,414.02,110.7
1392,115328.64,58716.0,66122.33,7835.17,611.25,110.7
1393,158668.16,88290.0,30536.23,26123.0,345.56,110.7
1394,174344.8,93848.0,35824.84,15943.68,187.45,110.8
1395,172371.36,84421.0,49410.53,20599.11,350.45,110.8
1396,210834.4,97733.0,48173.582,15999.04,423.8,110.8
1397,52833.76,15917.0,105974.61,397.9,542.79,110.8
1398,221947.05,103605.0,62849.17,10523.59,444.99,110.8
1399,60447.52,42680.0,18831.05,454.99,852.49,110.8
1400,213905.44,102993.0,59482.59,23443.23,471.07,110.9
1401,243656.0,98812.0,41590.93,10319.45,531.38,110.9
1402,155774.08,95117.0,22375.82,7835.17,110.84,110.9
1403,211237.6,107140.0,40589.26,24469.121,378.16,110.9
1404,242273.92,113209.0,45879.6,18862.19,270.58,110.9
1405,152801.6,90441.0,28612.47,3992.84,161.37,110.9
1406,208236.0,97097.0,37781.47,17616.59,246.13,111.0
1407,60992.96,11440.0,118152.08,57.09,674.82,111.0
1408,228762.23,111065.0,32390.791,16727.371,321.11,111.1
1409,97771.52,52767.0,36117.21,21633.65,464.55,111.3
1410,184744.0,103107.0,32729.871,16473.06,105.95,111.3
1411,175458.08,97914.0,29624.52,16422.89,200.49,111.5
1412,189473.77,100655.0,28133.26,8878.36,220.05,111.5
1413,155533.28,89348.0,28264.74,8731.311,218.42,111.6
1414,208379.36,100741.0,59685.0,9418.12,405.87,111.7
1415,182809.77,85456.0,41475.02,21500.44,329.26,111.7
1416,192093.44,98656.0,28830.451,13575.311,298.29,111.7
1417,123328.8,63769.0,26520.9,23645.64,151.59,111.7
1418,205864.95,98068.0,33420.14,12750.101,283.62,111.8
1419,166971.84,93616.0,29768.11,10779.63,153.22,111.8
1420,169609.44,95360.0,28782.01,6587.84,226.56999,111.8
1421,208083.69,103886.0,41094.42,20574.89,340.67,111.8
1422,99229.76,62558.0,30371.88,7724.45,146.7,111.9
1423,262143.0,102027.0,64067.09,25654.17,427.06,111.9
1424,180476.8,83575.0,46971.23,22126.701,352.08,111.9
1425,226736.16,105337.0,51227.03,15127.12,394.46,111.9
1426,222286.4,102668.0,50865.46,21176.93,322.74,112.0
1427,170937.77,91305.0,34420.082,13654.891,237.98,112.0
1428,63098.56,11662.0,118984.21,292.37,886.72,112.0
1429,117063.52,74148.0,24777.06,10636.04,177.67,112.0
1430,121471.84,73903.0,31247.26,11369.561,161.37,112.0
1431,195750.23,105916.0,35906.152,16099.38,185.81999,112.1
1432,149392.33,77015.0,43609.84,31210.93,418.91,112.2
1433,160196.95,94236.0,31790.48,15429.87,182.56,112.2
1434,262143.0,99607.0,81000.33,48247.97,656.89,112.2
1435,231938.56,107682.0,65715.78,28275.121,550.94,112.2
1436,178001.6,98423.0,28669.56,14813.99,249.39,112.3
1437,262143.0,102207.0,50318.78,44639.19,544.42,112.4
1438,158447.52,85413.0,25929.24,10371.351,236.35,112.5
1439,130976.164,72766.0,18047.36,8127.54,120.62,112.6
1440,169977.92,89136.0,35003.09,12026.96,303.18,112.6
1441,155444.8,81230.0,41599.582,24045.27,399.35,112.6
1442,262143.0,103588.0,62520.47,31956.56,552.57,112.6
1443,211599.36,96834.0,40353.98,28290.69,515.08,112.7
1444,225202.88,112472.0,34613.84,20673.5,207.01,112.7
1445,193118.23,98257.0,40137.73,39089.35,376.53,112.7
1446,183118.88,93531.0,27904.9,13464.59,143.44,112.7
1447,248865.12,107829.0,63041.2,27709.41,474.33,112.8
1448,177918.72,88469.0,27327.08,16289.681,187.45,112.8
1449,262143.0,105313.0,91143.32,55989.72,629.18,112.8
1450,195055.84,95540.0,33260.98,18099.26,163.0,112.8
1451,223009.92,102732.0,47344.91,28128.07,430.32,112.8
1452,166708.64,92945.0,23112.8,10786.55,275.47,113.2
1453,25055.52,24073.0,1584.68,550.14,13.04,113.7
1454,20979.84,10957.0,32911.52,93.42,163.0,113.8
1455,189881.44,100343.0,32267.96,19929.6,224.94,113.8
1456,192802.4,104220.0,31250.72,11054.7,265.69,113.9
1457,192936.8,101395.0,33169.29,13808.86,224.94,114.1
1458,192451.84,101494.0,43724.02,29631.44,474.33,114.3
1459,170341.92,91749.0,30508.55,12995.76,208.64,114.5
1460,190103.2,104223.0,30576.02,16817.33,391.2,114.6
1461,163376.64,92968.0,19597.44,11217.32,120.62,114.6
1462,188056.95,95293.0,22567.85,13172.22,268.95,114.7
1463,167438.88,91789.0,28648.8,8028.93,171.15,114.8
1464,158822.72,92192.0,19647.61,16668.55,224.94,114.9
1465,190777.44,101162.0,28031.19,18154.621,233.09,114.9
1466,146810.72,83615.0,24354.94,6343.91,319.48,115.0
1467,13861.12,11089.0,7004.77,12.110001,13.04,115.0
1468,219040.64,110209.0,32586.281,17365.74,159.74,115.0
1469,184878.4,97450.0,34932.16,15639.2,272.21,115.0
1470,7138.88,5224.0,2364.91,-27.68,94.54,115.1
1471,193025.28,91813.0,43457.6,16580.32,293.4,115.1
1472,30845.92,17901.0,10883.43,24.220001,42.38,115.2
1473,197328.33,101790.0,46431.47,19630.31,291.77,115.2
1474,134980.16,80425.0,13573.58,12485.41,257.54,115.2
1475,154387.52,90599.0,26929.18,10393.84,218.42,115.3
1476,235558.4,108684.0,37198.46,23849.78,319.48,115.3
1477,228447.52,106852.0,58975.7,21860.28,365.12,115.3
1478,192547.05,102996.0,19099.201,21090.43,233.09,115.4
1479,208508.16,104003.0,47879.48,25950.0,301.55,115.5
1480,195267.52,93005.0,33596.6,24783.98,322.74,115.5
1481,185600.8,96113.0,60838.91,7269.46,425.43,115.5
1482,174132.0,99228.0,36092.992,14229.25,247.76,115.5
1483,254832.48,114700.0,30269.81,22062.69,303.18,115.6
1484,199504.48,85300.0,74063.03,16210.101,493.88998,115.6
1485,177736.16,104261.0,27306.32,19237.6,314.59,115.7
1486,187300.95,90932.0,42298.5,21410.48,326.0,115.7
1487,262143.0,102401.0,59844.16,20183.91,352.08,115.8
1488,171750.88,94436.0,32785.23,15519.83,176.04,115.9
1489,210758.23,103589.0,27420.5,22009.06,254.28,115.9
1490,225396.64,106970.0,29899.59,20965.871,195.6,115.9
1491,203630.56,97101.0,48061.13,6157.07,355.34,115.9
1492,262143.0,104849.0,94238.29,52124.902,1100.25,116.0
1493,129795.68,78888.0,23434.58,13108.21,185.81999,116.0
1494,19643.68,13987.0,5051.6,-8.65,-27.71,116.0
1495,180801.6,89655.0,32909.79,6752.19,198.86,116.3
1496,142159.36,81553.0,36966.64,12082.32,172.78,116.5
1497,168051.52,93366.0,33700.4,15123.66,317.85,116.7
1498,169041.6,93004.0,29655.66,7072.24,193.97,116.8
1499,191853.77,101743.0,30588.13,16242.97,242.87,116.9
1500,175964.33,97800.0,21010.85,13853.84,91.28,116.9
1501,191022.72,102476.0,20405.35,18907.17,228.2,117.0
1502,175548.8,95662.0,25254.541,8471.811,264.06,117.0
1503,164333.12,96105.0,38340.26,16879.61,211.9,117.0
1504,244071.52,108588.0,48869.04,33222.92,308.07,117.1
1505,200071.2,102989.0,35113.81,17915.88,37.49,117.1
1506,206708.33,99865.0,42978.39,20036.86,304.81,117.2
1507,145828.48,84776.0,16023.26,15101.17,171.15,117.2
1508,202871.2,98232.0,41872.92,15895.24,277.1,117.3
1509,194504.8,88597.0,56283.82,24410.3,277.1,117.3
1510,128576.0,72044.0,29148.77,6887.13,366.75,117.4
1511,170689.12,84153.0,26846.14,10392.11,161.37,117.4
1512,169565.77,96585.0,16997.25,15047.54,118.99,117.5
1513,185650.08,95482.0,56318.42,31764.531,347.19,117.6
1514,175257.6,96049.0,36629.29,14694.62,197.23,117.7
1515,223814.08,104513.0,62485.87,25065.97,345.56,117.7
1516,163922.08,91116.0,29301.01,16063.05,249.39,117.7
1517,239648.64,104609.0,78865.51,11847.04,599.84,117.8
1518,127414.56,79086.0,49121.62,11276.14,383.05,117.9
1519,216077.12,109777.0,49033.39,16213.561,365.12,117.9
1520,194700.8,99439.0,37177.7,14115.07,286.88,117.9
1521,169449.28,85127.0,42744.84,17101.05,534.64,118.0
1522,139979.84,79462.0,42969.742,8824.73,397.72,118.1
1523,176084.16,97717.0,37174.242,5491.02,288.51,118.1
1524,190547.84,104468.0,32088.041,13801.94,319.48,118.1
1525,169610.56,87300.0,36743.47,16338.12,257.54,118.1
1526,197505.28,104905.0,28743.951,16312.17,311.33,118.1
1527,163595.05,85277.0,50644.02,17566.42,374.9,118.2
1528,243228.16,106738.0,33425.332,16727.371,205.38,118.2
1529,192592.95,91859.0,36009.95,10113.58,319.48,118.2
1530,190784.16,103365.0,25268.38,18165.0,220.05,118.3
1531,207103.69,85018.0,55124.72,11698.26,591.69,118.3
1532,199787.84,102638.0,41443.88,9712.22,242.87,118.3
1533,188114.08,104223.0,19670.1,15907.351,229.83,118.3
1534,169720.33,82322.0,43694.61,22910.39,453.13998,118.3
1535,213463.05,100702.0,46336.32,15839.88,417.28,118.3
1536,226593.92,102539.0,39817.68,12815.84,314.59,118.4
1537,165445.28,90116.0,35049.8,10168.94,428.69,118.4
1538,178148.33,91076.0,33006.67,39589.32,309.7,118.4
1539,173510.4,101717.0,26055.531,15661.69,340.67,118.5
1540,227093.44,99596.0,46514.51,21652.68,301.55,118.5
1541,215168.8,105344.0,40433.56,18514.46,264.06,118.5
1542,209969.77,92033.0,66125.79,21050.64,412.38998,118.6
1543,153630.4,83689.0,37667.29,16909.02,343.93,118.6
1544,185735.2,92308.0,51360.242,16089.0,314.59,118.6
1545,168794.08,97987.0,36674.27,16594.16,221.68,118.6
1546,197270.08,88320.0,42372.89,7947.62,330.88998,118.6
1547,171467.52,94827.0,21311.871,10623.93,151.59,118.6
1548,248713.92,108828.0,39281.38,32229.9,407.5,118.6
1549,262143.0,107161.0,75082.0,38155.152,581.91,118.7
1550,192612.0,92070.0,27918.74,8086.02,189.08,118.8
1551,200185.44,96216.0,41032.14,31484.27,350.45,118.8
1552,177969.12,94389.0,32792.15,11608.3,285.25,118.8
1553,222036.64,107298.0,38132.66,16334.66,190.71,118.9
1554,219464.0,96533.0,52875.72,22099.02,565.61,118.9
1555,197761.77,97217.0,58425.562,27256.15,458.03,118.9
1556,249253.77,111940.0,54602.26,41495.78,381.42,119.0
1557,262143.0,104375.0,121792.0,29833.85,772.62,119.0
1558,184503.2,90513.0,56366.86,22758.15,368.38,119.1
1559,262143.0,98415.0,111289.17,53145.6,754.69,119.1
1560,176122.23,88533.0,52073.0,24754.57,295.03,119.1
1561,178718.4,91877.0,35048.07,11483.74,317.85,119.1
1562,175866.88,85197.0,39720.8,15739.54,247.76,119.2
1563,174306.72,102273.0,31569.041,9909.44,251.02,119.3
1564,177546.88,95852.0,28055.41,15101.17,267.32,119.3
1565,94204.32,55665.0,41063.28,371.95,371.63998,119.4
1566,197874.88,99189.0,36016.87,16587.24,229.83,119.5
1567,177377.77,95618.0,34110.41,21867.201,246.13,119.5
1568,61317.76,37917.0,27814.94,140.13,281.99,119.5
1569,179917.92,95737.0,30039.72,11798.601,205.38,119.6
1570,160218.23,90505.0,20453.791,15523.29,224.94,119.6
1571,143558.23,85189.0,31150.38,15352.0205,236.35,119.6
1572,148531.05,80927.0,26842.68,17358.82,202.12,119.7
1573,192956.95,97749.0,31454.86,13999.16,332.52,119.7
1574,97126.4,65949.0,36118.94,20756.541,272.21,119.8
1575,180647.05,81736.0,47689.18,11591.0,435.21,119.8
1576,116329.92,70494.0,32634.72,12791.62,141.81,119.8
1577,251168.97,117590.0,46000.7,8445.86,311.33,119.8
1578,192998.4,99123.0,42170.48,24149.07,355.34,119.8
1579,152902.4,93646.0,38656.85,25418.89,371.63998,119.9
1580,182091.84,97861.0,41305.48,6871.56,379.79,119.9
1581,176329.44,88135.0,43298.44,15511.18,278.73,119.9
1582,232606.08,99604.0,75976.414,28743.951,572.13,120.0
1583,213388.0,109552.0,40206.93,11113.5205,365.12,120.0
1584,165623.36,95444.0,32082.85,12193.04,312.96,120.0
1585,197066.23,104040.0,23929.36,15872.75,180.93,120.0
1586,97969.76,64100.0,20649.28,13497.46,135.29,120.0
1587,262143.0,111169.0,64558.41,31603.64,433.58,120.0
1588,185659.05,91185.0,61299.09,30902.99,586.8,120.0
1589,193991.84,100504.0,26353.09,16960.92,94.54,120.0
1590,262143.0,99819.0,49486.652,39039.18,438.47,120.1
1591,183691.2,92924.0,23739.06,12281.2705,220.05,120.1
1592,155761.77,90572.0,20616.41,16343.311,283.62,120.2
1593,262143.0,95546.0,48336.2,25892.91,414.02,120.2
1594,124219.2,75819.0,25410.24,12272.62,278.73,120.2
1595,226900.8,106317.0,42942.06,25337.58,332.52,120.3
1596,155881.6,92022.0,17976.43,12613.43,187.45,120.3
1597,179887.69,96641.0,47412.38,13775.99,436.84,120.3
1598,180428.64,94589.0,27775.15,8200.2,223.31,120.4
1599,194990.88,97228.0,44729.152,14801.88,319.48,120.4
1600,120701.28,53536.0,46739.41,273.34,542.79,120.4
1601,262143.0,110861.0,46329.402,31466.97,428.69,120.4
1602,89428.64,48525.0,47559.43,347.73,611.25,120.4
1603,195571.05,98650.0,33648.5,14403.98,244.5,120.4
1604,197135.69,101135.0,47903.7,33975.47,236.35,120.4
1605,253948.8,100069.0,33982.39,20073.19,309.7,120.5
1606,170219.84,91291.0,24562.541,20756.541,166.26,120.5
1607,138697.44,82774.0,21976.19,8229.61,224.94,120.6
1608,164312.95,96787.0,21931.21,12381.61,210.27,120.6
1609,176293.6,90962.0,56401.46,15755.11,391.2,120.6
1610,221282.88,110112.0,42549.35,18229.01,383.05,120.6
1611,183495.2,96615.0,29079.57,6826.58,264.06,120.6
1612,167133.12,97169.0,38001.18,11815.9,146.7,120.6
1613,205658.88,94780.0,43253.46,37665.56,236.35,120.6
1614,261976.97,100385.0,67589.37,33107.01,562.35,120.6
1615,219380.0,99375.0,56297.66,14334.78,440.1,120.7
1616,262143.0,109472.0,95587.69,97779.6,917.69,120.7
1617,190743.84,100432.0,38762.38,7944.16,311.33,120.7
1618,262143.0,105936.0,52406.89,20334.42,537.9,120.7
1619,262143.0,103461.0,91840.51,37632.69,859.01,120.7
1620,196291.2,103255.0,30249.05,4010.1401,189.08,120.7
1621,225028.16,110232.0,51630.12,6248.7603,303.18,120.8
1622,149567.05,77960.0,33243.68,19791.201,290.13998,120.8
1623,51847.04,26013.0,28852.94,192.03,348.82,120.8
1624,190066.23,100764.0,39898.992,21605.97,241.24,120.9
1625,262143.0,104575.0,70703.37,56460.28,529.75,120.9
1626,217610.4,106553.0,40601.37,14865.891,409.13,120.9
1627,190275.69,70892.0,93330.04,60942.71,800.33,120.9
1628,208227.05,101406.0,38317.77,14433.391,288.51,120.9
1629,158877.6,80544.0,30057.02,6691.64,195.6,120.9
1630,222606.72,104789.0,48910.56,21192.5,272.21,120.9
1631,262143.0,114285.0,75947.0,22410.42,428.69,120.9
1632,196930.72,97255.0,32536.111,6778.14,177.67,120.9
1633,235847.36,102139.0,56744.0,32316.4,489.0,121.0
1634,175278.88,101960.0,43230.97,11719.0205,299.92,121.0
1635,204964.48,102069.0,31716.09,13845.19,130.4,121.0
1636,210708.95,101618.0,34644.98,21784.16,311.33,121.0
1637,182408.8,99046.0,40923.152,4344.0303,290.13998,121.0
1638,213517.92,114161.0,65598.14,24638.66,412.38998,121.0
1639,40699.68,15254.0,63217.66,418.66,407.5,121.1
1640,121863.84,71673.0,22318.73,17938.371,192.34,121.1
1641,210674.23,101061.0,38248.57,18832.78,211.9,121.1
1642,192348.8,105620.0,32885.57,20265.22,208.64,121.2
1643,143039.69,87801.0,22258.18,2581.16,226.56999,121.2
1644,75584.32,43849.0,41544.22,5304.18,590.06,121.2
1645,50811.04,14524.0,86091.72,114.18,466.18,121.2
1646,212446.08,104653.0,57532.88,12677.44,417.28,121.3
1647,169065.12,99020.0,32326.781,12113.46,273.84,121.3
1648,173687.36,88211.0,35207.23,15995.58,449.88,121.4
1649,262143.0,98486.0,104585.42,113334.03,1170.34,121.4
1650,202363.84,106731.0,34414.89,22998.621,299.92,121.4
1651,175314.72,94785.0,34719.37,12250.13,213.53,121.5
1652,125387.36,80750.0,24950.06,13085.72,190.71,121.5
1653,262143.0,123132.0,122079.18,51631.85,1023.64,121.6
1654,202155.52,98224.0,33849.18,21253.05,195.6,121.6
1655,165693.92,90431.0,29096.871,7959.73,213.53,121.6
1656,142882.88,28759.0,55899.76,212.79001,730.24,121.6
1657,170548.0,86049.0,35440.78,11826.28,236.35,121.6
1658,166414.08,88557.0,43258.652,15557.891,251.02,121.6
1659,191857.12,99840.0,34518.69,10937.061,295.03,121.9
1660,168731.36,94773.0,31721.281,7426.89,216.79,122.1
1661,201205.77,98833.0,41148.05,25479.44,319.48,122.2
1662,165970.56,94317.0,27726.71,17751.53,311.33,122.2
1663,224913.92,102941.0,40744.96,12127.3,339.04,122.3
1664,187818.4,99616.0,36506.46,14666.94,286.88,122.4
1665,180857.6,90036.0,38470.01,22216.66,327.63,122.6
1666,183767.36,93306.0,25941.35,17588.91,293.4,122.7
1667,149335.2,88389.0,36219.28,10104.93,268.95,122.8
1668,157799.05,79515.0,27768.23,18244.58,280.36,122.9
1669,217208.33,103270.0,40895.47,23886.11,228.2,123.0
1670,238381.92,108781.0,35847.332,27558.9,272.21,123.2
1671,132535.2,84545.0,18014.49,15883.13,237.98,123.2
1672,124144.164,80878.0,16168.58,11814.17,130.4,123.3
1673,137416.16,68108.0,33939.14,9196.68,384.68,123.3
1674,226392.33,96845.0,37470.07,25351.42,291.77,123.5
1675,198159.36,102697.0,32537.84,15789.71,197.23,123.6
1676,153018.88,94310.0,25970.76,15561.351,205.38,123.7
1677,133855.69,79402.0,25415.43,20059.35,326.0,123.7
1678,181475.84,91744.0,31169.41,15696.29,358.6,123.8
1679,186883.2,101041.0,31176.33,12914.45,285.25,123.9
1680,181606.88,98280.0,46066.44,12267.43,172.78,123.9
1681,168538.72,97452.0,26894.58,18429.69,161.37,124.0
1682,175089.6,86746.0,42587.41,6729.7,383.05,124.1
1683,184236.64,100877.0,36141.43,7312.71,257.54,124.1
1684,195726.72,94448.0,53062.562,16362.34,441.73,124.2
1685,158051.05,99529.0,21003.93,7497.8203,21.19,124.3
1686,191332.95,102636.0,36807.48,16056.13,303.18,124.3
1687,164950.23,82926.0,34755.7,14684.24,208.64,124.4
1688,177718.23,99346.0,28416.98,12481.95,149.96,124.5
1689,200039.84,105067.0,39919.75,16113.22,329.26,124.6
1690,187177.77,96845.0,30262.89,18094.07,332.52,124.7
1691,238294.56,103550.0,42815.77,19754.871,353.71,124.7
1692,10962.56,7429.0,13314.08,77.85,130.4,124.7
1693,11969.44,5383.0,18760.121,53.63,158.11,124.8
1694,165289.6,98836.0,31005.06,17102.78,223.31,124.8
1695,257656.0,114225.0,48566.29,6714.13,304.81,124.9
1696,216164.48,110245.0,28299.34,19410.6,182.56,124.9
1697,239485.12,91028.0,46535.27,15294.93,317.85,125.0
1698,129292.8,76304.0,15459.28,9233.01,172.78,125.0
1699,197737.12,93102.0,33292.12,18813.75,241.24,125.1
1700,214490.08,103364.0,39725.992,21244.4,350.45,125.1
1701,181264.16,97004.0,26240.64,10137.8,179.3,125.1
1702,262143.0,112563.0,55335.78,24420.68,443.36,125.2
1703,169206.23,91173.0,29726.59,17872.63,299.92,125.2
1704,187976.33,99725.0,27522.57,13563.2,171.15,125.2
1705,168511.84,95890.0,28846.02,3288.73,293.4,125.3
1706,262143.0,100356.0,56870.29,49957.21,590.06,125.3
1707,222747.84,100617.0,53699.2,74732.54,451.51,125.4
1708,180233.77,98493.0,19760.06,15839.88,210.27,125.4
1709,192372.33,95194.0,38950.95,9501.16,215.16,125.4
1710,150035.2,80436.0,34529.07,16275.84,252.65,125.5
1711,157130.4,76067.0,49628.51,9283.18,363.49,125.5
1712,159244.95,87536.0,19741.03,18007.57,293.4,125.5
1713,218148.0,110292.0,31114.05,17199.66,348.82,125.6
1714,194436.48,99668.0,27425.69,9104.99,143.44,125.6
1715,169537.77,90476.0,36096.45,4586.23,441.73,125.6
1716,219441.6,101259.0,50464.1,15438.5205,317.85,125.7
1717,143268.16,74633.0,36542.79,5555.0303,262.43,125.7
1718,199775.52,104843.0,18853.541,18706.49,267.32,125.7
1719,179607.69,95732.0,41281.26,14608.12,291.77,125.8
1720,113855.84,64085.0,46505.86,13886.71,360.23,125.8
1721,174366.08,88287.0,55254.47,10054.76,312.96,125.8
1722,225632.97,93773.0,29823.47,13907.47,252.65,125.8
1723,215530.56,102220.0,51510.75,7740.02,264.06,125.8
1724,200066.72,102613.0,34940.81,20900.13,311.33,125.8
1725,223808.48,108948.0,42096.09,13192.98,444.99,125.9
1726,138656.0,79110.0,24621.36,16405.59,285.25,125.9
1727,184590.56,96475.0,23361.92,16139.17,71.72,125.9
1728,262143.0,91986.0,79958.87,41846.97,728.61,125.9
1729,262143.0,88395.0,71589.13,22810.05,498.78,126.0
1730,189902.72,98401.0,30646.951,14640.99,286.88,126.0
1731,177907.52,94263.0,40244.992,15294.93,272.21,126.0
1732,262143.0,101368.0,61596.652,29980.9,534.64,126.0
1733,169681.12,98312.0,30017.23,11599.65,161.37,126.1
1734,185922.23,95821.0,39577.21,13731.01,374.9,126.1
1735,191831.36,94689.0,29491.31,7473.6,211.9,126.2
1736,173108.33,95524.0,26287.35,8132.73,149.96,126.2
1737,132836.48,77160.0,22675.11,14874.54,167.89,126.2
1738,262143.0,103819.0,70755.27,25034.83,572.13,126.2
1739,131479.05,78081.0,22583.42,21272.08,348.82,126.2
1740,229153.12,106756.0,29749.08,35189.93,431.95,126.2
1741,175159.05,91102.0,25770.08,28157.48,317.85,126.3
1742,210490.56,96072.0,51640.5,25559.02,453.13998,126.3
1743,198684.64,102000.0,26458.621,15345.101,221.68,126.3
1744,197202.88,106445.0,20673.5,16914.21,270.58,126.4
1745,245498.4,105841.0,44033.69,11149.851,335.78,126.4
1746,262143.0,104360.0,72092.56,20626.791,630.81,126.4
1747,166672.8,99133.0,25695.69,7554.91,221.68,126.4
1748,183634.08,103585.0,28955.01,15530.21,370.01,126.5
1749,174647.2,88154.0,37406.06,12912.72,440.1,126.6
1750,223459.05,85472.0,76931.37,14447.23,573.76,126.6
1751,186121.6,95653.0,45358.87,11824.55,368.38,126.6
1752,209292.16,102320.0,49356.902,17734.23,370.01,126.6
1753,172991.84,93410.0,39895.53,13082.26,290.13998,126.7
1754,201709.77,102292.0,49413.992,14369.38,358.6,126.7
1755,209702.08,97440.0,29114.17,11648.09,179.3,126.7
1756,231299.05,103094.0,68115.29,40807.242,410.76,126.7
1757,208984.16,106789.0,47230.73,18692.65,257.54,126.8
1758,227233.44,90820.0,38381.78,9864.46,311.33,126.9
1759,257336.8,106168.0,53621.35,17168.52,492.26,127.0
1760,218972.33,102913.0,36695.03,16834.63,329.26,127.0
1761,225270.08,92541.0,41701.652,17429.75,446.62,127.0
1762,228071.2,100914.0,59008.57,11828.01,511.82,127.0
1763,262143.0,105883.0,82770.12,26475.92,547.68,127.1
1764,254039.52,110772.0,58797.51,23796.15,394.46,127.1
1765,27881.28,9872.0,40992.35,77.85,361.86,127.2
1766,262143.0,100192.0,66719.18,30522.39,508.56,127.2
1767,188432.16,98727.0,32060.361,11938.73,296.66,127.3
1768,208085.92,96393.0,40362.63,17863.98,335.78,127.3
1769,218976.8,104287.0,42122.04,21384.53,242.87,127.3
1770,59365.6,36137.0,32814.64,148.78,330.88998,127.4
1771,255118.08,113586.0,64259.12,26038.23,601.47,127.4
1772,225021.44,110348.0,31043.121,21498.71,299.92,127.4
1773,167913.77,91240.0,30363.23,14627.15,290.13998,127.5
1774,175092.95,92489.0,41746.63,8241.72,236.35,127.5
1775,232813.28,107645.0,53514.09,27577.93,475.96,127.5
1776,173345.77,91936.0,22709.71,21472.76,291.77,127.6
1777,176016.95,101716.0,22330.84,12137.68,92.909996,127.6
1778,247419.2,116105.0,59063.93,15564.811,391.2,127.7
1779,261598.4,115244.0,66312.63,17478.19,461.29,127.8
1780,86955.68,41426.0,74059.57,2902.94,642.22,127.8
1781,43933.12,31997.0,25245.89,373.68,407.5,127.8
1782,163886.23,94057.0,30896.07,18158.08,334.15,127.8
1783,162902.88,91548.0,26823.65,8902.58,195.6,127.9
1784,194908.0,95132.0,27008.76,18549.06,329.26,127.9
1785,172845.12,91457.0,45217.01,30037.99,418.91,127.9
1786,141072.95,88144.0,28660.91,18116.56,446.62,127.9
1787,21744.8,8708.0,62530.85,69.2,257.54,128.0
1788,164997.28,89341.0,39283.11,3804.27,355.34,128.0
1789,259561.12,100910.0,82391.25,17725.58,510.19,128.1
1790,207193.28,99632.0,40663.652,25588.43,397.72,128.2
1791,238561.12,111369.0,52484.742,58745.61,505.3,128.3
1792,169656.48,95356.0,24529.67,12597.86,180.93,128.4
1793,208353.6,101204.0,33413.22,15286.28,295.03,128.4
1794,125916.0,72514.0,31025.82,7425.16,277.1,128.4
1795,186992.95,96400.0,34766.082,16012.88,326.0,128.6
1796,193374.72,99709.0,27697.3,12850.44,135.29,128.6
1797,200704.0,99137.0,44189.39,29493.041,272.21,128.8
1798,45759.84,33677.0,20045.51,134.94,151.59,128.8
1799,192477.6,97331.0,40819.35,14424.74,241.24,128.9
1800,176985.77,94165.0,35513.44,14083.93,195.6,128.9
1801,157403.69,91650.0,26033.041,8878.36,192.34,129.1
1802,135237.77,77317.0,34579.242,5048.14,195.6,129.2
1803,162197.28,90373.0,29645.281,18829.32,242.87,129.3
1804,192269.28,98609.0,54552.09,18052.55,317.85,129.4
1805,5101.6,5316.0,622.8,332.16,-74.98,129.4
1806,127842.4,74644.0,23043.6,7371.5303,174.41,129.4
1807,200509.12,98469.0,28679.94,11357.45,251.02,129.5
1808,179620.0,91665.0,32390.791,17213.5,236.35,129.6
1809,155137.92,92865.0,19711.621,14613.311,135.29,129.6
1810,175664.16,100305.0,19438.28,14791.5,109.21,129.7
1811,239355.2,108670.0,39926.67,10919.76,402.61,129.7
1812,192299.52,95029.0,27577.93,19829.26,306.44,129.8
1813,198888.48,102565.0,36605.07,7970.11,176.04,129.8
1814,196341.6,93725.0,47100.98,17286.16,418.91,129.8
1815,146991.05,79652.0,34089.65,42082.25,363.49,129.8
1816,176683.36,99685.0,19554.19,5506.59,156.48,129.8
1817,191012.64,102364.0,31847.57,28505.21,316.22,129.9
1818,59121.44,38344.0,25325.47,178.19,229.83,129.9
1819,187690.72,98966.0,41520.0,14639.26,202.12,129.9
1820,176971.2,88209.0,34527.34,22469.24,221.68,129.9
1821,188997.77,103348.0,24066.03,15135.7705,172.78,130.0
1822,226440.48,104669.0,47734.16,13739.66,407.5,130.0
1823,125352.64,76965.0,23117.99,11822.82,163.0,130.1
1824,195520.64,91050.0,37333.402,23813.451,326.0,130.1
1825,194149.77,97814.0,38013.29,10924.95,301.55,130.1
1826,208775.84,106885.0,41374.68,15071.76,247.76,130.2
1827,121223.2,74366.0,17149.49,19863.86,195.6,130.2
1828,209857.77,102610.0,24652.5,26254.48,184.19,130.2
1829,185703.84,101200.0,36456.29,15303.58,306.44,130.3
1830,262143.0,104313.0,81370.555,46066.44,681.34,130.3
1831,174307.84,98333.0,27664.43,8935.45,244.5,130.3
1832,155356.33,83561.0,24664.61,17488.57,252.65,130.4
1833,189183.69,100258.0,26981.08,6170.91,273.84,130.4
1834,177863.84,90651.0,45881.332,27742.281,459.66,130.4
1835,201168.8,98775.0,49289.43,23815.18,381.42,130.4
1836,185916.64,99422.0,38989.01,22159.57,356.97,130.5
1837,165287.36,95389.0,35075.75,7504.74,210.27,130.5
1838,215317.77,99908.0,42841.72,17953.94,257.54,130.5
1839,176368.64,98125.0,23005.541,11362.64,73.35,130.5
1840,154934.08,88203.0,22180.33,19638.96,229.83,130.5
1841,187296.48,103570.0,31006.791,10803.851,177.67,130.5
1842,210212.8,106773.0,37781.47,20377.67,365.12,130.6
1843,219533.44,106613.0,42950.71,20791.14,322.74,130.6
1844,174350.4,92192.0,29849.42,11995.82,97.8,130.6
1845,182155.69,101433.0,37284.96,18357.03,268.95,130.6
1846,262143.0,93808.0,68762.31,35203.77,484.11,130.6
1847,177643.2,91473.0,24616.17,11151.58,71.72,130.6
1848,205019.36,102482.0,41859.082,26617.781,286.88,130.6
1849,12838.56,12385.0,1906.46,1162.56,-3.26,130.7
1850,199981.6,103309.0,25809.871,19680.48,262.43,130.7
1851,262143.0,116479.0,58019.01,31273.21,552.57,130.7
1852,216340.33,101276.0,46947.01,24072.951,435.21,130.7
1853,247992.64,103638.0,80538.42,46434.93,730.24,130.9
1854,165254.88,86358.0,40151.57,11066.811,329.26,130.9
1855,149093.28,87637.0,27183.49,13962.83,193.97,130.9
1856,128732.8,69596.0,28686.86,21088.701,291.77,130.9
1857,138438.72,81596.0,26576.26,10134.34,224.94,130.9
1858,199636.64,97920.0,40110.05,17592.371,239.61,130.9
1859,214025.28,103381.0,46293.07,17628.7,373.27,131.0
1860,234702.72,104578.0,55337.51,33894.16,471.07,131.0
1861,200127.2,98949.0,35316.22,17817.27,326.0,131.0
1862,215811.69,104829.0,33478.96,17147.76,332.52,131.0
1863,160182.4,86747.0,33034.35,9215.71,249.39,131.0
1864,262143.0,106753.0,57252.62,24465.66,466.18,131.1
1865,214240.33,105483.0,35380.23,12073.67,324.37,131.1
1866,183834.56,87288.0,44480.03,16073.431,387.94,131.1
1867,262143.0,109068.0,74530.13,20457.25,394.46,131.1
1868,186048.8,96317.0,42530.32,17663.3,257.54,131.1
1869,186673.77,101846.0,28510.4,9911.17,210.27,131.2
1870,217087.36,98807.0,95902.555,20623.33,920.95,131.3
1871,262143.0,115936.0,85205.96,63205.55,859.01,131.3
1872,158370.23,30001.0,262143.0,781.96,2608.0,131.3
1873,166380.48,97228.0,20298.09,9651.67,213.53,131.3
1874,187363.69,103841.0,34183.07,9201.87,218.42,131.4
1875,226548.0,107584.0,50543.68,15490.42,301.55,131.4
1876,155588.16,86796.0,24498.53,33908.0,472.7,131.4
1877,198236.64,101641.0,20121.63,15803.55,260.8,131.5
1878,178637.77,94220.0,39386.91,19455.58,312.96,131.6
1879,214718.56,101434.0,42305.42,27884.14,301.55,131.6
1880,139713.28,78329.0,32091.5,17305.19,264.06,131.7
1881,187806.08,98347.0,22479.621,22391.39,203.75,131.7
1882,172829.44,90529.0,27373.791,16639.14,257.54,131.7
1883,262143.0,96321.0,77612.99,31844.11,533.01,131.8
1884,197629.6,92753.0,37987.34,12215.53,368.38,131.9
1885,247500.97,112066.0,30496.44,22564.39,350.45,131.9
1886,182295.69,94745.0,25726.83,23311.75,280.36,131.9
1887,159134.08,85399.0,30678.09,6003.1,200.49,132.0
1888,178763.2,101556.0,40456.05,15289.74,299.92,132.0
1889,262143.0,97983.0,88963.52,31292.24,627.55,132.1
1890,172751.05,93633.0,36795.37,12402.37,211.9,132.1
1891,134227.52,81396.0,18886.41,18139.05,241.24,132.1
1892,181647.2,91781.0,24835.88,13269.101,257.54,132.2
1893,230280.97,108946.0,83257.984,20396.701,565.61,132.2
1894,162419.05,79424.0,36170.84,13191.25,273.84,132.2
1895,238664.16,126037.0,43744.78,23837.67,423.8,132.3
1896,190688.95,75940.0,174832.08,15338.18,1294.22,132.3
1897,179281.77,96218.0,28823.531,19555.92,163.0,132.4
1898,193203.36,105995.0,23112.8,22664.73,324.37,132.4
1899,250873.28,110681.0,49140.652,7234.86,330.88998,132.4
1900,148826.72,85493.0,18671.89,13848.65,202.12,132.4
1901,162450.4,90364.0,26076.291,13189.5205,187.45,132.4
1902,186560.64,102173.0,19004.05,9592.851,228.2,132.5
1903,164699.36,90374.0,32724.68,13651.43,228.2,132.5
1904,262143.0,110197.0,55430.93,36201.98,607.99,132.6
1905,207809.28,94797.0,45144.35,12281.2705,255.91,132.6
1906,222166.56,95913.0,64771.2,28157.48,363.49,132.7
1907,193828.33,105420.0,31505.031,9651.67,211.9,132.7
1908,195015.52,102951.0,33809.39,15544.05,420.54,132.8
1909,202686.4,105408.0,26794.24,15831.23,255.91,132.8
1910,136180.8,80097.0,25692.23,15853.72,112.47,132.8
1911,214241.44,107796.0,27721.52,18742.82,244.5,132.8
1912,160957.44,88983.0,16876.15,9833.32,164.63,132.9
1913,158323.2,98142.0,26240.64,13367.71,373.27,132.9
1914,144758.88,81376.0,28389.3,16246.431,233.09,132.9
1915,193989.6,105377.0,35506.52,12900.61,285.25,133.0
1916,262143.0,108701.0,42750.03,31683.22,425.43,133.0
1917,190827.84,97696.0,23877.46,10298.69,110.84,133.1
1918,262143.0,106059.0,56723.242,24424.14,295.03,133.1
1919,186605.44,103274.0,49206.39,21088.701,288.51,133.1
1920,231706.72,104737.0,36515.11,25079.81,172.78,133.1
1921,161135.52,84285.0,29887.48,23303.1,316.22,133.2
1922,188717.77,87489.0,57401.402,11923.16,373.27,133.2
1923,13969.76,10553.0,13684.3,131.48,197.23,133.2
1924,155572.48,87838.0,25977.68,10495.91,174.41,133.2
1925,129094.56,74161.0,25481.17,8997.73,184.19,133.3
1926,262143.0,106695.0,90558.58,81458.78,780.77,133.3
1927,225436.97,106569.0,54735.47,18787.8,713.94,133.3
1928,198563.69,96512.0,44884.85,13180.87,280.36,133.3
1929,152000.8,90295.0,29986.09,22732.201,288.51,133.4
1930,221187.69,103228.0,43954.11,13350.41,430.32,133.4
1931,127002.4,81096.0,15369.32,10047.84,148.33,133.4
1932,262143.0,103278.0,58878.82,23258.121,461.29,133.4
1933,262143.0,111584.0,66265.92,40046.04,645.48,133.5
1934,143841.6,88933.0,12288.19,8807.43,74.98,133.6
1935,225643.05,81808.0,33733.27,20540.291,402.61,133.6
1936,209879.05,102553.0,39883.42,17990.27,265.69,133.6
1937,204664.33,102545.0,45035.36,23323.86,257.54,133.6
1938,215997.6,102585.0,36852.46,19094.01,462.92,133.6
1939,204963.36,97917.0,55264.85,22150.92,458.03,133.6
1940,226819.05,112474.0,72538.9,20498.77,360.23,133.7
1941,156616.33,86504.0,25645.52,13786.37,207.01,133.7
1942,262143.0,104572.0,35316.22,16409.05,356.97,133.7
1943,244291.05,105751.0,44303.57,30878.77,387.94,133.7
1944,187444.33,93156.0,38366.21,18559.44,285.25,133.7
1945,262143.0,97017.0,118193.6,33363.05,743.27997,133.7
1946,22140.16,5708.0,45732.55,77.85,277.1,133.9
1947,168896.0,94896.0,32086.31,16950.541,273.84,133.9
1948,71943.2,42013.0,44843.332,204.14,461.29,134.0
1949,15421.28,10857.0,5643.2603,3.46,30.97,134.1
1950,163535.69,92513.0,32859.62,17301.73,293.4,134.3
1951,128336.32,69532.0,44095.97,33757.492,425.43,134.3
1952,184363.2,95701.0,30956.621,4830.16,255.91,134.5
1953,168147.84,93648.0,29588.19,18658.05,317.85,134.5
1954,226045.12,109392.0,24235.57,15357.21,148.33,134.6
1955,195591.2,95679.0,49408.8,27036.44,431.95,134.6
1956,134757.28,81330.0,36179.492,10978.58,205.38,134.7
1957,212447.2,100345.0,58019.01,21429.51,423.8,134.7
1958,150867.36,56728.0,108382.77,619.34,917.69,134.8
1959,182013.44,93248.0,40668.84,15668.61,290.13998,135.1
1960,186987.36,98531.0,35461.54,13618.561,211.9,135.2
1961,26547.36,11233.0,69526.97,176.46,317.85,135.3
1962,177340.8,94096.0,29408.27,11046.05,249.39,135.3
1963,166364.8,94612.0,27752.66,15857.18,163.0,135.4
1964,16610.72,14288.0,3247.21,1939.3301,26.08,135.4
1965,179770.08,102936.0,22778.91,17912.42,172.78,135.5
1966,70347.2,49360.0,48452.11,14692.891,299.92,135.5
1967,43245.44,29972.0,50214.98,475.75,673.19,135.6
1968,178806.88,89671.0,32276.611,12343.55,312.96,135.6
1969,191019.36,102794.0,25685.31,12814.11,190.71,135.6
1970,144485.6,78963.0,40454.32,20664.85,404.24,135.7
1971,147197.12,88427.0,22502.11,13154.92,293.4,135.8
1972,177324.0,102548.0,19403.68,12955.97,291.77,135.9
1973,115923.36,65697.0,36594.69,11916.24,286.88,135.9
1974,189520.8,102928.0,34245.35,14085.66,180.93,135.9
1975,201874.4,100092.0,25963.84,17985.08,143.44,135.9
1976,171093.44,95045.0,23233.9,11736.32,179.3,136.0
1977,195939.52,104492.0,27347.84,19372.541,314.59,136.0
1978,163567.05,93144.0,34094.84,11106.601,378.16,136.1
1979,194168.8,96267.0,35371.582,10049.57,291.77,136.1
1980,193287.36,97103.0,39691.39,17981.621,330.88998,136.1
1981,180359.2,99205.0,36388.82,7710.61,311.33,136.1
1982,203982.23,103984.0,25629.951,16011.15,205.38,136.1
1983,85367.52,57384.0,16547.45,7693.31,74.98,136.2
1984,158612.16,95060.0,21007.39,11848.7705,213.53,136.2
1985,180539.52,97772.0,23053.98,14224.061,326.0,136.2
1986,197339.52,94552.0,38476.93,27872.031,239.61,136.3
1987,201623.52,100447.0,46945.28,20306.74,366.75,136.3
1988,216563.2,98678.0,51768.52,19877.701,337.41,136.3
1989,169954.4,76680.0,65982.2,30954.89,669.93,136.4
1990,223974.23,105141.0,55399.79,22337.76,392.83,136.4
1991,198252.33,86312.0,33831.88,28795.85,312.96,136.4
1992,10704.96,5596.0,4895.9,169.54001,132.03,136.4
1993,145539.52,85964.0,31998.08,8876.63,265.69,136.5
1994,225344.0,102156.0,69772.63,22709.71,458.03,136.5
1995,262143.0,110885.0,44658.22,27667.89,420.54,136.5
1996,262143.0,97900.0,75344.96,29031.13,534.64,136.5
1997,200801.44,105996.0,57913.48,7523.77,288.51,136.6
1998,175215.05,95064.0,35373.31,16370.99,164.63,136.6
1999,219780.95,108770.0,42814.04,12186.12,156.48,136.7
2000,187928.16,96611.0,29487.85,16770.621,283.62,136.7
2001,218525.44,93880.0,57885.8,27901.44,536.27,136.7
2002,183192.8,95932.0,31065.61,9847.16,169.52,136.7
2003,162347.36,94741.0,18030.06,15481.7705,141.81,136.7
2004,159952.8,79429.0,36120.67,15109.82,319.48,136.8
2005,154781.77,95145.0,25693.96,16722.18,267.32,136.8
2006,211526.56,96714.0,42279.47,12537.311,264.06,136.8
2007,262143.0,116469.0,106846.53,31657.27,889.98,136.8
2008,163877.28,93793.0,34210.75,10220.84,280.36,136.9
2009,167876.8,99099.0,29671.23,6183.02,242.87,136.9
2010,207877.6,97336.0,32325.05,25984.6,317.85,137.0
2011,236892.33,96004.0,80848.09,26856.52,604.73,137.0
2012,66801.28,26012.0,59806.1,1217.92,466.18,137.0
2013,172761.12,86924.0,35463.27,13807.13,251.02,137.0
2014,217938.56,106889.0,34451.22,17332.871,368.38,137.1
2015,262143.0,104069.0,78154.484,41464.64,588.43,137.1
2016,170889.6,89477.0,34222.86,15523.29,265.69,137.1
2017,136243.52,84989.0,15327.8,5105.23,78.24,137.2
2018,262143.0,96907.0,125966.49,36779.8,757.95,137.2
2019,262143.0,137806.0,171872.05,94461.46,1344.75,137.2
2020,176312.64,89309.0,26401.531,29159.15,211.9,137.2
2021,167241.77,23467.0,262143.0,1608.9,2138.56,137.2
2022,180595.52,87035.0,32819.832,10553.0,298.29,137.3
2023,242674.88,100583.0,85361.664,43568.32,819.89,137.4
2024,200278.4,100786.0,46135.64,12398.91,306.44,137.4
2025,197009.12,93729.0,55029.57,9540.95,347.19,137.4
2026,194350.23,95941.0,32086.31,12985.38,236.35,137.5
2027,158842.88,96315.0,23701.0,5112.15,133.66,137.5
2028,159625.77,93360.0,35177.82,15429.87,293.4,137.6
2029,126171.36,72100.0,51818.69,15459.28,381.42,137.6
2030,14275.5205,9851.0,5880.27,38.06,-19.56,137.7
2031,182733.6,97001.0,28320.1,13385.01,260.8,137.7
2032,92742.72,57149.0,26008.82,16755.05,322.74,137.8
2033,213514.56,101465.0,40089.29,11866.07,324.37,137.8
2034,34481.44,15799.0,43817.44,96.880005,211.9,137.9
2035,190298.08,87601.0,32878.65,14748.25,136.92,137.9
2036,212927.69,104101.0,47507.53,7023.8003,360.23,137.9
2037,192852.8,102724.0,21175.201,11353.99,156.48,138.0
2038,183936.48,98299.0,30344.201,17211.77,169.52,138.0
2039,175591.36,91927.0,29602.031,18407.201,163.0,138.1
2040,204750.56,108780.0,39392.1,24154.26,324.37,138.1
2041,188535.2,102605.0,35911.34,16059.59,177.67,138.2
2042,164744.16,84308.0,46189.27,12148.061,374.9,138.2
2043,262143.0,87285.0,60783.55,27422.23,469.44,138.2
2044,202293.28,104858.0,29287.17,11205.21,330.88998,138.2
2045,165363.52,95302.0,34222.86,5423.5503,133.66,138.2
2046,183262.23,101440.0,38089.41,11281.33,218.42,138.3
2047,199588.48,104345.0,21678.63,17154.68,189.08,138.4
2048,217600.33,107679.0,35560.152,17838.03,295.03,138.4
2049,221631.2,112187.0,42161.832,12886.7705,414.02,138.4
2050,210243.05,95742.0,26797.701,22832.541,234.72,138.4
2051,195791.69,89824.0,41404.09,11563.32,347.19,138.5
2052,5453.28,5509.0,800.99,612.42,9.78,138.6
2053,223805.12,98273.0,53367.04,7122.41,371.63998,138.6
2054,254731.69,111940.0,33636.39,18964.26,412.38998,138.6
2055,174732.33,101364.0,14457.61,14713.65,141.81,138.6
2056,112189.28,62807.0,39317.71,31313.0,286.88,138.6
2057,199955.84,93081.0,39392.1,18597.5,420.54,138.6
2058,161450.23,89753.0,23967.42,17626.97,327.63,138.6
2059,39169.76,33956.0,3504.98,3247.21,3.26,138.6
2060,187972.95,67889.0,89169.39,920.36,966.59,138.7
2061,159028.8,97893.0,26489.76,17230.8,270.58,138.7
2062,231642.88,104681.0,67918.07,19580.14,389.57,138.8
2063,262143.0,118824.0,93461.52,37862.78,697.64,138.8
2064,205297.12,84373.0,75287.87,11828.01,619.4,138.8
2065,262143.0,117428.0,81247.72,46429.742,738.39,138.9
2066,144286.23,89492.0,12244.94,6676.0703,221.68,139.0
2067,173673.92,87201.0,32133.02,10404.22,195.6,139.0
2068,262143.0,120624.0,84313.28,64805.8,769.36,139.1
2069,181151.05,93277.0,32449.611,16267.19,312.96,139.1
2070,197058.4,101904.0,34830.09,19242.791,363.49,139.3
2071,176682.23,92681.0,41229.36,14113.34,208.64,139.4
2072,203445.77,96012.0,41926.55,15121.93,396.09,139.6
2073,200014.08,101301.0,37812.61,18365.68,335.78,139.7
2074,57535.52,37571.0,26911.88,65.74,164.63,140.0
2075,175187.05,97785.0,15608.061,11471.63,180.93,140.2
2076,218104.33,103877.0,40111.78,17344.98,255.91,140.3
2077,199531.36,99294.0,47592.3,14938.55,281.99,140.3
2078,237807.36,110042.0,40475.082,8577.34,348.82,140.3
2079,124037.76,69373.0,55167.97,41371.22,376.53,140.4
2080,180389.44,98561.0,26174.9,14485.29,233.09,140.5
2081,142644.33,83324.0,25707.8,10994.15,246.13,140.5
2082,192666.88,95525.0,31055.23,13504.38,122.25,140.6
2083,197993.6,104474.0,25425.81,9246.851,314.59,140.6
2084,178111.36,87824.0,49282.51,23642.18,337.41,140.6
2085,195214.88,103325.0,30989.49,11568.51,210.27,140.7
2086,187891.2,102187.0,45580.31,14191.19,330.88998,140.7
2087,262143.0,111339.0,52112.79,17467.81,420.54,140.7
2088,185128.16,86812.0,48742.75,9618.8,399.35,140.7
2089,198260.16,106747.0,35240.1,22574.77,399.35,140.8
2090,238333.77,102433.0,36561.82,27520.84,327.63,140.8
2091,157981.6,93176.0,24662.88,12054.64,224.94,140.8
2092,166411.84,88577.0,47730.7,10741.57,295.03,140.8
2093,192060.95,94965.0,38563.43,9843.7,348.82,140.8
2094,252963.2,104708.0,47211.7,19073.25,497.15,140.9
2095,197228.64,102159.0,36712.332,7897.45,193.97,140.9
2096,117211.36,70148.0,26505.33,5215.95,254.28,140.9
2097,208128.48,95350.0,38800.44,13699.87,409.13,140.9
2098,209499.36,95376.0,47891.59,3802.54,396.09,140.9
2099,182561.12,98613.0,20746.16,12521.74,259.17,140.9
2100,159248.33,85433.0,25541.72,19722.0,288.51,140.9
2101,166613.44,94339.0,29946.3,17478.19,281.99,140.9
2102,138610.08,86526.0,45319.082,28832.18,379.79,141.0
2103,187509.28,93529.0,47507.53,12611.7,205.38,141.0
2104,172314.23,93540.0,27212.9,10573.76,99.43,141.0
2105,176298.08,96229.0,26261.4,17644.27,265.69,141.1
2106,249821.6,109278.0,55635.07,27941.23,536.27,141.1
2107,178330.88,82582.0,57711.07,14057.98,498.78,141.1
2108,178076.64,105648.0,29868.451,10215.65,141.81,141.1
2109,262143.0,127573.0,52569.51,29913.43,555.83,141.2
2110,150895.36,87178.0,11243.2705,14120.26,182.56,141.2
2111,184820.16,94340.0,36681.19,12682.63,345.56,141.2
2112,196752.64,101181.0,44777.59,11694.8,444.99,141.2
2113,167272.0,97092.0,31847.57,18208.25,277.1,141.2
2114,128907.52,79168.0,26728.5,8432.0205,192.34,141.2
2115,214584.16,106808.0,56121.2,23545.3,290.13998,141.3
2116,224039.2,102275.0,31252.451,17246.371,270.58,141.4
2117,180628.0,95176.0,36805.75,8641.35,229.83,141.4
2118,205829.12,101043.0,43580.43,16550.91,343.93,141.4
2119,166735.52,95006.0,32996.29,12090.97,133.66,141.4
2120,248707.2,106683.0,54425.8,26726.77,462.92,141.4
2121,165166.4,89603.0,31830.27,15326.07,280.36,141.5
2122,136963.69,78400.0,17166.791,13379.82,229.83,141.5
2123,158958.23,90070.0,23021.11,14187.73,228.2,141.6
2124,220333.12,88624.0,56835.69,24026.24,601.47,141.7
2125,208778.08,110160.0,42649.69,12302.03,233.09,141.8
2126,239807.69,105217.0,38501.152,21917.371,332.52,141.8
2127,211118.88,99947.0,45670.27,20450.33,283.62,141.8
2128,211624.0,105050.0,47893.32,27799.371,425.43,141.9
2129,194760.16,103505.0,33722.89,10627.39,207.01,141.9
2130,170051.84,83352.0,47004.1,30477.41,425.43,141.9
2131,171810.23,90916.0,26278.701,25121.33,195.6,141.9
2132,138167.69,63592.0,83020.97,12327.98,547.68,142.0
2133,262143.0,108593.0,99564.96,49882.82,821.52,142.0
2134,21991.2,8040.0,45170.3,67.47,288.51,142.2
2135,228631.2,112251.0,41528.652,21401.83,304.81,142.2
2136,156632.0,84938.0,64049.79,28911.76,573.76,142.2
2137,200459.84,100375.0,46791.31,17357.09,381.42,142.2
2138,262143.0,117880.0,64983.992,11281.33,400.98,142.2
2139,175555.52,88575.0,45820.78,16187.61,254.28,142.3
2140,197563.52,90613.0,43860.69,21220.18,352.08,142.3
2141,226586.08,104897.0,39047.832,20192.56,306.44,142.3
2142,25917.92,23137.0,95113.67,13.84,400.98,142.4
2143,262143.0,98748.0,121144.984,47448.71,1035.05,142.4
2144,28926.24,11764.0,41872.92,67.47,275.47,142.5
2145,82054.56,27400.0,167073.02,207.6,894.87,142.5
2146,50580.32,32508.0,31415.07,121.1,304.81,142.5
2147,228317.6,104587.0,53652.492,9307.4,233.09,142.7
2148,48478.082,33205.0,24740.73,100.340004,193.97,142.9
2149,217331.52,102331.0,55723.3,30012.041,342.3,143.3
2150,192392.48,100172.0,38277.98,15824.311,314.59,143.4
2151,202372.8,105773.0,26614.32,20950.3,272.21,143.5
2152,178585.12,88633.0,37086.01,16973.03,205.38,143.6
2153,230190.23,106895.0,57913.48,17054.34,490.63,143.7
2154,183170.4,99637.0,26242.371,18075.041,231.46,143.8
2155,177778.72,83217.0,30079.51,25458.68,505.3,143.8
2156,157747.52,97228.0,26937.83,14056.25,195.6,143.9
2157,184056.33,106681.0,22555.74,13933.42,229.83,144.0
2158,101786.72,65501.0,26982.81,10686.21,296.66,144.0
2159,159386.08,92956.0,26128.19,10748.49,151.59,144.0
2160,186845.12,99817.0,19585.33,10435.36,148.33,144.1
2161,194181.12,97546.0,32873.46,25434.46,205.38,144.1
2162,223371.69,102924.0,64542.84,17537.01,412.38998,144.2
2163,262143.0,107053.0,51054.03,18905.44,458.03,144.2
2164,28829.92,11717.0,81597.18,166.08,578.65,144.2
2165,174590.08,103389.0,30454.92,8996.0,241.24,144.2
2166,127221.92,71928.0,34375.1,19993.61,356.97,144.3
2167,175064.95,96144.0,25448.3,11871.26,241.24,144.4
2168,202752.48,96705.0,45346.76,18296.48,327.63,144.4
2169,177843.69,100685.0,38736.43,7893.99,151.59,144.5
2170,171494.4,101982.0,19547.27,11072.0,239.61,144.5
2171,218408.95,103654.0,57624.57,22813.51,267.32,144.5
2172,237429.92,107325.0,42092.63,21382.8,335.78,144.6
2173,164057.6,93388.0,45725.63,7741.75,353.71,144.7
2174,200085.77,98724.0,33574.11,26076.291,347.19,144.7
2175,198770.88,102813.0,25645.52,21630.19,220.05,144.8
2176,220503.36,110695.0,29475.74,14552.76,208.64,144.9
2177,262143.0,102993.0,39528.77,11025.29,308.07,144.9
2178,152910.23,85896.0,33555.082,11772.65,185.81999,144.9
2179,183195.05,96905.0,21765.13,10196.62,179.3,145.0
2180,102954.88,53137.0,42817.5,15244.76,379.79,145.1
2181,262143.0,114884.0,79519.45,34918.32,780.77,145.1
2182,191268.0,96808.0,36186.41,8951.0205,239.61,145.2
2183,134572.48,77162.0,39923.21,11559.86,290.13998,145.2
2184,229576.48,103262.0,55261.39,22517.68,387.94,145.2
2185,187070.23,97381.0,28465.42,11469.9,281.99,145.3
2186,219955.69,106004.0,56205.97,24825.5,430.32,145.3
2187,163152.64,88973.0,24486.42,11329.7705,164.63,145.4
2188,212528.95,98701.0,33169.29,12563.26,241.24,145.4
2189,191209.77,96220.0,42089.17,24815.121,229.83,145.4
2190,245873.6,113877.0,59811.29,32162.43,471.07,145.5
2191,171774.4,95840.0,25842.74,12590.94,130.4,145.5
2192,196185.92,96549.0,42391.92,16400.4,322.74,145.5
2193,173392.8,96213.0,38004.64,16102.84,322.74,145.6
2194,134871.52,84245.0,27188.68,11151.58,190.71,145.7
2195,202521.77,101248.0,33202.16,21135.41,290.13998,145.8
2196,158011.84,90412.0,28524.24,5094.85,223.31,145.8
2197,188386.23,99457.0,31792.21,8755.53,267.32,145.9
2198,108860.64,36053.0,57486.17,558.79,607.99,145.9
2199,216516.16,109880.0,43438.57,18604.42,332.52,146.0
2200,209463.52,101486.0,51910.38,22007.33,343.93,146.1
2201,209135.36,101113.0,43774.19,19824.07,286.88,146.2
2202,209436.64,103262.0,36238.31,18964.26,249.39,146.2
2203,189954.23,102498.0,23455.34,8964.86,211.9,146.3
2204,206048.64,107899.0,28067.52,19595.71,242.87,146.3
2205,84916.164,51814.0,35058.45,18289.56,229.83,146.4
2206,187244.95,98283.0,28704.16,14637.53,244.5,146.4
2207,115564.96,73909.0,20907.05,13262.18,133.66,146.4
2208,197296.95,86984.0,77891.52,19524.78,546.05,146.5
2209,173984.16,87556.0,40904.12,29275.06,345.56,146.5
2210,185797.92,95062.0,29024.21,15507.72,277.1,146.6
2211,214945.92,103634.0,40646.35,22579.96,272.21,146.6
2212,7194.88,7433.0,825.21,294.1,19.56,146.7
2213,193393.77,93324.0,54266.64,20725.4,495.52,146.7
2214,262143.0,113848.0,64335.242,32167.621,596.58,146.8
2215,223392.97,106677.0,50580.01,22870.6,198.86,146.9
2216,159187.84,86724.0,54666.27,3562.07,249.39,146.9
2217,200945.92,99308.0,42054.57,27359.951,342.3,147.0
2218,178292.8,97150.0,31179.791,23832.48,329.26,147.1
2219,92753.92,62768.0,20400.16,13717.17,224.94,147.1
2220,254979.2,118847.0,50574.82,31420.26,329.26,147.2
2221,29466.08,22999.0,6727.97,5.19,19.56,147.2
2222,185687.05,91616.0,30792.27,27161.0,257.54,147.2
2223,174492.64,100429.0,32226.44,8457.97,176.04,147.3
2224,53286.24,9968.0,203200.61,536.3,950.29,147.3
2225,182496.16,91264.0,23825.56,11917.97,278.73,147.3
2226,203907.2,95501.0,67419.83,22887.9,485.74,147.4
2227,151090.23,76053.0,45473.05,23612.77,430.32,147.4
2228,56817.6,36228.0,27417.041,134.94,179.3,147.4
2229,175637.28,84610.0,45784.45,20398.43,420.54,147.4
2230,193800.33,98437.0,36909.55,9492.51,172.78,147.4
2231,195713.28,96713.0,35807.54,11217.32,335.78,147.4
2232,201896.8,99340.0,45710.06,16694.5,286.88,147.5
2233,149149.28,87210.0,21517.74,6568.81,174.41,147.5
2234,261458.4,98815.0,71931.67,21223.64,581.91,147.5
2235,198960.16,99316.0,30633.11,16563.02,304.81,147.6
2236,245621.6,110810.0,50794.53,30359.77,347.19,147.7
2237,187658.23,92989.0,59524.11,31300.89,311.33,147.7
2238,228531.52,100093.0,43888.37,11217.32,342.3,147.7
2239,262143.0,85219.0,78436.47,46431.47,596.58,147.7
2240,166230.4,87330.0,38629.17,14957.58,244.5,147.8
2241,187158.72,91902.0,38302.2,16761.97,268.95,147.9
2242,147991.2,79956.0,40803.78,16431.541,223.31,148.0
2243,53104.8,14606.0,91072.39,377.14,444.99,148.0
2244,200863.05,102195.0,36527.22,19128.61,296.66,148.1
2245,169080.8,87132.0,46180.62,13537.25,358.6,148.1
2246,185914.4,104607.0,32465.18,12999.22,187.45,148.1
2247,202920.48,103580.0,52611.03,19305.07,299.92,148.2
2248,262143.0,108989.0,57600.35,35490.95,453.13998,148.3
2249,156645.44,76981.0,46381.3,18438.34,340.67,148.3
2250,191644.33,104703.0,33854.37,17341.52,208.64,148.3
2251,129072.164,84777.0,18585.39,7205.45,127.14,148.4
2252,164243.52,99162.0,29598.57,18616.53,130.4,148.4
2253,262143.0,111292.0,38442.332,17059.53,296.66,148.4
2254,36637.44,21253.0,12052.91,15.57,8.15,148.4
2255,262143.0,114496.0,70954.22,27055.47,627.55,148.4
2256,163223.2,87536.0,42203.35,27673.08,505.3,148.5
2257,185933.44,96004.0,29365.02,6651.85,176.04,148.6
2258,185310.72,96553.0,49512.6,39684.47,322.74,148.6
2259,6484.8,6836.0,186.84,733.52,-22.82,148.7
2260,262143.0,107570.0,48104.38,33018.78,321.11,148.7
2261,145436.48,77857.0,24142.15,13976.67,127.14,148.7
2262,45482.082,26564.0,33105.28,181.65001,343.93,148.8
2263,107019.36,71777.0,28347.781,5608.66,88.02,148.8
2264,158150.72,85261.0,34023.91,12564.99,278.73,148.9
2265,187903.52,101728.0,36665.62,11897.21,312.96,148.9
2266,178718.4,97636.0,28873.701,5155.4,255.91,148.9
2267,183823.36,89908.0,43201.56,19779.09,373.27,149.0
2268,188464.64,97246.0,32153.781,10587.601,304.81,149.1
2269,210558.88,103105.0,39378.26,16742.94,334.15,149.1
2270,193770.08,102336.0,36977.02,10224.3,303.18,149.2
2271,196056.0,98306.0,51815.23,8092.94,392.83,149.2
2272,195586.72,94469.0,68335.0,10367.89,567.24,149.4
2273,159449.92,89751.0,29039.781,30153.9,427.06,149.5
2274,262143.0,106325.0,102858.88,39691.39,674.82,149.5
2275,164625.44,96884.0,21131.951,7643.14,216.79,149.6
2276,242525.92,109833.0,55609.12,20305.01,370.01,149.6
2277,188307.84,106709.0,29742.16,15884.86,254.28,149.6
2278,173624.64,100021.0,29882.291,6212.43,143.44,149.8
2279,189965.44,103867.0,27849.541,13469.78,84.76,149.8
2280,48451.2,28734.0,26356.55,115.91,275.47,149.8
2281,231487.2,104113.0,43902.21,19898.46,363.49,149.8
2282,158813.77,95581.0,26204.31,15618.44,177.67,149.8
2283,194180.0,97169.0,48187.42,17343.25,389.57,149.9
2284,155118.88,93632.0,25126.52,9418.12,136.92,149.9
2285,245938.56,101044.0,46651.18,23429.39,244.5,149.9
2286,189423.36,97009.0,46223.87,13447.29,290.13998,150.0
2287,206500.0,98528.0,39725.992,25062.51,254.28,150.1
2288,177666.72,95216.0,29532.83,11819.36,304.81,150.1
2289,179264.95,95689.0,30247.32,17332.871,215.16,150.1
2290,175443.52,102562.0,17588.91,13940.34,192.34,150.1
2291,133862.4,76505.0,34432.19,12802.0,334.15,150.1
2292,172822.72,92919.0,30084.701,11177.53,239.61,150.1
2293,178222.23,92674.0,38380.05,22389.66,283.62,150.2
2294,199180.8,101991.0,38151.69,11558.13,220.05,150.2
2295,178226.72,90610.0,37999.45,11535.64,329.26,150.2
2296,204038.23,98220.0,48618.19,14872.811,405.87,150.3
2297,250358.08,102281.0,51183.78,19379.46,425.43,150.3
2298,201297.6,98461.0,56235.38,5406.25,394.46,150.3
2299,66166.24,33801.0,46483.37,728.33,396.09,150.4
2300,237128.64,108317.0,44992.11,22638.78,361.86,150.4
2301,262143.0,102605.0,88012.02,50581.742,559.09,150.4
2302,181524.0,88536.0,46827.64,11369.561,387.94,150.4
2303,161038.08,81440.0,57307.98,36108.56,578.65,150.4
2304,183814.4,93769.0,59710.95,15637.47,231.46,150.5
2305,172034.23,94263.0,29621.06,21474.49,268.95,150.5
2306,156751.84,80470.0,49277.32,23666.4,436.84,150.5
2307,218385.44,106825.0,54638.59,13568.391,270.58,150.5
2308,237200.33,95464.0,58676.41,22450.21,438.47,150.5
2309,194399.52,96139.0,33994.5,14805.34,190.71,150.6
2310,219611.84,100365.0,41021.76,22202.82,251.02,150.6
2311,183020.33,86117.0,22676.84,14149.67,207.01,150.6
2312,207565.12,107700.0,51088.63,7359.42,348.82,150.6
2313,198693.6,91601.0,51813.5,22830.81,451.51,150.7
2314,180514.88,96205.0,32816.37,22695.871,321.11,150.8
2315,207898.88,103107.0,26283.89,7968.38,262.43,150.8
2316,172915.69,99825.0,30541.42,9040.98,172.78,150.8
2317,176373.12,99833.0,16550.91,10501.101,192.34,150.8
2318,220428.33,101482.0,43473.17,13033.82,303.18,150.9
2319,262143.0,116629.0,104293.055,62290.38,741.65,150.9
2320,23744.0,8472.0,54543.44,212.79001,291.77,150.9
2321,194576.48,91431.0,31479.08,22434.64,254.28,150.9
2322,262143.0,109470.0,118702.22,28095.201,1201.3099,150.9
2323,163265.77,91390.0,24950.06,10380.0,156.48,150.9
2324,178937.92,94907.0,28212.84,16488.63,149.96,151.0
2325,221105.92,94664.0,41033.87,4591.42,402.61,151.0
2326,133309.12,77072.0,34888.91,43099.492,547.68,151.0
2327,201664.95,104608.0,40936.992,19114.77,374.9,151.0
2328,262143.0,109192.0,56773.41,25737.21,409.13,151.0
2329,205760.8,98639.0,44379.69,18696.11,361.86,151.0
2330,214305.28,108408.0,49109.51,17694.44,334.15,151.1
2331,216162.23,103737.0,51401.76,17793.05,298.29,151.1
2332,158452.0,88592.0,22163.03,7895.72,148.33,151.1
2333,198122.4,94481.0,31748.96,15687.641,317.85,151.1
2334,91077.28,48289.0,49398.42,313.13,508.56,151.2
2335,262143.0,104235.0,79687.26,28837.371,563.98,151.2
2336,165701.77,90979.0,28884.08,12620.351,348.82,151.2
2337,167758.08,94721.0,24396.46,11871.26,224.94,151.2
2338,210069.44,93767.0,37885.27,32074.201,422.17,151.3
2339,241280.48,108478.0,41020.03,16284.49,342.3,151.3
2340,173159.84,93031.0,29510.34,7679.47,267.32,151.3
2341,181580.0,99673.0,19907.11,17024.93,177.67,151.3
2342,148308.16,72752.0,24463.93,16279.3,259.17,151.4
2343,193074.56,99317.0,21500.44,20220.24,234.72,151.4
2344,206354.4,99035.0,39982.03,18825.86,412.38998,151.4
2345,221460.97,96841.0,56891.05,15784.5205,427.06,151.4
2346,184284.8,95421.0,36421.69,19839.64,236.35,151.5
2347,221747.69,103981.0,33188.32,23403.44,293.4,151.5
2348,239284.64,105148.0,29036.32,19318.91,249.39,151.5
2349,167838.72,99256.0,27057.201,9572.09,314.59,151.5
2350,202544.16,97468.0,44243.02,18303.4,464.55,151.5
2351,185293.92,103213.0,40502.76,14947.2,329.26,151.5
2352,137572.95,80728.0,24204.43,21829.14,343.93,151.6
2353,55081.6,39380.0,20619.871,5461.61,140.18,151.6
2354,194287.52,107801.0,26486.3,15924.65,207.01,151.6
2355,173449.92,99522.0,30709.23,13168.76,172.78,151.7
2356,184352.0,92927.0,39296.95,18270.53,272.21,151.7
2357,144151.84,84190.0,27598.69,8525.44,154.85,151.7
2358,217421.12,110455.0,34776.46,22541.9,301.55,151.7
2359,225917.44,107323.0,36563.55,14177.351,210.27,151.7
2360,113248.8,59181.0,74236.03,3677.98,668.3,151.7
2361,163270.23,85172.0,34065.43,25145.55,182.56,151.7
2362,257998.72,101353.0,57344.312,45182.41,705.79,151.8
2363,44597.28,13525.0,171593.52,669.51,1354.53,151.8
2364,144884.33,85120.0,27763.041,17106.24,224.94,151.9
2365,187485.77,98204.0,34084.46,8719.2,262.43,152.0
2366,186824.95,94160.0,34395.86,7862.85,265.69,152.0
2367,178850.56,100305.0,33236.76,11004.53,237.98,152.0
2368,208934.88,97426.0,47945.22,31624.4,303.18,152.1
2369,185784.48,94838.0,31643.43,16114.95,236.35,152.2
2370,205716.0,101161.0,30683.281,16770.621,236.35,152.2
2371,192040.8,99836.0,37252.09,11189.64,237.98,152.2
2372,161239.69,89942.0,31928.88,10366.16,205.38,152.3
2373,223968.64,108018.0,49585.26,15919.46,345.56,152.3
2374,144841.77,86446.0,23602.39,14127.18,193.97,152.3
2375,169270.08,93523.0,33807.66,13301.97,190.71,152.4
2376,144043.2,87173.0,27519.11,13153.19,220.05,152.4
2377,172546.08,89929.0,36028.98,29832.121,405.87,152.4
2378,148722.56,87502.0,26664.49,14298.45,255.91,152.4
2379,262143.0,101748.0,51815.23,26372.121,384.68,152.5
2380,55690.88,35217.0,28520.781,254.31,259.17,152.5
2381,217660.8,105420.0,41523.46,14267.311,477.59,152.6
2382,177666.72,102200.0,28873.701,11682.69,242.87,152.6
2383,216527.36,105140.0,48976.3,18253.23,387.94,152.6
2384,185505.6,105445.0,25174.96,12149.79,176.04,152.7
2385,204960.0,108408.0,33060.3,16824.25,277.1,152.7
2386,144845.12,84156.0,28657.451,14075.28,154.85,152.7
2387,158924.64,85741.0,32549.951,8445.86,215.16,152.7
2388,178576.16,96348.0,28600.36,4248.88,197.23,152.7
2389,172061.12,93825.0,44436.78,26695.63,361.86,152.7
2390,203796.33,95048.0,29359.83,16917.67,273.84,152.7
2391,75722.08,24460.0,125530.53,467.1,717.2,152.8
2392,207989.6,97146.0,50938.12,18722.06,290.13998,152.8
2393,229134.08,107826.0,48625.11,27680.0,356.97,152.9
2394,187355.84,97917.0,45841.54,20168.34,244.5,152.9
2395,262143.0,103068.0,112109.19,38982.09,578.65,152.9
2396,224346.08,99001.0,29878.83,7093.0,273.84,152.9
2397,169207.36,93404.0,38668.96,11746.7,239.61,152.9
2398,39466.56,24688.0,21900.07,83.04,140.18,152.9
2399,186858.56,97355.0,39589.32,14009.54,215.16,153.0
2400,173145.28,94604.0,31295.701,12514.82,231.46,153.0
2401,198163.84,99496.0,48666.63,11905.86,428.69,153.0
2402,236891.2,103593.0,49524.71,22054.041,435.21,153.0
2403,209143.2,100480.0,41269.152,15064.84,314.59,153.0
2404,39992.96,9116.0,30716.15,72.66,193.97,153.1
2405,261639.84,106012.0,68476.86,20453.791,469.44,153.1
2406,238254.23,113289.0,59423.77,30224.83,453.13998,153.1
2407,177702.56,86588.0,27742.281,10750.22,275.47,153.1
2408,172357.92,85813.0,27162.73,13627.21,145.06999,153.1
2409,192477.6,93356.0,37575.6,22408.69,435.21,153.1
2410,208831.84,105116.0,44516.36,9065.2,301.55,153.2
2411,247764.16,108728.0,45786.18,16595.89,350.45,153.2
2412,76614.72,41620.0,49588.72,690.27,433.58,153.2
2413,262143.0,108124.0,177181.4,58887.47,1382.24,153.2
2414,205637.6,100721.0,41037.332,20003.99,224.94,153.2
2415,206046.4,102813.0,42509.56,20576.621,249.39,153.2
2416,262143.0,121904.0,153238.22,75841.47,1227.39,153.3
2417,233355.36,94541.0,40895.47,20708.1,244.5,153.3
2418,262143.0,110001.0,145117.6,41673.97,1338.23,153.3
2419,190217.44,100325.0,42407.492,17267.13,293.4,153.3
2420,112646.24,24052.0,146954.86,809.64,1054.61,153.6
2421,194313.28,102761.0,28321.83,13739.66,223.31,153.7
2422,180552.95,93988.0,27122.94,18299.94,265.69,153.8
2423,82918.08,52497.0,26036.5,12746.641,233.09,153.9
2424,135600.64,78388.0,20626.791,14030.3,172.78,154.1
2425,166166.56,95164.0,24335.91,9163.811,312.96,154.2
2426,182268.8,103009.0,29799.25,15089.061,288.51,154.2
2427,180062.4,97352.0,26975.89,17253.291,301.55,154.3
2428,248485.44,95507.0,46626.96,18469.48,343.93,154.3
2429,139354.88,84806.0,16786.19,15187.67,216.79,154.4
2430,28859.041,19844.0,15217.08,95.15,96.17,154.4
2431,168489.44,93900.0,27510.46,22668.19,389.57,154.5
2432,188952.95,102636.0,29418.65,11847.04,224.94,154.5
2433,180474.56,91720.0,21953.701,13715.44,236.35,154.7
2434,151029.77,90478.0,14602.93,11324.58,37.49,154.8
2435,152957.28,88664.0,32311.21,13078.8,280.36,154.9
2436,159863.2,94457.0,17585.45,10980.311,138.55,154.9
2437,175277.77,98633.0,43163.5,16149.55,356.97,155.0
2438,101903.2,60832.0,47164.992,17270.59,356.97,155.1
2439,192794.56,96895.0,25102.3,16590.7,140.18,155.1
2440,262143.0,93780.0,50341.27,35070.56,418.91,155.2
2441,190163.69,100296.0,23214.871,13552.82,198.86,155.2
2442,198555.84,97856.0,44732.61,20035.13,277.1,155.2
2443,188723.36,98601.0,26481.11,15313.96,404.24,155.2
2444,175726.88,94751.0,28192.08,13182.601,299.92,155.3
2445,215153.12,104509.0,40750.152,13037.28,547.68,155.3
2446,178535.84,100765.0,20159.69,10928.41,149.96,155.3
2447,231560.0,111200.0,39935.32,17789.59,366.75,155.3
2448,106155.84,67260.0,31112.32,17374.39,239.61,155.4
2449,156161.6,86984.0,25989.791,30913.371,309.7,155.4
2450,155172.64,83348.0,37836.832,7101.65,299.92,155.4
2451,246171.52,115505.0,36944.152,10533.97,304.81,155.4
2452,183948.8,94270.0,30086.43,22043.66,215.16,155.4
2453,187456.64,97115.0,26865.17,21194.23,104.32,155.5
2454,167781.6,85018.0,37163.86,10828.07,262.43,155.5
2455,166479.05,93481.0,32503.24,18647.67,252.65,155.5
2456,194598.88,103341.0,36748.66,18171.92,185.81999,155.6
2457,176584.8,99655.0,20920.89,16424.621,79.87,155.6
2458,89019.84,53506.0,34549.832,167.81,192.34,155.6
2459,234084.48,106525.0,43888.37,23335.97,340.67,155.6
2460,262143.0,100676.0,54076.34,21965.81,309.7,155.6
2461,219984.8,107568.0,25078.08,17580.26,229.83,155.7
2462,212994.88,103893.0,48652.79,15689.37,239.61,155.7
2463,262143.0,105748.0,56282.09,43611.57,526.49,155.7
2464,49922.88,33533.0,27091.8,140.13,143.44,155.8
2465,262143.0,95086.0,48965.92,30210.99,330.88998,155.8
2466,154700.0,82498.0,33181.4,17542.2,203.75,155.8
2467,222752.33,95490.0,68298.67,31108.86,699.27,156.0
2468,262143.0,110717.0,67623.97,18718.6,374.9,156.0
2469,176694.56,84548.0,28968.85,10072.061,171.15,156.0
2470,179024.16,99157.0,32072.47,15874.48,277.1,156.1
2471,208233.77,99944.0,30335.55,12103.08,280.36,156.1
2472,255297.28,98537.0,45933.23,27231.93,438.47,156.1
2473,29911.84,6452.0,54512.3,134.94,397.72,156.3
2474,173742.23,93324.0,29852.88,15784.5205,356.97,156.7
2475,169090.88,89781.0,32767.93,15135.7705,366.75,156.8
2476,161644.0,79724.0,41973.26,15390.08,461.29,156.9
2477,188345.92,95766.0,35653.57,17203.121,223.31,157.1
2478,109850.72,59239.0,51920.76,26830.57,511.82,157.1
2479,172892.16,92116.0,29754.27,16794.84,237.98,157.2
2480,137734.23,90754.0,26489.76,13307.16,153.22,157.2
2481,156194.08,89561.0,47408.92,15308.7705,391.2,157.3
2482,179366.88,95841.0,32425.39,12727.61,171.15,157.3
2483,156432.64,87198.0,35527.28,14402.25,312.96,157.5
2484,231822.08,101448.0,60425.44,22009.06,281.99,157.5
2485,187037.77,96692.0,31612.291,23579.9,224.94,157.5
2486,120112.164,67273.0,39033.992,15594.22,414.02,157.6
2487,33228.16,24772.0,26797.701,95.15,141.81,157.6
2488,44378.88,9900.0,164287.72,588.2,793.81,157.6
2489,198028.33,105461.0,30275.0,9549.601,281.99,157.9
2490,188267.52,90340.0,29181.64,17329.41,182.56,157.9
2491,194937.12,98386.0,36297.13,21372.42,239.61,157.9
2492,234745.28,102540.0,47398.54,28250.9,381.42,158.0
2493,7775.04,5450.0,7174.31,22.49,17.93,158.1
2494,220087.84,102800.0,40103.13,22932.88,427.06,158.1
2495,30021.6,13807.0,46367.46,266.42,228.2,158.2
2496,184922.08,98468.0,31840.65,21370.69,298.29,158.2
2497,11147.36,10961.0,13236.23,185.11,324.37,158.3
2498,238235.2,108452.0,55787.312,38162.07,440.1,158.4
2499,131718.72,78477.0,20972.791,11552.94,135.29,158.4
2500,217862.4,96945.0,42468.04,16178.96,247.76,158.5
2501,24016.16,7400.0,48178.77,69.2,319.48,158.5
2502,197693.44,97117.0,46026.652,17206.58,387.94,158.5
2503,142406.88,86157.0,20637.17,14279.42,189.08,158.6
2504,99993.6,59716.0,26718.121,15530.21,251.02,158.6
2505,16072.0,14638.0,896.14,2051.78,32.6,158.6
2506,146827.52,83641.0,28775.09,19227.22,145.06999,158.7
2507,193092.48,101036.0,39485.52,14210.22,200.49,158.7
2508,177634.23,83421.0,69848.75,30757.67,560.72,158.7
2509,223736.8,104449.0,45678.92,25690.5,418.91,158.7
2510,158950.4,81853.0,29596.84,8092.94,285.25,158.7
2511,250041.12,114428.0,38487.31,23988.18,312.96,158.8
2512,179782.4,80214.0,58231.8,28171.32,521.6,158.9
2513,202550.88,102074.0,32601.85,6210.7,166.26,158.9
2514,198001.44,98352.0,34207.29,15149.61,290.13998,158.9
2515,95910.08,56016.0,22391.39,7497.8203,223.31,158.9
2516,163116.8,93928.0,22367.17,7499.5503,179.3,159.1
2517,173390.56,96152.0,31119.24,14803.61,324.37,159.1
2518,189040.33,90240.0,22946.72,21744.371,283.62,159.2
2519,199727.36,98837.0,54206.09,20638.9,423.8,159.2
2520,162151.36,91283.0,17408.99,15872.75,211.9,159.3
2521,167165.6,90892.0,37461.42,14601.2,216.79,159.3
2522,262143.0,109281.0,50711.492,20445.14,324.37,159.3
2523,208568.64,96567.0,33141.61,16383.101,278.73,159.4
2524,207413.92,108998.0,40900.66,19997.07,479.22,159.4
2525,200925.77,103579.0,26309.84,15502.53,136.92,159.4
2526,160028.95,96392.0,29536.291,14082.2,133.66,159.5
2527,243392.8,112796.0,78599.09,21881.041,472.7,159.5
2528,176037.12,97097.0,42090.902,8504.68,324.37,159.5
2529,159341.28,92166.0,13116.86,9385.25,107.58,159.5
2530,262143.0,107985.0,46344.97,19690.86,366.75,159.6
2531,189728.0,97633.0,43568.32,13018.25,322.74,159.6
2532,174048.0,96471.0,33248.87,17208.31,254.28,159.6
2533,182511.84,88319.0,36347.3,15647.851,208.64,159.6
2534,91876.96,44615.0,27929.121,233.55,332.52,159.7
2535,202584.48,67308.0,59641.75,31491.19,577.02,159.7
2536,175013.44,96225.0,39845.36,11433.57,251.02,159.7
2537,173588.8,91281.0,33446.09,10046.11,218.42,159.7
2538,187073.6,98677.0,35292.0,8404.34,185.81999,159.7
2539,223804.0,111145.0,42208.54,15161.72,264.06,159.7
2540,142588.33,77723.0,32904.6,19593.98,308.07,159.8
2541,248731.84,114732.0,56908.35,23906.871,418.91,159.8
2542,226974.72,99865.0,30157.36,13590.88,273.84,159.8
2543,262143.0,104574.0,53801.27,39049.56,599.84,159.8
2544,184151.52,93716.0,40634.242,13760.42,184.19,159.8
2545,192665.77,99797.0,46201.38,12478.49,430.32,159.9
2546,168760.48,97914.0,28321.83,10719.08,203.75,159.9
2547,187144.16,97060.0,19734.11,15715.32,200.49,160.0
2548,224478.23,105273.0,38679.34,25712.99,249.39,160.0
2549,88427.36,40742.0,66205.37,489.59,469.44,160.0
2550,223297.77,105761.0,43521.61,16336.391,317.85,160.0
2551,214850.72,106799.0,37259.01,17704.82,273.84,160.0
2552,206123.69,97170.0,36589.5,21628.46,352.08,160.0
2553,145716.48,84949.0,31404.69,30126.22,322.74,160.0
2554,195282.08,95576.0,37125.8,15827.7705,234.72,160.1
2555,207553.92,103392.0,35314.492,10044.38,249.39,160.1
2556,259748.16,106396.0,39032.26,18782.61,423.8,160.1
2557,245688.8,110617.0,43599.46,17137.38,366.75,160.2
2558,171876.33,93252.0,25764.89,7234.86,140.18,160.2
2559,157297.28,92316.0,38347.18,13654.891,335.78,160.3
2560,170469.6,89704.0,30160.82,6463.2803,158.11,160.3
2561,165118.23,91153.0,24117.93,10561.65,158.11,160.3
2562,261548.0,105515.0,48318.902,28444.66,373.27,160.4
2563,206281.6,97519.0,35629.35,16012.88,242.87,160.5
2564,86744.0,21772.0,144626.27,499.97,909.54,160.5
2565,218895.05,105336.0,34535.992,25879.07,433.58,160.5
2566,225051.69,104581.0,50067.93,32501.51,495.52,160.5
2567,164100.16,90245.0,26813.27,15775.87,148.33,160.6
2568,262143.0,133097.0,62645.03,27761.31,643.85,160.6
2569,211245.44,105933.0,28558.84,15374.51,255.91,160.8
2570,185507.84,97446.0,38892.13,12590.94,283.62,160.9
2571,236829.6,108241.0,33269.63,26123.0,332.52,160.9
2572,149660.0,83612.0,36463.21,6105.17,182.56,161.0
2573,77799.68,26661.0,38298.742,6361.21,342.3,161.0
2574,163027.2,89964.0,27231.93,13725.82,221.68,161.3
2575,131206.88,58975.0,34217.67,13428.26,233.09,161.6
2576,182909.44,90788.0,38708.75,22420.8,293.4,161.6
2577,170003.69,95250.0,32652.02,14177.351,210.27,161.7
2578,151285.12,84281.0,26730.23,15858.91,180.93,161.8
2579,19176.64,17950.0,53133.492,8.65,133.66,161.8
2580,193873.12,95671.0,38918.082,18983.291,316.22,162.0
2581,24389.12,6953.0,50147.51,257.77,386.31,162.1
2582,133113.12,82631.0,26157.6,10020.16,290.13998,162.2
2583,175784.0,100020.0,28536.35,16066.51,293.4,162.3
2584,139179.05,74125.0,40976.78,9326.43,233.09,162.3
2585,174668.48,91741.0,26548.58,11108.33,231.46,162.3
2586,253299.2,102235.0,60485.992,34340.5,405.87,162.4
2587,57770.72,33844.0,7831.71,60.55,13.04,162.5
2588,133669.77,77530.0,26347.9,7423.43,233.09,162.5
2589,170866.08,87285.0,35150.14,23458.8,210.27,162.8
2590,137605.44,84802.0,24344.56,13969.75,215.16,162.8
2591,149623.05,93028.0,23948.39,16476.52,109.21,162.9
2592,193113.77,111399.0,26306.38,18187.49,123.88,162.9
2593,204570.23,88816.0,48590.51,27368.6,397.72,162.9
2594,192371.2,99797.0,25842.74,8931.99,234.72,163.0
2595,236619.05,107305.0,62902.8,15301.851,363.49,163.0
2596,208568.64,104446.0,37675.94,16230.86,272.21,163.0
2597,141298.08,83238.0,18218.63,14573.5205,184.19,163.1
2598,121717.12,76161.0,21074.86,8297.08,177.67,163.1
2599,186701.77,100227.0,27375.52,9495.97,200.49,163.2
2600,216743.52,103600.0,40547.742,11878.18,360.23,163.2
2601,239681.12,100090.0,35525.55,21303.22,368.38,163.2
2602,250146.4,102599.0,65701.94,24149.07,555.83,163.3
2603,165756.64,94056.0,27434.34,13443.83,335.78,163.3
2604,199461.92,99649.0,33091.44,16263.73,288.51,163.3
2605,112826.56,68637.0,20403.621,18163.27,215.16,163.4
2606,229911.36,107983.0,40703.44,16559.56,321.11,163.4
2607,257720.97,111975.0,63108.67,31799.13,728.61,163.4
2608,160816.33,87984.0,33888.97,22919.041,329.26,163.4
2609,84537.6,51432.0,45338.11,261.23,304.81,163.4
2610,191048.48,99517.0,46417.63,8987.351,332.52,163.5
2611,207248.16,103594.0,50898.332,24882.59,415.65,163.5
2612,185545.92,95593.0,31762.8,15919.46,234.72,163.5
2613,262143.0,107081.0,80036.72,18213.44,604.73,163.5
2614,164902.08,85007.0,47036.97,33212.54,404.24,163.6
2615,258272.0,117124.0,98165.39,22019.44,942.14,163.6
2616,204908.48,102076.0,30659.06,13141.08,185.81999,163.7
2617,168978.88,91980.0,28240.52,12635.92,177.67,163.7
2618,210322.56,104973.0,52265.03,8108.5103,340.67,163.7
2619,121019.36,56946.0,40911.04,307.94,477.59,163.7
2620,185889.77,93664.0,30838.98,15196.32,264.06,163.8
2621,122444.0,67583.0,22348.14,18414.121,156.48,163.8
2622,210255.36,104306.0,26988.0,16827.71,257.54,163.8
2623,156226.56,82871.0,24875.67,24273.63,348.82,163.8
2624,167384.0,96274.0,26896.31,8407.8,166.26,163.8
2625,192073.28,101048.0,33167.56,6660.5,187.45,163.9
2626,146921.6,92938.0,25960.38,8359.36,299.92,163.9
2627,173959.52,96670.0,19976.31,13983.59,228.2,163.9
2628,195156.64,98491.0,42149.72,9565.17,387.94,163.9
2629,171633.28,100388.0,28333.94,12213.8,296.66,164.0
2630,174553.12,89673.0,39630.84,5975.42,293.4,164.0
2631,50500.8,36156.0,23955.31,84.770004,161.37,164.0
2632,209379.52,104409.0,59723.062,19571.49,430.32,164.0
2633,221557.28,98709.0,38501.152,13928.23,353.71,164.0
2634,240018.23,106208.0,45431.53,31191.9,405.87,164.0
2635,77958.72,52168.0,41225.902,423.85,322.74,164.1
2636,176032.64,92769.0,47128.66,10250.25,303.18,164.1
2637,187993.12,87740.0,43469.71,31323.38,461.29,164.1
2638,107158.24,62116.0,29607.22,15822.58,252.65,164.1
2639,254872.8,107406.0,74606.25,18590.58,404.24,164.1
2640,257770.23,101747.0,119504.94,73834.67,1083.95,164.2
2641,201966.23,105847.0,30633.11,12487.141,311.33,164.2
2642,248650.08,103288.0,73943.664,125795.22,1088.84,164.2
2643,174161.12,87061.0,34482.36,18446.99,386.31,164.2
2644,201157.6,100920.0,30915.1,16635.68,242.87,164.3
2645,262143.0,106345.0,178819.72,85361.664,1537.09,164.3
2646,129559.36,78454.0,27747.47,6214.16,283.62,164.3
2647,262143.0,104909.0,58916.88,31122.701,573.76,164.4
2648,262143.0,117904.0,57987.87,18720.33,521.6,164.5
2649,171650.08,92802.0,27380.71,11288.25,190.71,164.6
2650,215612.33,96928.0,53496.79,22545.36,528.12,164.6
2651,35973.28,24415.0,4802.48,788.88,-48.9,164.6
2652,185671.36,95072.0,31328.57,16557.83,252.65,164.6
2653,262143.0,100680.0,111027.94,46357.082,979.63,164.7
2654,262143.0,104564.0,62845.71,42279.47,700.9,164.8
2655,180399.52,88721.0,21062.75,11855.69,334.15,165.0
2656,188324.64,104745.0,29281.98,14135.83,210.27,165.0
2657,219411.36,106721.0,24669.8,11751.89,215.16,165.1
2658,210192.64,101833.0,30124.49,13000.95,314.59,165.1
2659,122437.28,72226.0,18559.44,15441.98,264.06,165.1
2660,203080.64,106372.0,29422.11,15758.57,234.72,165.1
2661,225561.28,103911.0,42096.09,30979.11,360.23,165.2
2662,173981.92,101185.0,29121.09,15691.101,207.01,165.3
2663,209031.2,97795.0,45409.04,34664.01,339.04,165.4
2664,162830.08,91969.0,36309.242,12817.57,410.76,165.5
2665,201100.48,95236.0,48242.78,20908.78,414.02,165.5
2666,156514.4,94524.0,26180.09,8044.5,128.77,165.6
2667,200928.0,101825.0,32274.88,16007.69,242.87,165.6
2668,172080.16,97793.0,24019.32,13843.46,149.96,165.7
2669,216642.72,102302.0,44677.25,9303.94,260.8,165.7
2670,129298.4,73873.0,34439.11,26545.121,396.09,165.7
2671,154812.0,82204.0,29731.781,14125.45,203.75,165.8
2672,217669.77,105180.0,34196.91,12336.63,167.89,165.8
2673,159575.36,83619.0,58550.12,17215.23,588.43,165.8
2674,179795.84,101829.0,24541.78,12468.11,174.41,165.9
2675,151253.77,87293.0,28437.74,8496.03,211.9,165.9
2676,233357.6,108488.0,51536.7,14388.41,317.85,165.9
2677,262143.0,101717.0,81976.055,28487.91,839.45,166.0
2678,160593.44,81848.0,49853.41,15692.83,366.75,166.0
2679,210302.4,105277.0,38726.05,19241.06,340.67,166.0
2680,205488.64,102826.0,32844.05,7349.04,205.38,166.1
2681,197901.77,102886.0,28525.97,9331.62,334.15,166.1
2682,181357.12,103691.0,28916.951,13948.99,286.88,166.2
2683,235950.4,106365.0,60503.29,14359.0,389.57,166.2
2684,232461.6,102378.0,34100.03,23891.3,343.93,166.2
2685,190982.4,93232.0,36741.742,12807.19,384.68,166.2
2686,262143.0,116137.0,104351.875,43561.402,860.64,166.2
2687,193960.48,102928.0,41385.06,16436.73,290.13998,166.2
2688,204509.77,102005.0,35790.242,21076.59,381.42,166.3
2689,201538.4,99152.0,38392.16,14852.05,366.75,166.3
2690,163963.52,80815.0,38520.18,19737.57,265.69,166.4
2691,179939.2,90075.0,39596.242,15988.66,365.12,166.4
2692,226153.77,103331.0,36369.79,24607.52,216.79,166.4
2693,101404.8,66158.0,24828.96,7406.13,123.88,166.5
2694,182330.4,82421.0,54022.71,17223.88,417.28,166.5
2695,262143.0,109988.0,60377.0,14410.9,557.46,166.5
2696,207885.44,95124.0,29340.8,17455.7,262.43,166.6
2697,187628.0,97149.0,38805.63,17962.59,347.19,166.7
2698,164129.28,89508.0,28538.08,9065.2,189.08,166.7
2699,262143.0,99260.0,79348.18,38120.55,531.38,166.7
2700,199108.0,101411.0,37058.332,26515.71,366.75,166.8
2701,113590.4,73375.0,23066.09,19967.66,210.27,166.8
2702,201536.16,101555.0,33442.63,25631.68,400.98,166.9
2703,168899.36,94773.0,30164.281,21330.9,203.75,166.9
2704,249683.84,109072.0,57375.45,24401.65,386.31,166.9
2705,262143.0,105360.0,129568.35,81370.555,1150.78,167.0
2706,205337.44,103040.0,27833.97,16909.02,130.4,167.0
2707,143155.05,73848.0,40329.76,21856.82,348.82,167.1
2708,183161.44,97517.0,30371.88,14692.891,223.31,167.2
2709,228803.69,98295.0,49849.95,22100.75,417.28,167.2
2710,72709.28,31811.0,35452.89,228.36,262.43,167.2
2711,136131.52,84498.0,26851.33,8629.24,246.13,167.2
2712,173131.84,86213.0,37843.75,21789.35,221.68,167.3
2713,168420.0,93028.0,28785.47,19310.26,237.98,167.3
2714,191446.08,97468.0,30624.46,15815.66,211.9,167.4
2715,132210.4,74104.0,30826.871,26299.46,356.97,167.4
2716,256579.69,111965.0,37464.88,23718.3,268.95,167.4
2717,191115.69,96857.0,27647.13,11909.32,298.29,167.5
2718,174077.12,99933.0,20597.38,13971.48,228.2,167.5
2719,18346.72,15197.0,961.88,-1.73,26.08,167.5
2720,169301.44,95702.0,18106.18,6752.19,228.2,167.6
2721,47305.44,8018.0,118942.69,318.32,717.2,167.6
2722,189081.77,96097.0,47789.52,21090.43,358.6,167.6
2723,193389.28,106209.0,17057.8,8224.42,115.73,167.6
2724,195560.95,100921.0,47144.23,12004.47,237.98,167.6
2725,176038.23,91249.0,37153.48,13568.391,342.3,167.7
2726,262143.0,87828.0,56967.17,30164.281,603.1,167.7
2727,122793.44,65389.0,22683.76,19007.51,231.46,167.7
2728,181130.88,98245.0,14113.34,8553.12,92.909996,167.7
2729,203393.12,104347.0,35662.22,20154.5,368.38,167.8
2730,163721.6,92068.0,32108.8,10727.73,182.56,167.8
2731,187444.33,97448.0,41208.6,7622.38,295.03,167.8
2732,198069.77,96822.0,48189.152,12378.15,444.99,167.9
2733,261836.97,97681.0,47441.79,13627.21,420.54,167.9
2734,182449.12,98632.0,28705.89,10675.83,133.66,167.9
2735,161707.84,82303.0,35388.88,24214.81,355.34,167.9
2736,181238.4,102525.0,29525.91,11644.63,295.03,167.9
2737,170108.95,87556.0,36279.832,16128.79,301.55,167.9
2738,217340.48,92343.0,47019.67,15589.03,291.77,168.0
2739,262143.0,100807.0,75107.95,34909.67,774.25,168.0
2740,146464.64,88911.0,19592.25,10539.16,207.01,168.0
2741,173570.88,94312.0,36561.82,21012.58,210.27,168.1
2742,53407.2,34835.0,22785.83,12599.59,255.91,168.1
2743,6908.16,6736.0,7897.45,20.76,92.909996,168.1
2744,182776.16,99000.0,23790.96,8561.7705,195.6,168.1
2745,159015.36,84153.0,39710.42,23424.201,379.79,168.1
2746,198492.0,103977.0,47491.96,12026.96,264.06,168.1
2747,184429.28,97696.0,25119.6,17438.4,272.21,168.1
2748,192076.64,100123.0,29736.97,16666.82,259.17,168.2
2749,219746.23,109102.0,34949.46,14673.86,290.13998,168.2
2750,253844.64,110121.0,54655.89,20550.67,435.21,168.2
2751,234781.12,97653.0,52451.87,11037.4,409.13,168.2
2752,197126.72,99371.0,31979.05,35847.332,352.08,168.3
2753,199946.88,99857.0,33081.06,10075.5205,410.76,168.3
2754,218217.44,105136.0,41649.75,13542.44,347.19,168.3
2755,179127.2,95875.0,41454.26,19689.13,314.59,168.3
2756,184824.64,89625.0,36471.86,10483.8,322.74,168.4
2757,260644.16,112772.0,75182.34,33677.91,694.38,168.4
2758,151484.48,79908.0,38592.84,14855.51,306.44,168.4
2759,206293.92,104853.0,40655.0,5241.9,334.15,168.4
2760,210749.28,99509.0,34925.242,22047.121,322.74,168.5
2761,185270.4,101824.0,29591.65,13929.96,216.79,168.5
2762,262143.0,117080.0,165097.36,75869.15,1103.51,168.5
2763,197234.23,91572.0,39817.68,29366.75,407.5,168.5
2764,173175.52,88293.0,33191.78,13682.57,251.02,168.5
2765,100480.8,62457.0,26913.61,4930.5,198.86,168.6
2766,195863.36,87460.0,35122.46,8094.67,676.45,168.6
2767,233077.6,102273.0,57735.29,11480.28,368.38,168.6
2768,262143.0,120660.0,130303.6,35172.63,888.35,168.6
2769,226223.2,109861.0,54318.54,10897.2705,374.9,168.7
2770,212337.44,96354.0,47817.2,22744.31,397.72,168.7
2771,219500.95,102300.0,34029.1,17950.48,295.03,168.8
2772,5794.88,5888.0,4369.98,76.12,66.83,168.9
2773,191579.36,101529.0,34508.31,15350.29,260.8,168.9
2774,181518.4,88036.0,47071.57,28370.27,308.07,168.9
2775,262143.0,108102.0,88141.77,44694.55,829.67,168.9
2776,244658.4,103332.0,62484.14,32067.281,415.65,168.9
2777,226506.56,106240.0,40068.53,9838.51,158.11,168.9
2778,182250.88,98953.0,25858.31,9297.0205,213.53,168.9
2779,187236.0,94506.0,28352.97,9748.55,298.29,169.0
2780,262143.0,123348.0,125234.7,104950.45,1530.57,169.0
2781,262143.0,111057.0,69731.11,39670.63,593.32,169.0
2782,231642.88,102785.0,50972.72,18637.291,371.63998,169.0
2783,201545.12,83278.0,61380.402,61523.992,655.26,169.0
2784,238322.56,104188.0,46720.38,16116.681,428.69,169.1
2785,62823.04,8984.0,123087.77,524.19,598.21,169.1
2786,147164.64,72453.0,63736.66,24354.94,723.72,169.2
2787,193247.05,98864.0,39665.44,14269.04,262.43,169.2
2788,184371.05,93094.0,50234.01,8762.45,356.97,169.3
2789,133791.84,78432.0,25427.541,19888.08,262.43,169.4
2790,211165.92,108449.0,52538.37,23740.791,427.06,169.4
2791,97545.28,50019.0,54877.332,351.19,508.56,169.5
2792,152641.44,80560.0,32705.65,13840.0,193.97,169.6
2793,144598.72,81988.0,50927.742,15372.78,420.54,169.6
2794,174742.4,93577.0,28297.61,14952.391,262.43,169.6
2795,192488.8,99769.0,48464.22,19834.451,283.62,169.6
2796,181013.28,94945.0,26237.18,7765.97,228.2,169.7
2797,239926.4,105816.0,37283.23,28340.86,342.3,169.8
2798,211317.12,104941.0,31740.31,19012.701,197.23,169.8
2799,152544.0,91125.0,43447.22,17412.45,205.38,169.8
2800,262143.0,107099.0,56147.152,24515.83,625.92,169.9
2801,210334.88,92732.0,42691.21,14101.23,371.63998,170.0
2802,175040.33,93004.0,42750.03,22476.16,319.48,170.0
2803,119417.76,63039.0,48125.14,9968.26,361.86,170.1
2804,113846.88,68721.0,40483.73,18201.33,374.9,170.1
2805,162408.95,87693.0,30223.1,8561.7705,192.34,170.1
2806,154766.08,85221.0,37541.0,10584.14,136.92,170.1
2807,198269.12,97267.0,38452.71,20846.5,268.95,170.2
2808,169862.56,97223.0,30595.05,12454.2705,260.8,170.2
2809,188865.6,88550.0,45829.43,21272.08,264.06,170.2
2810,192087.84,88998.0,53671.52,28692.05,373.27,170.3
2811,231166.88,111145.0,37739.95,32468.64,317.85,170.3
2812,186907.84,102580.0,31124.43,26410.18,264.06,170.3
2813,238141.12,106008.0,51012.51,12686.09,418.91,170.4
2814,243283.05,109840.0,55503.59,11758.811,568.87,170.5
2815,225951.05,107226.0,48990.14,24872.21,329.26,170.5
2816,127321.6,79105.0,23846.32,4880.33,45.64,170.5
2817,100996.0,62460.0,14583.9,18374.33,236.35,170.5
2818,201458.88,104269.0,22251.26,18486.78,161.37,170.6
2819,166494.72,90041.0,32392.52,4271.37,281.99,170.6
2820,190318.23,98729.0,32830.21,24771.871,330.88998,170.6
2821,219149.28,100861.0,35108.62,13400.58,203.75,170.6
2822,178981.6,96278.0,40734.582,13056.311,252.65,170.7
2823,193861.92,100428.0,27081.42,17282.7,233.09,170.7
2824,160502.72,85972.0,35186.47,13352.141,272.21,170.7
2825,164129.28,92563.0,28619.39,32551.68,299.92,170.7
2826,223280.97,103558.0,45332.92,15895.24,308.07,170.8
2827,191605.12,94137.0,35629.35,16739.48,270.58,170.8
2828,178211.05,100369.0,20322.31,14509.51,260.8,170.8
2829,169281.28,79905.0,47969.44,7672.5503,466.18,170.9
2830,221480.0,105936.0,26628.16,18100.99,257.54,170.9
2831,191653.28,97232.0,29404.81,17549.121,241.24,170.9
2832,262143.0,110112.0,103289.65,85088.32,678.08,170.9
2833,149329.6,79696.0,35679.52,16751.59,254.28,170.9
2834,226467.36,110569.0,39796.92,20945.11,319.48,170.9
2835,194247.2,100801.0,27427.42,18293.02,228.2,170.9
2836,262143.0,109420.0,48151.09,24775.33,387.94,171.0
2837,147402.08,70722.0,55368.652,202.41,405.87,171.0
2838,235251.52,91283.0,119671.02,20924.35,950.29,171.0
2839,151547.2,85127.0,23154.32,7444.19,132.03,171.0
2840,172055.52,90630.0,32375.22,10554.73,262.43,171.1
2841,230379.52,105331.0,27896.25,19055.951,352.08,171.1
2842,211889.44,100185.0,62385.53,23898.22,485.74,171.1
2843,209144.33,102980.0,34522.15,22213.201,340.67,171.2
2844,196365.12,91524.0,65522.02,20005.72,542.79,171.2
2845,262143.0,128030.0,179715.86,66231.32,1302.37,171.3
2846,115206.56,76202.0,29487.85,18822.4,132.03,171.3
2847,172553.92,81631.0,75360.53,16395.21,506.93,171.4
2848,206796.8,102814.0,34169.23,17241.18,260.8,171.4
2849,256285.12,113080.0,48550.72,22576.5,384.68,171.4
2850,163485.28,98454.0,32828.48,8807.43,115.73,171.4
2851,160520.64,98012.0,22893.09,9983.83,242.87,171.5
2852,28390.88,10764.0,44967.89,81.31,229.83,171.5
2853,162749.44,98941.0,28991.34,16891.72,125.51,171.6
2854,145781.44,89669.0,18078.5,11073.73,213.53,171.9
2855,138878.88,78621.0,19680.48,20848.23,92.909996,172.0
2856,28649.6,18264.0,9001.19,-41.52,-19.56,172.0
2857,151561.77,93913.0,20953.76,10919.76,207.01,172.0
2858,83407.52,58297.0,13653.16,9020.22,120.62,172.1
2859,118600.164,65766.0,32648.56,9537.49,360.23,172.4
2860,172008.48,91592.0,23789.23,16018.07,171.15,172.4
2861,130635.68,83377.0,22292.78,11447.41,101.06,172.5
2862,181716.64,102027.0,25899.83,16343.311,187.45,172.5
2863,18562.88,9524.0,22093.83,34.6,60.31,172.6
2864,191691.36,106008.0,32060.361,10637.7705,252.65,172.6
2865,209110.72,98823.0,40353.98,19536.89,220.05,172.7
2866,206131.52,100552.0,37615.39,23522.81,378.16,172.8
2867,118126.4,74569.0,20420.92,8705.36,65.2,172.8
2868,88006.24,56356.0,39193.152,249.12,270.58,172.9
2869,117382.72,67565.0,26282.16,20825.74,268.95,172.9
2870,164942.4,83256.0,38757.19,20853.42,291.77,173.0
2871,174503.84,85232.0,49953.75,51900.0,365.12,173.1
2872,147910.56,80273.0,60697.05,19922.68,414.02,173.1
2873,184316.16,101870.0,24842.8,11976.79,220.05,173.1
2874,139090.56,68793.0,35208.96,26899.77,308.07,173.2
2875,232510.88,108060.0,57034.64,31434.1,462.92,173.2
2876,226742.88,95938.0,46633.88,11694.8,352.08,173.3
2877,170364.33,92275.0,33888.97,16391.75,239.61,173.3
2878,172064.48,91971.0,35241.832,16502.47,376.53,173.3
2879,201644.8,101495.0,39390.37,9750.28,319.48,173.3
2880,207102.56,100792.0,62797.27,21455.46,267.32,173.3
2881,194615.69,99353.0,32479.02,15796.63,295.03,173.3
2882,224622.72,102546.0,32776.582,23360.19,298.29,173.4
2883,233150.4,108482.0,55664.48,15995.58,379.79,173.4
2884,138793.77,77393.0,31556.93,5170.97,195.6,173.4
2885,114690.24,67028.0,34425.27,11885.101,283.62,173.4
2886,188931.69,105329.0,31864.871,13525.141,140.18,173.4
2887,196137.77,95104.0,46820.72,15486.96,350.45,173.4
2888,241054.23,109120.0,28743.951,22227.041,244.5,173.5
2889,170922.08,92437.0,29911.701,20083.57,202.12,173.5
2890,214388.16,103588.0,26238.91,26590.1,216.79,173.5
2891,173463.36,99212.0,20429.57,16872.69,179.3,173.5
2892,189733.6,96100.0,28840.83,15071.76,158.11,173.5
2893,217854.56,108220.0,42405.76,20396.701,314.59,173.6
2894,219940.0,105964.0,45156.46,16661.63,379.79,173.6
2895,227808.0,99419.0,36335.19,13784.641,291.77,173.6
2896,241194.23,115044.0,79633.63,10376.54,513.45,173.6
2897,174823.05,99451.0,37810.88,14774.2,324.37,173.6
2898,179729.77,89418.0,32932.28,17201.39,311.33,173.7
2899,250054.56,101676.0,44703.2,13582.23,368.38,173.7
2900,208985.28,109300.0,47848.34,21424.32,487.37,173.7
2901,25352.32,7740.0,42327.91,81.31,396.09,173.7
2902,167652.8,89968.0,32190.111,12013.12,267.32,173.7
2903,183275.69,95160.0,31318.19,9302.21,208.64,173.8
2904,196785.12,93933.0,37866.242,47792.98,391.2,173.8
2905,52665.76,15885.0,172051.97,226.63,920.95,173.8
2906,196080.64,103885.0,29498.23,8724.39,296.66,173.8
2907,262143.0,99391.0,56335.72,29660.85,475.96,173.9
2908,189904.95,106600.0,25251.08,7558.37,48.9,173.9
2909,245376.33,108723.0,54410.23,20012.64,257.54,173.9
2910,184999.36,98461.0,34522.15,22858.49,229.83,173.9
2911,92878.24,46665.0,42737.92,212.79001,151.59,174.0
2912,212074.23,99678.0,29449.791,11303.82,158.11,174.0
2913,177700.33,97220.0,27787.26,10966.47,101.06,174.0
2914,168433.44,93468.0,30480.871,19227.22,110.84,174.0
2915,210603.69,100965.0,47479.85,12203.42,397.72,174.0
2916,162665.44,95114.0,24489.88,12904.07,171.15,174.0
2917,213578.4,103157.0,22898.28,13089.18,229.83,174.1
2918,239439.2,107023.0,56513.91,32854.43,353.71,174.1
2919,195068.16,104909.0,38700.1,19652.8,265.69,174.1
2920,207113.77,60424.0,103580.29,915.17,1315.41,174.2
2921,166662.72,93226.0,19858.67,13293.32,205.38,174.2
2922,136962.56,84592.0,19042.11,10641.23,94.54,174.3
2923,155066.23,78013.0,49545.47,23000.35,347.19,174.3
2924,203398.72,100235.0,32229.9,15959.25,203.75,174.3
2925,191896.33,96436.0,27385.9,17275.78,91.28,174.3
2926,246928.64,103044.0,54396.39,30031.07,441.73,174.9
2927,56200.48,38216.0,31435.83,167.81,145.06999,175.1
2928,156582.72,94153.0,21626.73,10945.71,117.36,175.2
2929,148388.8,85119.0,31575.96,13218.93,172.78,175.3
2930,176536.64,100981.0,29546.67,13276.0205,242.87,175.5
2931,205066.4,98691.0,51512.48,16166.851,404.24,175.6
2932,7834.4,5972.0,11097.95,8.65,-65.2,175.6
2933,185819.2,97489.0,28785.47,14218.87,221.68,175.7
2934,198624.16,98665.0,55275.23,6456.36,249.39,175.8
2935,78591.52,42827.0,31536.17,148.78,179.3,175.8
2936,188840.95,99653.0,26055.531,13187.79,187.45,175.8
2937,188508.33,93960.0,37210.57,19247.98,342.3,175.9
2938,193734.23,99229.0,37115.42,20640.63,327.63,175.9
2939,183021.44,97585.0,38670.69,21145.791,295.03,175.9
2940,165720.8,84120.0,45741.2,11907.59,308.07,176.0
2941,229903.52,107953.0,47159.8,21555.8,443.36,176.0
2942,180246.08,94334.0,28955.01,17159.871,288.51,176.0
2943,5625.7603,5841.0,313.13,252.58,-21.19,176.0
2944,219340.8,103208.0,45841.54,26100.51,534.64,176.2
2945,176404.48,102849.0,25560.75,10144.72,200.49,176.2
2946,205532.33,86285.0,40860.87,21836.06,198.86,176.2
2947,262143.0,114400.0,101798.39,23389.6,686.23,176.3
2948,156994.88,90806.0,27225.01,11535.64,190.71,176.3
2949,229840.8,104463.0,56356.48,53835.87,475.96,176.3
2950,208548.48,99267.0,27347.84,13402.311,203.75,176.3
2951,187754.56,97855.0,22066.15,27532.951,299.92,176.3
2952,172962.72,95108.0,34413.16,8584.26,221.68,176.3
2953,185100.16,89384.0,34447.76,13684.3,254.28,176.4
2954,171768.8,98097.0,18606.15,14142.75,337.41,176.4
2955,183506.4,91580.0,29894.4,18599.23,246.13,176.4
2956,180510.4,98852.0,32421.93,14511.24,224.94,176.4
2957,190506.4,101020.0,32421.93,17061.26,327.63,176.5
2958,222147.52,105656.0,33513.56,20723.67,356.97,176.5
2959,202156.64,98488.0,30110.65,17927.99,316.22,176.5
2960,183534.4,81295.0,55207.76,44327.79,531.38,176.5
2961,262143.0,87676.0,135171.83,64210.68,1543.61,176.6
2962,205571.52,94272.0,51908.652,20218.51,361.86,176.6
2963,5348.0,5365.0,631.45,909.98,-13.04,176.7
2964,207714.08,102768.0,36025.52,22102.48,324.37,176.7
2965,200842.88,90301.0,60956.55,19343.13,516.71,176.7
2966,176723.69,96473.0,22872.33,16978.22,158.11,176.8
2967,160256.33,91653.0,26821.92,5821.45,265.69,176.8
2968,107394.56,58813.0,38431.95,563.98,405.87,176.8
2969,191702.56,98661.0,24301.31,12706.851,184.19,176.9
2970,262143.0,110033.0,87555.305,41090.96,521.6,176.9
2971,142182.88,87274.0,19848.291,12833.141,244.5,176.9
2972,244576.64,104824.0,35743.53,30294.031,312.96,177.0
2973,178820.33,90445.0,31719.55,13727.55,223.31,177.0
2974,185544.8,90608.0,35900.96,15305.311,234.72,177.0
2975,164409.28,83928.0,45436.72,24045.27,458.03,177.0
2976,262143.0,93407.0,48168.39,21086.97,475.96,177.1
2977,252351.69,104827.0,65288.473,26507.06,477.59,177.1
2978,234175.2,84859.0,91513.54,29406.541,1181.75,177.2
2979,166539.52,86289.0,40412.8,11443.95,205.38,177.2
2980,153252.95,89763.0,16704.88,10843.64,156.48,177.3
2981,191198.56,101420.0,25666.281,11180.99,198.86,177.3
2982,171579.52,99178.0,27423.96,22062.69,224.94,177.3
2983,262143.0,116728.0,167316.95,81574.69,1507.75,177.3
2984,175946.4,90135.0,40348.79,2949.6501,353.71,177.4
2985,61270.72,36032.0,32534.38,173.0,215.16,177.6
2986,181792.8,97996.0,39565.1,13016.5205,301.55,177.9
2987,201866.56,105413.0,39935.32,36241.77,311.33,177.9
2988,186164.16,99840.0,33790.36,16144.36,326.0,177.9
2989,237742.4,110184.0,41869.46,17405.53,314.59,177.9
2990,185610.88,95809.0,41622.07,19606.09,285.25,177.9
2991,161897.12,87320.0,44580.37,12161.9,237.98,178.0
2992,155890.56,89625.0,20353.451,24590.22,472.7,178.0
2993,165875.36,97173.0,24176.75,3731.61,172.78,178.1
2994,165415.05,99233.0,22784.1,26524.36,275.47,178.1
2995,216508.33,107233.0,22695.871,15763.76,210.27,178.1
2996,205156.0,98856.0,39307.332,19637.23,312.96,178.2
2997,246576.97,106214.0,60463.5,25353.15,316.22,178.2
2998,245175.84,101369.0,40058.152,20943.38,343.93,178.2
2999,101965.92,55816.0,58074.37,238.74,339.04,178.2
3000,13269.76,6500.0,44139.22,46.71,309.7,178.5
3001,228413.92,99205.0,52673.312,13523.41,255.91,178.5
3002,170858.23,97534.0,25050.4,2678.04,167.89,178.9
3003,56334.88,33542.0,32946.12,173.0,211.9,179.2
3004,18455.36,15789.0,2688.42,24.220001,13.04,179.3
3005,139372.8,75237.0,32705.65,12971.54,224.94,179.3
3006,135207.52,73509.0,31729.93,11641.17,224.94,179.4
3007,185260.33,96696.0,28657.451,12006.2,180.93,179.6
3008,185830.4,94768.0,29839.041,20912.24,179.3,179.7
3009,187445.44,102501.0,40722.47,18837.97,482.48,179.8
3010,216662.88,104756.0,36587.77,24861.83,334.15,179.9
3011,167687.52,98749.0,30743.83,13146.2705,182.56,179.9
3012,168883.69,86096.0,53010.66,44004.28,572.13,180.1
3013,156854.88,88875.0,31202.281,12943.86,200.49,180.1
3014,177545.77,100817.0,24259.791,19689.13,205.38,180.2
3015,167069.28,96444.0,34452.95,9034.061,109.21,180.2
3016,141468.33,85310.0,22730.47,2674.58,97.8,180.2
3017,158314.23,91532.0,20078.38,12063.29,151.59,180.2
3018,203241.92,101048.0,63207.28,19118.23,435.21,180.3
3019,209784.95,98817.0,42974.93,20197.75,202.12,180.3
3020,141983.52,87861.0,15976.55,9257.23,172.78,180.3
3021,139846.56,81215.0,23963.96,17504.14,299.92,180.4
3022,167198.08,96472.0,30224.83,10793.47,208.64,180.4
3023,127221.92,71378.0,38509.8,14727.49,286.88,180.5
3024,113942.08,75073.0,44851.98,19331.02,311.33,180.5
3025,153525.12,84444.0,37212.3,23550.49,321.11,180.5
3026,222132.97,99865.0,47517.91,23571.25,288.51,180.6
3027,225328.33,104988.0,48434.81,32435.77,335.78,180.6
3028,147490.56,80134.0,40717.28,36240.04,458.03,180.6
3029,188564.33,95777.0,30063.94,10397.3,295.03,180.7
3030,189073.92,96124.0,30780.16,17862.25,236.35,180.7
3031,194297.6,99992.0,35378.5,19523.05,226.56999,180.7
3032,217526.4,95980.0,41525.19,30146.98,334.15,180.7
3033,180206.88,82076.0,23233.9,16668.55,208.64,180.7
3034,222573.12,112517.0,39859.2,23394.791,301.55,180.8
3035,155724.8,91806.0,22906.93,9497.7,197.23,180.8
3036,186959.36,96516.0,50061.01,22225.31,249.39,180.9
3037,179542.72,99997.0,29320.041,15118.47,153.22,180.9
3038,184723.84,94360.0,43722.29,10770.98,309.7,180.9
3039,15927.5205,12212.0,10831.53,51.9,96.17,180.9
3040,223821.92,110571.0,40412.8,12502.71,321.11,180.9
3041,209334.72,99781.0,29979.17,15594.22,295.03,180.9
3042,148346.23,86809.0,24424.14,9603.23,376.53,180.9
3043,222501.44,105597.0,52481.28,15521.561,299.92,181.0
3044,183137.92,94048.0,34708.992,32536.111,334.15,181.0
3045,167863.36,89764.0,26642.0,18440.07,255.91,181.1
3046,137758.88,76334.0,41521.73,22604.18,321.11,181.1
3047,141812.16,79763.0,28273.39,13499.19,249.39,181.1
3048,262143.0,104784.0,48147.63,27358.22,438.47,181.1
3049,182583.52,96616.0,29410.0,12404.101,330.88998,181.1
3050,182253.12,94389.0,39840.17,22929.42,440.1,181.2
3051,228399.36,99344.0,57804.492,33119.12,389.57,181.2
3052,262143.0,112623.0,93231.43,38644.742,784.02997,181.2
3053,187570.88,96513.0,38843.69,9670.7,321.11,181.3
3054,220345.44,100448.0,49818.812,22964.02,400.98,181.4
3055,201933.77,98836.0,43012.992,16855.39,304.81,181.4
3056,178704.95,96932.0,24623.09,12746.641,249.39,181.4
3057,206530.23,95053.0,36471.86,11367.83,392.83,181.4
3058,209664.0,37260.0,262143.0,1683.29,2234.73,181.5
3059,207566.23,95548.0,39092.81,19533.43,389.57,181.5
3060,39520.32,12493.0,80296.22,283.72,347.19,181.6
3061,181237.28,98829.0,24844.531,6781.6,198.86,181.6
3062,182316.95,98371.0,38561.7,8387.04,329.26,181.7
3063,187849.77,97812.0,38736.43,13284.67,334.15,181.8
3064,172329.92,84503.0,30648.68,13931.69,233.09,181.9
3065,39542.72,18912.0,24418.951,69.2,171.15,182.0
3066,212999.36,100028.0,44255.13,8800.51,347.19,182.1
3067,228172.0,105837.0,36330.0,14090.851,185.81999,182.2
3068,145408.48,86708.0,32932.28,18581.93,267.32,182.2
3069,174397.44,95456.0,19962.47,10248.5205,259.17,182.2
3070,194504.8,98181.0,27775.15,18917.55,283.62,182.4
3071,195525.12,97054.0,62010.12,24481.23,365.12,182.4
3072,176366.4,85705.0,51102.47,19426.17,433.58,182.4
3073,176899.52,96441.0,34222.86,13345.22,277.1,182.6
3074,175824.33,101249.0,27657.51,15095.98,187.45,182.6
3075,183322.72,99477.0,40395.5,16012.88,239.61,182.6
3076,130772.32,82752.0,24002.02,9990.75,161.37,182.7
3077,194736.64,106575.0,32276.611,15327.8,180.93,182.7
3078,178384.64,102917.0,17426.291,16983.41,208.64,182.8
3079,221553.92,101600.0,44903.88,18386.44,264.06,182.8
3080,229768.0,110775.0,38976.902,20093.951,255.91,182.8
3081,171027.36,84883.0,42096.09,26261.4,324.37,182.9
3082,183108.8,95931.0,24616.17,15051.0,210.27,182.9
3083,245469.28,113938.0,32745.44,13658.351,264.06,182.9
3084,157981.6,89076.0,30091.621,13208.55,311.33,183.0
3085,143628.8,77939.0,30996.41,18820.67,299.92,183.0
3086,245679.84,106521.0,66373.18,51332.562,510.19,183.0
3087,172919.05,92028.0,24797.82,14262.12,163.0,183.1
3088,199102.4,105040.0,31833.73,11146.39,197.23,183.1
3089,257107.2,110074.0,56531.21,9784.88,335.78,183.1
3090,112735.84,71351.0,17517.98,14914.33,153.22,183.1
3091,73343.2,41051.0,32205.68,207.6,179.3,183.1
3092,208240.48,108908.0,40051.23,12101.351,239.61,183.3
3093,217094.08,96248.0,55413.63,34814.52,474.33,183.3
3094,206358.88,104948.0,36288.48,15443.71,290.13998,183.4
3095,262143.0,115850.0,104566.39,71333.09,1000.82,183.4
3096,262143.0,118693.0,53389.53,31875.25,528.12,183.5
3097,64524.32,20039.0,134730.67,593.39,813.37,183.6
3098,7573.44,7312.0,522.46,617.61,40.75,183.7
3099,20295.52,17821.0,1157.37,1387.46,16.3,183.7
3100,19728.8,5465.0,40291.7,81.31,210.27,183.7
3101,202618.08,99253.0,38694.91,18649.4,293.4,183.8
3102,193679.36,101476.0,26880.74,12400.641,246.13,183.8
3103,71725.92,40557.0,32551.68,285.45,337.41,183.8
3104,158034.23,86241.0,41130.75,9620.53,285.25,183.9
3105,149535.69,77533.0,49270.402,11065.08,663.41,184.0
3106,203358.4,104940.0,43525.07,13397.12,262.43,184.1
3107,205336.33,104214.0,48907.1,7395.75,208.64,184.2
3108,112145.6,70811.0,79066.19,1629.66,1838.64,184.2
3109,185140.48,95215.0,27873.76,11198.29,172.78,184.3
3110,191814.56,99391.0,41013.11,9892.14,187.45,184.3
3111,232372.0,102325.0,42781.17,20408.81,407.5,184.4
3112,38320.8,28769.0,4196.98,-27.68,39.12,184.4
3113,180467.84,92585.0,33397.65,12039.07,189.08,184.5
3114,220439.52,110735.0,47718.59,13388.47,417.28,184.6
3115,143930.08,82706.0,31840.65,10231.22,229.83,184.6
3116,230406.4,98574.0,45870.95,17578.53,387.94,184.6
3117,262143.0,106015.0,48559.37,27109.1,374.9,184.7
3118,195671.84,96764.0,36769.42,11601.38,207.01,184.9
3119,143283.84,85674.0,24356.67,15308.7705,241.24,184.9
3120,203146.72,102640.0,25294.33,19450.39,221.68,185.0
3121,134120.0,83686.0,24747.65,9355.84,153.22,185.1
3122,105044.8,44636.0,46239.44,202.41,236.35,185.2
3123,183087.52,88768.0,61470.36,14187.73,471.07,185.4
3124,135087.69,81486.0,25104.031,17888.201,208.64,185.4
3125,159869.92,83905.0,30319.98,29923.81,207.01,185.6
3126,184055.2,101093.0,30522.39,16049.21,153.22,185.7
3127,10788.96,7992.0,1954.9,-6.92,34.23,185.7
3128,162785.28,93132.0,29510.34,10864.4,321.11,185.8
3129,183804.33,101096.0,32036.14,6388.89,154.85,185.8
3130,212330.72,93722.0,69092.74,53626.54,692.75,185.9
3131,211825.6,102611.0,32098.42,10625.66,180.93,186.1
3132,162561.28,94852.0,25213.02,18253.23,177.67,186.1
3133,145986.4,74282.0,45088.992,12340.09,361.86,186.2
3134,252193.77,112377.0,69933.52,53787.43,454.77,186.2
3135,40526.082,31011.0,12168.82,354.65,767.73,186.2
3136,174064.8,90808.0,29873.64,18927.93,249.39,186.3
3137,135651.05,76849.0,46990.26,29863.26,345.56,186.3
3138,131508.16,47248.0,22188.98,9437.15,242.87,186.3
3139,185704.95,98085.0,50417.39,14836.48,397.72,186.3
3140,204778.56,105269.0,37648.26,26010.55,192.34,186.4
3141,205722.72,101944.0,40014.902,20031.67,397.72,186.5
3142,202136.48,101261.0,29809.63,14756.9,149.96,186.5
3143,179024.16,96590.0,40360.902,14888.38,176.04,186.6
3144,184800.0,93485.0,40565.04,14865.891,254.28,186.6
3145,177359.84,96940.0,29368.48,17998.92,247.76,186.6
3146,187025.44,92777.0,48244.51,20261.76,399.35,186.7
3147,205592.8,94116.0,34563.67,18090.61,404.24,186.8
3148,262143.0,101240.0,80704.5,40956.02,625.92,186.8
3149,249364.64,108160.0,50062.742,26247.56,381.42,186.8
3150,204475.05,84945.0,30643.49,19512.67,304.81,186.9
3151,173858.72,95652.0,30771.51,13417.88,231.46,186.9
3152,231991.2,104371.0,52638.71,26230.26,337.41,186.9
3153,169779.69,95388.0,28385.84,14540.65,153.22,187.1
3154,239792.0,110048.0,58638.35,19168.4,581.91,187.1
3155,213242.4,104640.0,61558.59,11385.13,383.05,187.1
3156,208439.84,76672.0,72275.94,28096.93,625.92,187.2
3157,262143.0,101252.0,101237.875,36477.05,766.1,187.2
3158,82496.96,56072.0,15628.82,10914.57,53.79,187.3
3159,40843.04,8455.0,64935.55,205.87,656.89,187.3
3160,170663.36,82637.0,36037.63,15689.37,252.65,187.3
3161,165263.84,89781.0,37041.03,11808.98,255.91,187.3
3162,208957.28,95138.0,44634.0,24038.35,378.16,187.4
3163,177717.12,95336.0,33145.07,21036.8,348.82,187.4
3164,238975.52,105873.0,70281.25,10608.36,397.72,187.4
3165,186996.33,100160.0,26342.71,15045.811,223.31,187.4
3166,199788.95,99749.0,27595.23,34115.6,326.0,187.6
3167,165497.92,90945.0,30923.75,12312.41,110.84,187.6
3168,154955.36,92944.0,24140.42,7669.09,203.75,187.7
3169,209297.77,94967.0,29385.781,11674.04,288.51,187.7
3170,223396.33,96577.0,46007.62,14966.23,272.21,187.7
3171,178405.92,98088.0,21284.19,8132.73,148.33,187.7
3172,207231.36,105060.0,28171.32,21041.99,309.7,187.8
3173,26531.68,19481.0,6838.69,-55.36,42.38,187.9
3174,192248.0,95761.0,27863.38,19760.06,298.29,187.9
3175,218126.72,105880.0,30622.73,17722.121,311.33,187.9
3176,103956.164,63246.0,26143.76,9181.11,239.61,188.0
3177,174643.84,97789.0,33624.28,22507.3,474.33,188.0
3178,199346.56,99363.0,45293.13,22173.41,308.07,188.0
3179,184358.72,102025.0,32620.88,10687.94,203.75,188.1
3180,5456.64,5453.0,1126.23,51.9,231.46,188.1
3181,198282.56,107789.0,27906.63,13525.141,272.21,188.2
3182,47513.76,29396.0,28839.1,375.41,374.9,188.2
3183,153237.28,88513.0,27685.19,14099.5,288.51,188.2
3184,223954.08,105496.0,36176.03,14386.68,281.99,188.3
3185,178403.69,97717.0,32539.57,13872.87,277.1,188.3
3186,171240.16,97415.0,22581.69,15201.51,189.08,188.4
3187,131211.36,81702.0,22953.64,7689.85,132.03,188.5
3188,176338.4,82732.0,41229.36,23612.77,229.83,188.5
3189,154556.64,89909.0,27045.09,7229.67,148.33,188.6
3190,207707.36,101201.0,40738.04,15595.95,360.23,188.6
3191,183430.23,94552.0,27171.38,16504.2,247.76,188.7
3192,220260.33,106628.0,34804.14,18964.26,366.75,188.7
3193,210686.56,100012.0,44095.97,21874.121,317.85,188.7
3194,184812.33,98753.0,25740.67,15696.29,246.13,188.8
3195,197777.44,91090.0,42931.68,14883.19,371.63998,188.9
3196,164495.52,93472.0,29245.65,7615.46,182.56,188.9
3197,140014.56,86983.0,16576.86,6189.94,177.67,188.9
3198,142871.69,83112.0,26392.88,11516.61,233.09,189.0
3199,196193.77,105013.0,31451.4,17708.28,244.5,189.0
3200,177060.8,91810.0,27920.47,5769.5503,342.3,189.0
3201,181097.28,96417.0,31577.69,17116.621,299.92,189.0
3202,153569.92,88628.0,23830.75,10286.58,151.59,189.1
3203,168370.72,101053.0,25282.22,11025.29,208.64,189.1
3204,210347.2,102278.0,36376.71,16722.18,246.13,189.1
3205,206357.77,97288.0,57666.09,21586.94,231.46,189.1
3206,210329.28,105895.0,38618.79,17509.33,179.3,189.2
3207,206643.36,108396.0,25155.93,19810.23,184.19,189.2
3208,168440.16,98696.0,25010.61,7255.62,164.63,189.3
3209,187317.77,99833.0,28038.11,17803.43,254.28,189.3
3210,198568.16,96256.0,35662.22,21201.15,304.81,189.3
3211,190350.72,104237.0,25431.0,14556.22,285.25,189.4
3212,192262.56,97759.0,32247.201,16654.71,255.91,189.4
3213,180055.69,95440.0,32937.47,9745.09,136.92,189.4
3214,55349.28,38477.0,22697.6,153.97,218.42,189.4
3215,164353.28,94109.0,26764.83,10390.38,278.73,189.4
3216,227913.28,110095.0,34077.54,21427.78,254.28,189.4
3217,187855.36,101889.0,32415.01,8677.68,193.97,189.4
3218,222381.6,106139.0,47123.47,25628.22,427.06,189.5
3219,217096.33,103940.0,68072.04,27027.791,440.1,189.5
3220,169503.05,92340.0,33760.95,15196.32,252.65,189.5
3221,204368.64,99663.0,46260.2,10142.99,275.47,189.5
3222,208923.69,89313.0,66444.11,33795.55,735.13,189.6
3223,229611.2,100017.0,50996.94,18613.07,332.52,189.6
3224,227336.48,100072.0,37312.64,17779.21,265.69,189.7
3225,175392.0,99604.0,32548.22,16270.65,317.85,189.7
3226,262143.0,122918.0,75078.54,37729.57,541.16,189.7
3227,171553.77,91053.0,33691.75,20379.4,449.88,189.8
3228,219297.12,104181.0,25946.541,13599.53,334.15,189.8
3229,262143.0,111404.0,84543.37,7200.2603,475.96,189.9
3230,182703.36,93168.0,46319.02,16063.05,415.65,189.9
3231,212104.48,101361.0,28583.06,18652.86,345.56,189.9
3232,262143.0,94640.0,82429.31,30617.541,821.52,189.9
3233,118778.24,73751.0,35980.54,14871.08,241.24,189.9
3234,201215.84,96932.0,30551.8,9715.68,233.09,190.0
3235,160338.08,78976.0,63932.152,33856.1,645.48,190.0
3236,149933.28,87635.0,28790.66,15095.98,242.87,190.0
3237,169525.44,85220.0,55553.76,22771.99,340.67,190.0
3238,183972.33,97940.0,30489.52,8688.061,163.0,190.0
3239,150417.12,76568.0,32299.1,13096.101,312.96,190.0
3240,186129.44,94759.0,46455.69,18554.25,293.4,190.0
3241,184996.0,101209.0,42769.06,7579.13,275.47,190.0
3242,233076.48,107820.0,40359.17,12488.87,312.96,190.1
3243,219036.16,106000.0,44569.992,27749.201,353.71,190.1
3244,214622.23,101052.0,57297.6,20156.23,340.67,190.1
3245,262143.0,109609.0,48234.13,24932.76,342.3,190.1
3246,219500.95,104255.0,52569.51,5563.68,436.84,190.2
3247,196178.08,104508.0,37643.07,4056.85,195.6,190.2
3248,225880.48,104024.0,40123.89,17204.85,394.46,190.2
3249,262143.0,115256.0,95880.06,34323.2,815.0,190.3
3250,197300.33,106613.0,42793.28,16960.92,327.63,190.4
3251,223996.64,109017.0,45244.69,19272.201,404.24,190.4
3252,203153.44,102220.0,39575.48,12563.26,218.42,190.4
3253,214458.72,100007.0,29062.27,18801.64,268.95,190.4
3254,240457.28,111153.0,69674.02,8281.51,505.3,190.4
3255,92382.08,55964.0,31453.13,371.95,348.82,190.4
3256,184797.77,102465.0,17665.03,12549.42,97.8,190.4
3257,262143.0,110321.0,79057.54,34696.88,638.96,190.5
3258,177476.33,100660.0,26351.36,10885.16,158.11,190.5
3259,222491.36,110106.0,35080.94,23529.73,316.22,190.5
3260,208404.0,94581.0,53412.02,16419.43,391.2,190.5
3261,160949.6,85437.0,30968.73,18398.55,386.31,190.6
3262,236577.6,109617.0,47732.43,18619.99,329.26,190.6
3263,235670.4,103837.0,81562.58,9265.88,506.93,190.6
3264,92867.04,54256.0,31851.031,8241.72,281.99,190.6
3265,184411.36,92293.0,35420.02,12734.53,337.41,190.7
3266,182624.95,91907.0,37361.082,8926.8,172.78,190.8
3267,199161.77,95804.0,37307.45,18812.02,358.6,190.8
3268,226941.12,105116.0,51965.742,16921.13,290.13998,190.8
3269,197487.36,103616.0,25050.4,9793.53,342.3,190.8
3270,149754.08,80392.0,42385.0,14720.57,355.34,190.8
3271,245380.8,110622.0,72926.42,24844.531,572.13,190.8
3272,201997.6,97705.0,44725.69,12739.72,350.45,190.8
3273,206708.33,96532.0,53477.76,16559.56,321.11,190.8
3274,201199.05,94929.0,30243.86,14746.5205,278.73,190.9
3275,182887.05,88044.0,70928.27,11802.061,691.12,191.1
3276,262143.0,93702.0,69731.11,31005.06,692.75,191.1
3277,197514.23,102447.0,27891.06,14625.42,330.88998,191.1
3278,170431.52,97083.0,23209.68,12502.71,260.8,191.1
3279,244812.97,109040.0,69450.85,15694.561,562.35,191.2
3280,233604.0,102416.0,66367.99,14269.04,366.75,191.2
3281,176076.33,87364.0,41513.082,13594.34,366.75,191.3
3282,222837.44,107324.0,60508.48,29759.46,394.46,191.4
3283,188525.12,98883.0,32459.99,13658.351,249.39,191.4
3284,193334.4,99227.0,40864.332,25173.23,332.52,191.7
3285,153469.12,90169.0,25707.8,15549.24,228.2,191.8
3286,183190.56,103298.0,27290.75,17692.71,285.25,191.8
3287,136596.33,78154.0,28323.56,10492.45,210.27,191.9
3288,179696.16,103508.0,26723.31,5603.47,303.18,192.0
3289,168393.12,86965.0,34632.87,16670.28,229.83,192.1
3290,61481.28,38408.0,21472.76,162.62,241.24,192.2
3291,176916.33,97693.0,27835.701,12571.91,158.11,192.2
3292,262143.0,92939.0,45220.47,25060.781,422.17,192.2
3293,39259.36,12923.0,45180.68,761.2,557.46,192.2
3294,180145.28,103721.0,25726.83,13597.8,180.93,192.3
3295,42630.56,27240.0,22965.75,264.69,180.93,192.3
3296,229244.97,100752.0,42710.242,22983.05,361.86,192.3
3297,190621.77,99057.0,29411.73,13737.93,192.34,192.4
3298,152022.08,83208.0,62968.54,9367.95,446.62,192.5
3299,222363.69,100845.0,37219.22,16907.291,260.8,192.5
3300,218927.52,107157.0,46448.77,13665.2705,308.07,192.5
3301,203544.33,106324.0,31530.98,13104.75,221.68,192.5
3302,122540.32,76641.0,25280.49,10099.74,180.93,192.5
3303,65387.84,38220.0,34939.082,209.33,270.58,192.5
3304,196455.84,92365.0,27401.47,27700.76,244.5,192.6
3305,183293.6,89523.0,36797.1,17249.83,220.05,192.6
3306,213179.69,99126.0,32902.87,19196.08,218.42,192.6
3307,174599.05,88483.0,50685.54,20135.47,247.76,192.6
3308,253974.56,103358.0,54019.25,23112.8,343.93,192.6
3309,261514.4,93380.0,28415.25,11860.88,321.11,192.6
3310,198802.23,102941.0,26562.42,7656.98,247.76,192.7
3311,178718.4,92788.0,38561.7,11153.311,242.87,192.7
3312,187827.36,99628.0,33760.95,16396.94,228.2,192.7
3313,143775.52,80923.0,32034.41,11312.47,352.08,192.7
3314,172931.36,99840.0,18351.84,9985.561,187.45,192.8
3315,182062.72,85962.0,58072.64,9457.91,469.44,192.8
3316,190188.33,99237.0,38404.27,14874.54,306.44,192.8
3317,70248.64,50386.0,32731.6,205.87,229.83,192.9
3318,186821.6,100928.0,26735.42,18434.88,223.31,192.9
3319,186513.6,98156.0,27019.14,6091.33,149.96,192.9
3320,77460.32,31693.0,21351.66,160.89,184.19,192.9
3321,179066.72,94484.0,27700.76,9169.0,304.81,193.0
3322,229061.28,104082.0,48529.96,33859.56,518.34,193.0
3323,139968.64,82520.0,33305.96,13307.16,299.92,193.0
3324,262143.0,139836.0,67819.46,40336.68,547.68,193.0
3325,158357.92,82997.0,54778.72,36302.32,515.08,193.1
3326,262143.0,110212.0,73703.19,53026.23,917.69,193.1
3327,192582.88,91272.0,52273.68,21792.81,417.28,193.1
3328,151921.28,80031.0,40765.72,6790.25,254.28,193.2
3329,208166.56,101941.0,44286.27,14862.43,366.75,193.2
3330,262143.0,105488.0,82586.74,50349.92,832.93,193.2
3331,154885.92,83764.0,34997.9,8622.32,264.06,193.3
3332,176497.44,101310.0,32532.65,11698.26,255.91,193.4
3333,169421.28,97189.0,21626.73,17287.89,193.97,193.4
3334,160909.28,90729.0,24976.01,18199.6,180.93,193.4
3335,161316.95,88192.0,27470.67,12558.07,348.82,193.4
3336,162683.36,95609.0,25770.08,9563.44,203.75,193.5
3337,237196.97,109121.0,52038.402,23313.48,386.31,193.5
3338,262143.0,107894.0,71641.03,50109.45,588.43,193.6
3339,163055.2,95629.0,25917.13,9790.07,189.08,193.6
3340,251214.88,110549.0,55081.47,23547.03,299.92,193.6
3341,238748.16,79972.0,50178.652,33280.01,348.82,193.7
3342,262143.0,117017.0,95430.26,55880.73,888.35,193.7
3343,242449.77,105011.0,54396.39,35973.62,285.25,193.9
3344,175800.8,97500.0,26484.57,6679.5303,154.85,193.9
3345,177296.0,90636.0,19277.39,13609.91,270.58,193.9
3346,189592.48,100904.0,25081.541,16531.88,314.59,193.9
3347,194188.95,98217.0,36300.59,23915.52,407.5,194.0
3348,181119.69,94300.0,36461.48,10378.2705,228.2,194.0
3349,230302.23,106328.0,32991.1,10559.92,260.8,194.1
3350,182204.95,99763.0,41552.87,13082.26,241.24,194.2
3351,230930.56,105036.0,40622.13,18130.4,350.45,194.2
3352,262143.0,115885.0,52315.2,24166.371,515.08,194.3
3353,177179.52,105176.0,19490.18,13449.0205,335.78,194.4
3354,191243.36,95404.0,47822.39,21067.94,317.85,194.5
3355,117386.08,67830.0,20792.871,11988.9,132.03,194.5
3356,210687.69,101618.0,36553.17,15429.87,247.76,194.5
3357,189013.44,105138.0,36048.01,14770.74,239.61,194.5
3358,201363.69,94033.0,49358.63,33127.77,510.19,194.6
3359,262143.0,115376.0,58697.17,32501.51,356.97,194.7
3360,27904.8,19177.0,20258.3,147.05,285.25,194.7
3361,91318.08,51579.0,37053.14,332.16,373.27,194.7
3362,172530.4,100872.0,20567.97,10103.2,146.7,194.8
3363,178720.64,96191.0,25614.38,13661.811,122.25,194.8
3364,111651.68,69792.0,17844.951,18678.81,242.87,194.9
3365,161889.28,90160.0,34504.85,8556.58,327.63,195.0
3366,183357.44,83645.0,43639.25,16848.47,306.44,195.0
3367,206892.0,90880.0,65053.19,12310.68,397.72,195.0
3368,197494.08,102405.0,34394.13,21304.951,189.08,195.1
3369,185129.28,98866.0,28141.91,16576.86,262.43,195.2
3370,98904.96,63317.0,43924.7,17886.47,378.16,195.2
3371,180631.36,99496.0,23299.64,22178.6,265.69,195.2
3372,91621.6,52329.0,29112.44,525.92,637.33,195.3
3373,262143.0,104007.0,61463.44,36996.05,524.86,195.3
3374,154585.77,93300.0,20969.33,14758.63,76.61,195.3
3375,193129.44,93136.0,47036.97,21422.59,285.25,195.4
3376,186332.16,102528.0,33491.07,7944.16,202.12,195.4
3377,197680.0,102244.0,37741.68,24996.77,228.2,195.5
3378,198393.44,99097.0,38233.0,10618.74,278.73,195.5
3379,181583.36,97209.0,34343.96,14184.2705,234.72,195.5
3380,145228.16,92868.0,18402.01,11350.53,114.1,195.6
3381,171914.4,92215.0,20600.84,16670.28,167.89,195.6
3382,186906.72,97136.0,22493.46,14035.49,190.71,195.7
3383,210592.48,104395.0,41144.59,11532.18,275.47,195.7
3384,150829.28,82841.0,23995.1,14869.351,417.28,195.8
3385,216742.4,112837.0,47908.89,14153.13,239.61,195.8
3386,187938.23,99528.0,36475.32,16755.05,205.38,195.8
3387,184325.12,99673.0,28211.11,19249.71,185.81999,195.8
3388,262143.0,103661.0,67402.53,28965.39,458.03,195.8
3389,172391.52,92872.0,32548.22,14820.91,252.65,195.8
3390,171119.2,95897.0,19026.541,9966.53,105.95,195.9
3391,185376.8,92245.0,55593.55,12530.391,301.55,195.9
3392,109113.76,68931.0,23349.81,19007.51,211.9,196.0
3393,178923.36,96140.0,35935.56,10928.41,304.81,196.0
3394,157326.4,90481.0,37509.86,13305.43,267.32,196.0
3395,219702.56,101850.0,61172.8,25015.8,312.96,196.0
3396,195086.08,96562.0,50398.36,15587.3,339.04,196.0
3397,234252.48,110542.0,47839.69,14173.891,759.58,196.1
3398,242296.33,110681.0,60534.43,13923.04,534.64,196.1
3399,214543.84,101701.0,60541.35,18955.61,392.83,196.2
3400,173544.0,89708.0,36067.04,24124.85,345.56,196.2
3401,227640.0,109141.0,30676.36,18486.78,290.13998,196.2
3402,262143.0,111573.0,49784.21,23879.19,422.17,196.2
3403,204252.16,103569.0,29117.63,12623.811,295.03,196.2
3404,223932.8,105164.0,51702.78,16367.53,221.68,196.3
3405,203202.72,104797.0,32620.88,19247.98,295.03,196.3
3406,148080.8,86661.0,22908.66,13314.08,283.62,196.3
3407,260780.8,99244.0,45357.14,35058.45,396.09,196.3
3408,214732.0,105510.0,38243.38,22650.89,329.26,196.4
3409,176127.84,92622.0,38790.06,11504.5,343.93,196.4
3410,240404.64,110072.0,63082.72,27700.76,539.52997,196.4
3411,184811.2,98674.0,25169.77,15305.311,278.73,196.4
3412,192231.2,104109.0,30717.88,12712.04,259.17,196.4
3413,242953.77,109108.0,53806.46,17791.32,410.76,196.4
3414,171513.44,89732.0,27095.26,12376.42,218.42,196.5
3415,207650.23,106816.0,33004.94,16040.561,337.41,196.5
3416,218100.95,105881.0,58655.652,10933.601,404.24,196.5
3417,228443.05,114020.0,34589.62,15312.23,373.27,196.6
3418,168110.88,79876.0,35323.14,25173.23,283.62,196.6
3419,177374.4,101902.0,30252.51,7869.77,356.97,196.6
3420,205431.52,107664.0,29169.531,11289.98,159.74,196.7
3421,212387.84,84792.0,56039.89,9867.92,436.84,196.7
3422,198560.33,101460.0,26112.621,11981.98,247.76,196.7
3423,238888.16,111989.0,48844.82,27237.121,386.31,196.7
3424,224770.56,98977.0,54572.85,14919.5205,492.26,196.7
3425,201390.56,104581.0,38336.8,15445.44,246.13,196.7
3426,217356.16,93165.0,66712.26,17377.85,502.04,196.7
3427,229980.8,105815.0,38681.07,15983.47,379.79,196.7
3428,262143.0,100364.0,92530.78,38475.2,593.32,196.8
3429,248928.97,108842.0,68056.47,49329.22,774.25,196.8
3430,149635.36,82572.0,31925.42,20612.951,254.28,196.8
3431,262143.0,105768.0,131732.58,85820.11,1171.97,196.8
3432,144695.05,74862.0,54117.86,17824.19,624.29,196.9
3433,262143.0,105294.0,262143.0,153905.98,2798.71,196.9
3434,176380.95,96512.0,25889.451,8155.22,202.12,197.0
3435,184890.72,98108.0,40148.11,8560.04,207.01,197.0
3436,262143.0,108613.0,77829.24,25102.3,700.9,197.0
3437,210930.72,104805.0,37895.652,18953.88,267.32,197.1
3438,188133.12,98413.0,44296.652,9843.7,260.8,197.1
3439,171769.92,94075.0,30527.58,15454.09,172.78,197.1
3440,185017.28,61822.0,43358.992,13324.46,365.12,197.1
3441,184228.8,94654.0,26930.91,17748.07,301.55,197.2
3442,55734.56,38757.0,13184.33,160.89,148.33,197.2
3443,262143.0,111136.0,97463.01,29908.24,682.97,197.2
3444,262143.0,114489.0,97251.95,69817.61,1105.14,197.2
3445,262143.0,117303.0,57970.57,33414.95,619.4,197.3
3446,190173.77,93691.0,37412.98,17706.55,311.33,197.3
3447,161566.72,90776.0,35108.62,8073.91,309.7,197.4
3448,219607.36,113250.0,25709.531,12142.87,200.49,197.4
3449,11104.8,9034.0,5553.3003,122.83,205.38,197.5
3450,224686.56,98124.0,51543.62,22898.28,326.0,197.5
3451,262143.0,112635.0,35264.32,28724.92,348.82,197.5
3452,20155.52,16688.0,993.02,1600.25,-84.76,198.2
3453,224743.69,93660.0,46367.46,22476.16,409.13,198.2
3454,190876.0,94165.0,32793.88,20012.64,335.78,198.3
3455,205124.64,98977.0,36734.82,22778.91,365.12,198.4
3456,212676.8,106143.0,27475.86,19161.48,249.39,198.4
3457,203191.52,99141.0,38530.56,20507.42,278.73,198.4
3458,213277.12,108030.0,45609.72,22621.48,456.4,198.4
3459,159990.88,90092.0,20550.67,10622.2,125.51,198.5
3460,181380.64,101356.0,37146.56,16839.82,164.63,198.6
3461,210571.2,101336.0,24373.97,21638.84,304.81,198.6
3462,172065.6,101150.0,36134.51,13324.46,309.7,198.7
3463,226021.6,97313.0,82228.63,17642.541,541.16,198.8
3464,176914.08,98408.0,25591.89,10916.3,306.44,198.8
3465,67020.8,37789.0,25117.871,311.4,278.73,198.9
3466,157465.28,83732.0,33423.6,16365.8,350.45,198.9
3467,198695.84,106152.0,33856.1,20926.08,273.84,198.9
3468,154753.77,90949.0,23079.93,14409.17,184.19,198.9
3469,262143.0,115213.0,61705.64,26906.69,389.57,199.0
3470,204929.77,89614.0,46331.13,17908.96,356.97,199.1
3471,206954.72,103301.0,45296.59,5577.52,267.32,199.2
3472,159499.2,58016.0,80323.9,513.81,691.12,199.2
3473,222102.72,103836.0,37051.41,24145.61,366.75,199.2
3474,66308.48,31197.0,25346.23,195.49,296.66,199.3
3475,205207.52,108369.0,26060.72,20483.201,193.97,199.4
3476,238342.72,98813.0,59366.68,37094.66,428.69,199.7
3477,127127.84,80309.0,24527.94,17819.0,281.99,199.8
3478,202647.2,101031.0,44422.94,7110.3003,400.98,199.9
3479,179705.12,99504.0,18504.08,8068.72,42.38,200.0
3480,202643.84,93980.0,38201.86,24514.1,585.17,200.1
3481,262143.0,111129.0,62726.34,30717.88,519.97,200.2
3482,220380.16,102844.0,40315.92,11644.63,306.44,200.2
3483,201353.6,88939.0,46838.02,24993.31,366.75,200.2
3484,141808.8,76514.0,43599.46,15241.3,492.26,200.3
3485,12298.72,7097.0,8231.34,67.47,348.82,200.3
3486,188162.23,100852.0,35736.61,9885.22,241.24,200.3
3487,12848.64,6274.0,24721.701,89.96,117.36,200.4
3488,136556.0,74749.0,26818.46,10549.54,151.59,200.4
3489,212048.48,99848.0,31847.57,17424.56,259.17,200.4
3490,168136.64,101723.0,29186.83,10348.86,216.79,200.5
3491,150694.88,83993.0,19798.121,18728.98,148.33,200.5
3492,188931.69,95515.0,52271.95,12431.78,324.37,200.6
3493,203175.84,104253.0,23835.94,7108.5703,246.13,200.6
3494,179739.84,103324.0,29086.49,12793.351,197.23,200.7
3495,177721.6,100948.0,26680.06,12935.21,234.72,200.8
3496,110250.56,68129.0,31114.05,17137.38,177.67,200.8
3497,177804.48,99193.0,29548.4,14852.05,360.23,200.9
3498,159591.05,83880.0,28276.85,16616.65,280.36,201.0
3499,192159.52,102201.0,23709.65,19215.11,286.88,201.0
3500,171152.8,83979.0,34091.38,11606.57,213.53,201.0
3501,202543.05,106533.0,34307.63,25192.26,259.17,201.0
3502,187460.0,103432.0,20462.44,8419.91,211.9,201.1
3503,159546.23,90689.0,32947.85,14002.62,141.81,201.2
3504,187315.52,95446.0,37343.78,14334.78,231.46,201.2
3505,201312.16,102822.0,29647.01,14320.94,229.83,201.3
3506,204874.88,101663.0,39073.78,20849.96,298.29,201.3
3507,191912.0,97455.0,34195.18,14044.141,249.39,201.4
3508,182664.16,98259.0,23228.71,6593.0303,241.24,201.5
3509,232786.4,106925.0,43495.66,9802.18,330.88998,201.5
3510,262143.0,92185.0,58866.71,24021.05,552.57,201.6
3511,229392.8,99817.0,37745.14,23448.42,218.42,201.7
3512,21862.4,19548.0,8726.12,110.72,319.48,201.7
3513,175384.16,96017.0,29930.73,13196.44,208.64,201.7
3514,146941.77,84566.0,16763.7,10584.14,237.98,201.7
3515,171243.52,91461.0,27820.13,11848.7705,324.37,201.8
3516,198832.48,96579.0,33814.582,12372.96,249.39,201.8
3517,134647.52,69241.0,35558.42,16670.28,104.32,201.8
3518,118230.56,70269.0,55830.562,20926.08,356.97,201.9
3519,149531.2,86523.0,34771.27,9342.0,244.5,202.0
3520,237957.44,111737.0,33536.05,15559.62,264.06,202.0
3521,124344.64,78430.0,23550.49,8741.69,242.87,202.1
3522,134764.0,76905.0,23412.09,9918.09,190.71,202.1
3523,159419.69,95069.0,27989.67,17206.58,208.64,202.2
3524,185388.0,95540.0,32636.451,11395.51,293.4,202.2
3525,158163.05,84273.0,28747.41,6470.2,179.3,202.3
3526,144592.0,91683.0,22074.8,8177.71,179.3,202.3
3527,161003.36,92876.0,33989.31,15677.26,272.21,202.3
3528,184253.44,87112.0,44204.96,15144.42,265.69,202.3
3529,190500.8,105501.0,32954.77,19299.88,215.16,202.3
3530,225871.52,109288.0,41469.832,8008.17,213.53,202.4
3531,13525.12,12669.0,47126.93,48.440002,163.0,202.4
3532,188821.92,93372.0,29773.3,16699.69,99.43,202.4
3533,189231.84,90822.0,41153.242,18644.21,275.47,202.5
3534,164900.95,94516.0,27455.1,13184.33,215.16,202.5
3535,200818.23,107936.0,37075.63,12715.5,224.94,202.5
3536,120289.12,68005.0,41315.86,16121.87,446.62,202.6
3537,168406.56,81145.0,28944.63,12215.53,148.33,202.6
3538,187295.36,94784.0,43928.16,35342.17,361.86,202.6
3539,187212.48,94076.0,48529.96,17327.68,360.23,202.7
3540,205541.28,95421.0,46931.44,30297.49,371.63998,202.7
3541,180531.69,98781.0,23323.86,12234.561,143.44,202.8
3542,262143.0,101241.0,143629.8,84228.51,1307.26,202.8
3543,202586.72,107385.0,27833.97,3972.08,171.15,202.8
3544,180877.77,91470.0,28515.59,10817.69,207.01,202.8
3545,183593.77,99581.0,36876.68,8544.47,179.3,202.9
3546,165917.92,85735.0,46896.84,21844.71,286.88,203.0
3547,165320.95,90716.0,20913.97,13298.51,149.96,203.0
3548,185857.28,95568.0,26951.67,13509.57,156.48,203.1
3549,221084.64,109629.0,30729.99,12025.23,339.04,203.1
3550,251181.28,109724.0,58614.13,18054.28,461.29,203.1
3551,191698.08,94960.0,33802.47,9156.89,283.62,203.2
3552,250633.6,98922.0,52429.38,19408.871,329.26,203.2
3553,170546.88,89469.0,40172.332,19498.83,290.13998,203.2
3554,185278.23,97999.0,37444.12,13424.8,211.9,203.3
3555,196596.95,93369.0,45675.46,20597.38,319.48,203.3
3556,141503.05,81280.0,21564.451,11461.25,260.8,203.3
3557,262143.0,117509.0,99834.84,51142.26,676.45,203.4
3558,220418.23,96948.0,90200.47,35362.93,699.27,203.4
3559,262143.0,115801.0,97774.414,35736.61,650.37,203.5
3560,241112.48,75446.0,85560.61,9885.22,534.64,203.5
3561,130084.64,80048.0,20036.86,13862.49,154.85,203.5
3562,196743.69,104876.0,39098.0,9786.61,249.39,203.6
3563,209688.64,100500.0,50232.28,21728.8,394.46,203.6
3564,260074.08,99955.0,48014.42,29124.55,405.87,203.6
3565,228123.84,102748.0,37739.95,25140.36,312.96,203.6
3566,158999.69,86850.0,31634.781,10148.18,187.45,203.6
3567,262143.0,108417.0,93248.734,45998.97,720.46,203.6
3568,135992.64,74725.0,65556.62,5926.98,343.93,203.6
3569,73260.32,48125.0,27505.27,15172.101,120.62,203.8
3570,147572.33,83097.0,44685.902,10731.19,304.81,203.8
3571,197574.72,96832.0,49144.11,24384.35,479.22,203.8
3572,195216.0,98033.0,37831.64,10855.75,343.93,203.8
3573,262143.0,98456.0,77031.71,48242.78,565.61,203.9
3574,245094.08,108793.0,57456.76,12059.83,374.9,204.0
3575,140127.69,89082.0,16794.84,12163.63,220.05,204.1
3576,181541.92,95657.0,33857.832,20979.71,427.06,204.1
3577,241586.23,106633.0,38707.02,20202.94,391.2,204.2
3578,155167.05,87461.0,38483.85,27295.94,270.58,204.3
3579,199120.33,98797.0,45023.25,12199.96,350.45,204.4
3580,167809.6,96856.0,20137.201,4710.79,247.76,204.4
3581,51241.12,10028.0,93352.53,143.59,669.93,204.5
3582,145251.69,81192.0,38080.76,10123.96,202.12,204.5
3583,161680.95,94136.0,41073.66,5847.4,237.98,204.6
3584,143727.36,83961.0,16322.55,9034.061,211.9,204.7
3585,161376.33,91655.0,27596.96,7419.97,132.03,204.7
3586,98832.164,65436.0,26387.69,11329.7705,223.31,204.8
3587,180708.64,89568.0,45076.88,32304.291,427.06,204.8
3588,197813.28,102141.0,27681.73,12850.44,340.67,204.9
3589,157643.36,90813.0,31598.451,7400.94,192.34,204.9
3590,5558.56,5396.0,5015.27,57.09,66.83,204.9
3591,164021.77,97288.0,23448.42,12262.24,171.15,205.0
3592,191872.8,100579.0,40663.652,16301.79,298.29,205.0
3593,201650.4,105517.0,39447.46,10194.89,254.28,205.0
3594,218321.6,103049.0,57259.54,15616.71,324.37,205.1
3595,262143.0,119666.0,57112.492,14940.28,435.21,205.2
3596,188239.52,101578.0,20183.91,9836.78,148.33,205.3
3597,220161.77,107404.0,41921.36,7584.3203,414.02,205.3
3598,151453.12,86879.0,31939.26,10201.811,226.56999,205.4
3599,192847.2,103183.0,35634.54,17099.32,241.24,205.5
3600,195862.23,94791.0,33641.582,8769.37,233.09,205.5
3601,60275.04,31625.0,36188.14,96.880005,327.63,205.6
3602,153096.16,93133.0,25429.27,12040.8,233.09,205.6
3603,180414.08,98696.0,20363.83,9480.4,163.0,205.6
3604,154372.95,87015.0,35295.46,8400.88,277.1,205.7
3605,233199.69,110201.0,59249.04,17094.13,418.91,205.8
3606,167396.33,93072.0,27936.041,12039.07,190.71,205.8
3607,214637.92,102093.0,49244.45,18161.541,410.76,205.8
3608,183466.08,96879.0,35321.41,9189.76,381.42,205.9
3609,160264.16,96443.0,32589.74,10912.84,213.53,205.9
3610,211242.08,106425.0,58832.11,10632.58,394.46,206.0
3611,197966.72,105080.0,21967.541,11937.0,115.73,206.0
3612,184518.88,98509.0,33921.84,9224.36,224.94,206.1
3613,125546.4,63908.0,36106.832,15455.82,260.8,206.1
3614,169555.69,98212.0,21564.451,16078.62,265.69,206.1
3615,237812.97,98917.0,59337.27,14296.72,453.13998,206.1
3616,180937.12,95056.0,30242.13,7316.17,220.05,206.2
3617,214140.64,109746.0,34987.52,22879.25,311.33,206.2
3618,157394.72,79514.0,40620.402,22521.14,251.02,206.3
3619,123351.2,70256.0,31418.531,19562.84,215.16,206.3
3620,206022.88,101566.0,35885.39,21690.74,290.13998,206.3
3621,262143.0,102652.0,84614.305,37461.42,656.89,206.3
3622,200531.52,95896.0,71103.0,16711.8,286.88,206.4
3623,226857.12,100605.0,42931.68,10239.87,306.44,206.4
3624,177592.8,92217.0,28967.121,12032.15,122.25,206.4
3625,262143.0,96679.0,55330.59,28660.91,534.64,206.5
3626,169906.23,97449.0,35141.492,11819.36,154.85,206.6
3627,222464.48,110244.0,45028.44,23135.291,317.85,206.6
3628,262143.0,103357.0,131876.17,5407.98,769.36,206.6
3629,242135.05,108909.0,60217.84,18630.371,286.88,206.6
3630,192635.52,88585.0,60252.44,14919.5205,433.58,206.7
3631,214048.8,102605.0,54617.832,21808.38,461.29,206.7
3632,223938.4,106210.0,39478.6,17140.84,241.24,206.8
3633,262143.0,114908.0,129156.61,32634.72,880.2,206.8
3634,204457.12,101358.0,30750.75,19311.99,233.09,206.9
3635,170825.77,97144.0,28775.09,9450.99,241.24,206.9
3636,180411.84,95065.0,27169.65,15549.24,241.24,207.0
3637,162272.33,79483.0,37252.09,14779.391,319.48,207.0
3638,209987.69,94044.0,35743.53,18896.791,268.95,207.0
3639,125130.88,63485.0,30560.451,10821.15,272.21,207.2
3640,236118.4,112660.0,63451.21,13040.74,410.76,207.4
3641,191270.23,98635.0,35127.65,14815.72,270.58,207.5
3642,199852.8,99921.0,37487.37,12232.83,326.0,207.5
3643,206273.77,108573.0,47253.22,9881.76,291.77,207.6
3644,7962.08,5072.0,19952.09,50.170002,58.68,207.6
3645,8818.88,8701.0,572.63,408.28,32.6,207.6
3646,39214.56,26957.0,8418.18,6.92,48.9,207.6
3647,99105.44,49636.0,55910.14,510.35,422.17,207.6
3648,213320.8,95122.0,37039.3,16834.63,454.77,207.7
3649,147828.8,83944.0,20891.48,13724.09,247.76,207.7
3650,180724.33,88067.0,43846.85,23867.08,335.78,207.7
3651,222158.72,103651.0,42502.64,12149.79,290.13998,207.8
3652,248162.88,102845.0,58171.25,21765.13,345.56,207.8
3653,242159.69,107281.0,30226.56,17242.91,347.19,207.8
3654,181181.28,98924.0,25552.1,10694.86,268.95,207.8
3655,176770.72,97556.0,31653.81,8694.98,120.62,207.9
3656,143935.69,69353.0,62785.16,759.47003,606.36,207.9
3657,203764.95,101215.0,35629.35,10634.311,345.56,207.9
3658,153740.16,78663.0,38414.652,17497.22,368.38,207.9
3659,153248.48,80517.0,30636.57,11682.69,177.67,207.9
3660,222678.4,96273.0,42537.242,22929.42,234.72,208.0
3661,188410.88,91597.0,18550.791,21007.39,283.62,208.0
3662,178969.28,94192.0,44545.77,9386.98,358.6,208.1
3663,262143.0,94716.0,82886.03,64660.48,909.54,208.1
3664,193492.33,97893.0,42672.18,14900.49,236.35,208.1
3665,196937.44,92615.0,36975.29,23029.76,296.66,208.2
3666,97671.84,63929.0,19244.52,24469.121,272.21,208.2
3667,184216.48,92596.0,41039.06,29202.4,347.19,208.2
3668,205680.16,90545.0,55657.562,13538.98,489.0,208.3
3669,158710.72,86328.0,27121.21,27700.76,386.31,208.3
3670,189654.08,97744.0,39971.652,13063.23,327.63,208.4
3671,129231.2,83969.0,18395.09,12092.7,275.47,208.5
3672,70218.4,45886.0,39660.25,15685.91,909.54,208.7
3673,21631.68,19060.0,7297.14,115.91,415.65,208.7
3674,174254.08,95897.0,21631.92,12580.561,177.67,208.8
3675,212046.23,106666.0,35608.59,11213.86,210.27,208.9
3676,125759.2,68168.0,38727.78,24541.78,322.74,209.0
3677,131703.05,75469.0,24905.08,16082.08,244.5,209.1
3678,105814.24,59029.0,40530.44,26325.41,246.13,209.1
3679,192566.08,100077.0,33470.31,9784.88,207.01,209.1
3680,179257.12,96769.0,28472.34,10805.58,171.15,209.2
3681,148523.2,82586.0,33985.85,7627.5703,193.97,209.2
3682,167092.8,95654.0,39757.13,19453.85,224.94,209.2
3683,185062.08,92058.0,52957.03,22424.26,356.97,209.2
3684,215076.95,105286.0,38143.04,4321.54,361.86,209.3
3685,211934.23,99638.0,31802.59,29960.14,404.24,209.3
3686,93120.164,59893.0,23093.77,7750.4,110.84,209.3
3687,82685.12,52377.0,49486.652,271.61002,293.4,209.4
3688,133694.4,81580.0,31551.74,11966.41,268.95,209.4
3689,220120.33,102285.0,41699.92,23150.86,327.63,209.4
3690,183899.52,91224.0,49875.902,26877.281,350.45,209.5
3691,127485.12,77967.0,31747.23,9604.96,151.59,209.5
3692,165304.16,96235.0,20926.08,12940.4,-48.9,209.5
3693,17545.92,7685.0,33305.96,91.69,207.01,209.5
3694,262143.0,110288.0,100153.164,26150.68,787.29,209.6
3695,9806.72,6859.0,1954.9,-46.71,-123.88,209.6
3696,262143.0,115806.0,54273.562,19550.73,412.38998,209.6
3697,205059.69,97669.0,38954.41,14883.19,290.13998,209.6
3698,218998.08,106275.0,48180.5,17794.78,387.94,209.7
3699,222914.72,109111.0,30979.11,4530.87,118.99,209.7
3700,198022.72,102925.0,35727.96,14621.96,337.41,209.7
3701,170283.69,92716.0,53728.61,19393.3,350.45,209.8
3702,209690.88,96289.0,54835.812,26425.75,394.46,209.8
3703,20154.4,6409.0,82635.18,257.77,376.53,209.8
3704,226775.36,99716.0,42635.85,18246.31,379.79,209.8
3705,172214.56,89058.0,29707.56,12037.34,278.73,209.8
3706,173075.84,96021.0,27731.9,9648.21,236.35,209.8
3707,182959.84,94540.0,40101.402,11945.65,299.92,209.9
3708,197165.92,89972.0,65701.94,33340.56,446.62,209.9
3709,39934.72,7101.0,123385.33,240.47,604.73,209.9
3710,198470.72,96412.0,42910.92,20952.03,518.34,209.9
3711,63605.92,43117.0,6430.41,1451.47,109.21,210.0
3712,154601.44,85973.0,57410.05,17023.2,290.13998,210.0
3713,172609.92,91786.0,23962.23,15566.54,205.38,210.1
3714,169420.16,92651.0,28749.14,5619.04,202.12,210.1
3715,185290.56,99946.0,40969.86,16310.44,202.12,210.1
3716,172682.72,92861.0,33800.742,22263.371,275.47,210.2
3717,213544.8,98764.0,53861.82,23877.46,440.1,210.3
3718,214689.44,98001.0,47649.39,33013.59,404.24,210.3
3719,205404.64,105352.0,49756.53,15703.21,363.49,210.4
3720,174774.88,102953.0,23240.82,16978.22,70.09,210.5
3721,196243.05,89708.0,42443.82,39969.92,283.62,210.5
3722,57299.2,39372.0,34930.43,150.51,237.98,210.5
3723,262143.0,95956.0,110476.07,10106.66,806.85,210.6
3724,182526.4,95573.0,55290.8,23420.74,436.84,210.7
3725,180764.64,97173.0,34484.09,15941.95,277.1,210.8
3726,169431.36,82946.0,70305.47,20772.11,552.57,210.8
3727,205976.95,102461.0,47879.48,16301.79,381.42,210.8
3728,262143.0,110749.0,86633.21,56332.26,658.52,210.9
3729,215826.23,95065.0,50958.88,18011.03,438.47,211.0
3730,206158.4,104816.0,28352.97,16217.0205,200.49,211.0
3731,168312.48,94268.0,29010.371,11888.561,270.58,211.0
3732,172060.0,92512.0,41876.38,19004.05,479.22,211.1
3733,230257.44,104768.0,42523.402,23207.951,423.8,211.1
3734,184464.0,94961.0,24806.47,10772.71,275.47,211.2
3735,104692.0,60869.0,34105.22,13246.61,370.01,211.2
3736,38596.32,13091.0,60792.2,181.65001,630.81,211.2
3737,147260.95,85059.0,37833.37,27555.44,477.59,211.2
3738,136707.2,57380.0,61696.992,429.04,552.57,211.2
3739,232397.77,113928.0,30811.3,22303.16,324.37,211.3
3740,79098.88,54045.0,14080.47,10899.0,231.46,211.3
3741,186033.12,99048.0,29795.791,16050.94,308.07,211.3
3742,197780.8,68716.0,70648.01,99904.04,697.64,211.3
3743,201405.12,105673.0,32133.02,16068.24,255.91,211.4
3744,206946.88,103332.0,35587.832,18815.48,262.43,211.4
3745,171644.48,100557.0,34465.06,14026.84,200.49,211.4
3746,183429.12,93337.0,43433.38,5392.41,335.78,211.4
3747,211746.08,101893.0,45101.1,14350.351,308.07,211.4
3748,192435.05,96144.0,45649.51,14917.79,203.75,211.4
3749,238227.36,106752.0,35781.59,17601.02,249.39,211.5
3750,187034.4,91328.0,40834.92,26955.13,257.54,211.5
3751,193476.64,90284.0,45109.75,6952.87,306.44,211.6
3752,224182.56,105033.0,54166.3,25678.39,358.6,211.7
3753,169061.77,96739.0,28560.57,16876.15,208.64,211.7
3754,156564.8,88060.0,26488.031,14203.3,128.77,211.8
3755,256941.44,105737.0,38687.992,16794.84,295.03,211.8
3756,229038.88,106852.0,39452.652,20507.42,311.33,211.9
3757,262143.0,94539.0,70298.55,44512.902,681.34,211.9
3758,255411.52,104853.0,43052.78,40552.93,379.79,211.9
3759,212817.92,106161.0,37200.19,19028.27,311.33,212.0
3760,157044.16,88572.0,28088.281,17613.13,207.01,212.1
3761,167173.44,92748.0,24403.38,12108.2705,132.03,212.1
3762,232610.56,104976.0,52723.48,28309.72,420.54,212.1
3763,177649.92,98889.0,26090.13,15115.01,226.56999,212.2
3764,173317.77,89053.0,35336.98,14519.891,308.07,212.3
3765,178178.56,101723.0,16649.52,18957.34,156.48,212.3
3766,151388.16,90121.0,30624.46,13583.96,88.02,212.3
3767,175600.33,95080.0,38786.6,8461.43,281.99,212.4
3768,158289.6,91100.0,35264.32,13379.82,298.29,212.4
3769,231955.36,106525.0,40231.152,27858.19,244.5,212.4
3770,166109.44,91289.0,24486.42,14672.13,255.91,212.4
3771,122198.72,77561.0,38314.31,22884.44,226.56999,212.5
3772,152530.56,92556.0,22950.18,11194.83,226.56999,212.5
3773,262143.0,117780.0,69585.79,53944.86,726.98,212.5
3774,182686.56,96793.0,25408.51,16637.41,348.82,212.6
3775,140225.12,83805.0,22047.121,11549.48,223.31,212.7
3776,230004.33,111141.0,44919.45,19417.52,267.32,212.7
3777,212924.33,109516.0,29544.94,20993.55,226.56999,212.8
3778,75537.28,33748.0,33530.86,441.15,386.31,212.9
3779,207400.48,102845.0,36968.37,11893.75,140.18,213.0
3780,170980.33,97477.0,18253.23,10698.32,105.95,213.1
3781,157134.88,90342.0,21675.17,12930.0205,288.51,213.1
3782,151818.23,88693.0,23699.27,8217.5,176.04,213.2
3783,200055.52,100324.0,44877.93,16784.46,265.69,213.3
3784,213672.48,88681.0,59946.23,24476.041,443.36,213.3
3785,190126.72,100801.0,46241.17,23438.041,360.23,213.4
3786,217594.72,100785.0,57638.41,20092.22,495.52,213.4
3787,33462.24,13216.0,96795.234,340.81,594.95,213.4
3788,192590.72,88843.0,54949.992,31176.33,391.2,213.5
3789,200636.8,103241.0,36492.62,8930.26,182.56,213.5
3790,165324.33,86777.0,30401.291,18419.31,335.78,213.6
3791,166342.4,92602.0,26026.121,15014.67,189.08,213.6
3792,190354.08,102061.0,31058.69,10335.0205,198.86,213.6
3793,243461.12,108655.0,70881.56,8887.01,459.66,213.7
3794,140140.0,88980.0,20863.8,17028.39,220.05,213.7
3795,214420.64,95344.0,44680.71,18673.621,353.71,213.7
3796,218756.16,113697.0,37710.54,26415.371,396.09,213.8
3797,235529.28,106875.0,45038.82,10947.44,368.38,213.8
3798,178724.0,95566.0,31262.83,8871.44,218.42,213.8
3799,182217.28,98349.0,34404.51,16621.84,244.5,213.9
3800,262143.0,113436.0,58820.0,34036.02,402.61,213.9
3801,182689.92,92425.0,36701.95,8866.25,295.03,214.0
3802,190450.4,104292.0,30913.371,8793.59,264.06,214.0
3803,215503.69,101221.0,22156.11,23119.72,169.52,214.0
3804,245574.56,106697.0,58380.582,30313.06,425.43,214.1
3805,209190.23,95613.0,37117.152,14895.3,267.32,214.1
3806,177798.88,99620.0,25982.871,8911.23,345.56,214.1
3807,262143.0,100853.0,88074.305,35227.992,541.16,214.1
3808,170947.84,96540.0,37447.582,9499.43,185.81999,214.2
3809,209922.72,107080.0,43877.992,8362.82,280.36,214.2
3810,227637.77,102955.0,73670.32,9215.71,562.35,214.2
3811,150883.05,80349.0,43388.402,14549.3,327.63,214.2
3812,203540.95,104814.0,45711.79,24117.93,327.63,214.3
3813,262143.0,101413.0,73940.2,29152.23,614.51,214.3
3814,262143.0,116145.0,92764.33,21884.5,634.07,214.3
3815,149923.2,87893.0,19521.32,9904.25,221.68,214.4
3816,262143.0,103061.0,129872.83,37284.96,1069.28,214.4
3817,262143.0,96262.0,79116.36,27866.84,697.64,214.5
3818,254238.88,113264.0,70239.734,4928.77,370.01,214.5
3819,191001.44,94928.0,41224.17,11165.42,343.93,214.5
3820,259890.4,113855.0,60633.04,12635.92,573.76,214.5
3821,166755.69,96255.0,29961.871,11755.351,151.59,214.6
3822,174229.44,93849.0,27031.25,11736.32,185.81999,214.7
3823,178053.12,98612.0,37032.38,16092.46,293.4,214.7
3824,179774.56,98181.0,27993.13,17061.26,251.02,214.8
3825,212045.12,104812.0,48391.56,25799.49,444.99,214.8
3826,97622.56,55814.0,30890.88,11788.22,270.58,214.8
3827,86776.48,41520.0,59060.47,371.95,410.76,214.9
3828,262143.0,122350.0,169496.75,56631.55,1092.1,214.9
3829,175994.56,89464.0,22239.15,15137.5,172.78,214.9
3830,246361.92,106649.0,78405.33,38051.35,552.57,215.0
3831,56400.96,12609.0,105092.31,121.1,598.21,215.1
3832,262143.0,94180.0,91077.58,29313.121,725.35,215.1
3833,213205.44,102628.0,36362.87,55429.2,371.63998,215.1
3834,85330.56,45753.0,36208.902,190.3,224.94,215.1
3835,102105.92,56673.0,23574.71,10815.96,241.24,215.1
3836,111357.12,64521.0,30634.84,18286.1,228.2,215.1
3837,169729.28,102248.0,34958.11,12904.07,200.49,215.2
3838,164968.16,84315.0,35153.6,12258.78,262.43,215.2
3839,168173.6,93708.0,21498.71,16654.71,171.15,215.2
3840,158362.4,85732.0,41703.38,25207.83,407.5,215.3
3841,21805.28,6208.0,57160.93,155.7,335.78,215.3
3842,156290.4,86303.0,26937.83,14132.37,242.87,215.3
3843,187074.72,98023.0,26548.58,10850.561,203.75,215.3
3844,177823.52,91087.0,38177.64,11343.61,239.61,215.3
3845,218768.48,110483.0,56647.12,32468.64,422.17,215.4
3846,262143.0,105113.0,85591.75,21330.9,673.19,215.4
3847,262143.0,109140.0,94293.65,47009.29,849.23,215.4
3848,132371.69,81741.0,18526.57,13276.0205,251.02,215.4
3849,201785.92,97269.0,24628.28,18415.85,308.07,215.5
3850,229624.64,103321.0,53879.12,23652.56,536.27,215.5
3851,110972.96,22080.0,262143.0,285.45,1351.27,215.5
3852,180501.44,97361.0,35892.31,10726.0,273.84,215.6
3853,250061.28,115561.0,59674.62,9416.39,480.85,215.7
3854,212754.08,105366.0,32707.38,18957.34,311.33,215.8
3855,160782.72,85857.0,37928.52,9772.7705,322.74,215.8
3856,224738.08,111005.0,48548.992,11840.12,311.33,215.8
3857,125802.88,31401.0,262143.0,377.14,1465.37,215.9
3858,207527.05,102425.0,30858.01,9883.49,167.89,215.9
3859,163821.28,89505.0,21853.36,10890.351,280.36,215.9
3860,219051.84,107100.0,38322.96,25666.281,402.61,215.9
3861,220149.44,108040.0,66470.06,21227.1,528.12,216.1
3862,176053.92,87518.0,39596.242,15270.71,378.16,216.1
3863,127172.64,74012.0,52477.82,39129.14,402.61,216.1
3864,183348.48,99452.0,29451.52,8463.16,197.23,216.2
3865,119730.24,72056.0,37345.51,18215.17,462.92,216.2
3866,203818.72,101487.0,45902.09,20407.08,335.78,216.3
3867,17963.68,12844.0,2857.96,-6.92,48.9,216.4
3868,240408.0,96616.0,49145.84,25662.82,339.04,216.5
3869,141964.48,71478.0,54277.02,12796.811,356.97,216.5
3870,168082.88,97324.0,18173.65,5558.49,133.66,216.5
3871,7131.04,7137.0,787.15,352.92,-16.3,216.6
3872,15673.28,9410.0,3906.34,112.450005,348.82,216.7
3873,130504.64,79380.0,34833.55,6750.46,268.95,216.7
3874,213675.84,97616.0,50964.07,21235.75,337.41,216.9
3875,177675.69,100695.0,31506.76,5234.98,267.32,216.9
3876,262143.0,102784.0,64110.34,34890.64,598.21,217.0
3877,198980.33,97000.0,28058.871,14412.63,293.4,217.1
3878,137991.84,85531.0,21045.451,9416.39,159.74,217.1
3879,189451.36,99309.0,29465.36,15014.67,193.97,217.2
3880,222341.28,95973.0,40942.18,12175.74,322.74,217.4
3881,229593.28,112069.0,37892.19,28745.68,348.82,217.4
3882,190424.64,95226.0,38660.31,14362.46,249.39,217.4
3883,205111.2,107068.0,36241.77,19895.0,264.06,217.6
3884,234690.4,104028.0,34210.75,15905.62,257.54,217.6
3885,191427.05,104418.0,25856.58,8835.11,273.84,217.8
3886,157255.84,93266.0,38271.06,7470.14,208.64,218.1
3887,179258.23,92129.0,35951.13,6539.4,208.64,218.1
3888,179111.52,99432.0,23721.76,4425.34,184.19,218.2
3889,143483.2,87632.0,26958.59,9409.47,140.18,218.2
3890,162777.44,93864.0,25856.58,6516.91,167.89,218.2
3891,139257.44,85537.0,29799.25,17919.34,448.25,218.3
3892,179480.0,97844.0,29501.69,12065.0205,249.39,218.3
3893,217304.64,103857.0,42270.82,23014.19,306.44,218.5
3894,194541.77,84020.0,56551.97,36582.582,575.39,218.5
3895,196110.88,95292.0,34565.4,13765.61,270.58,218.6
3896,123583.04,78349.0,17277.51,14679.05,197.23,218.7
3897,119651.84,69035.0,18083.69,10963.01,275.47,218.7
3898,137015.2,86206.0,32072.47,13272.561,249.39,218.7
3899,192088.95,97026.0,29624.52,11155.04,247.76,218.7
3900,185307.36,102490.0,24382.621,13450.75,146.7,218.7
3901,198856.0,85966.0,37764.17,20173.53,299.92,218.8
3902,194362.56,96709.0,46191.0,17315.57,229.83,218.8
3903,181305.6,89584.0,32539.57,13414.42,262.43,218.9
3904,145514.88,77412.0,37366.27,13774.26,353.71,219.0
3905,159789.28,92629.0,25242.43,14403.98,99.43,219.0
3906,208971.84,102585.0,45715.25,11630.79,321.11,219.0
3907,174510.56,94234.0,35314.492,15218.811,252.65,219.0
3908,172764.48,92777.0,19545.541,15272.44,203.75,219.0
3909,219259.05,97384.0,73421.2,26920.531,617.77,219.1
3910,196272.16,98592.0,35712.39,17957.4,265.69,219.2
3911,173883.36,92458.0,42729.27,29864.99,381.42,219.2
3912,216455.69,107331.0,32826.75,15509.45,277.1,219.2
3913,93430.4,60140.0,17090.67,13462.86,161.37,219.2
3914,148193.92,89532.0,24223.46,15184.21,96.17,219.2
3915,193569.6,102624.0,33709.05,18644.21,291.77,219.2
3916,136596.33,69392.0,69584.06,370.22,616.14,219.2
3917,116505.76,64764.0,41570.17,14014.73,340.67,219.3
3918,262143.0,100792.0,60167.67,27882.41,404.24,219.3
3919,190411.2,94884.0,36881.87,16326.01,197.23,219.4
3920,242739.84,97492.0,75772.27,25752.781,614.51,219.4
3921,112800.8,62765.0,31345.871,15694.561,303.18,219.4
3922,207880.95,107897.0,32236.82,21031.61,355.34,219.4
3923,171156.16,93976.0,39004.582,11876.45,242.87,219.4
3924,251641.6,93091.0,109856.734,33485.88,718.83,219.5
3925,200717.44,101622.0,45383.09,4439.18,247.76,219.5
3926,137710.72,84903.0,19609.55,21362.041,381.42,219.5
3927,189030.23,89867.0,32399.44,9713.95,242.87,219.5
3928,189258.72,99879.0,49336.14,23074.74,193.97,219.5
3929,196679.84,101730.0,38710.48,21993.49,299.92,219.6
3930,175904.95,97227.0,20099.14,20457.25,128.77,219.6
3931,117839.68,77580.0,34899.29,25929.24,278.73,219.6
3932,125454.56,80736.0,22822.16,7108.5703,184.19,219.7
3933,159545.12,81901.0,41109.992,14488.75,339.04,219.7
3934,197032.64,96488.0,43279.41,22623.21,288.51,219.7
3935,197939.84,103848.0,22842.92,18249.77,192.34,219.7
3936,206112.48,100492.0,36368.06,18033.52,172.78,219.7
3937,195025.6,91203.0,34215.94,11819.36,312.96,219.8
3938,226166.08,104957.0,50280.72,23310.02,430.32,219.8
3939,262143.0,97904.0,68267.53,32292.18,444.99,219.8
3940,151082.4,83324.0,20960.68,11295.17,179.3,219.8
3941,204899.52,98085.0,49912.23,17132.19,228.2,219.8
3942,190744.95,95254.0,31783.56,13045.93,347.19,219.8
3943,176535.52,78377.0,48976.3,35731.42,392.83,219.8
3944,150246.88,89974.0,20332.69,18950.42,159.74,219.9
3945,262143.0,103354.0,82830.67,41603.04,818.26,219.9
3946,259650.72,113214.0,63624.21,15461.01,466.18,219.9
3947,117240.484,78061.0,24052.19,14749.98,278.73,219.9
3948,194397.28,102064.0,48429.62,12302.03,503.67,219.9
3949,262143.0,104800.0,108955.4,34307.63,797.07,219.9
3950,172529.28,94253.0,31427.18,13760.42,234.72,220.0
3951,262143.0,104797.0,72087.37,40879.902,619.4,220.0
3952,169518.72,94163.0,26686.98,8902.58,189.08,220.0
3953,253584.8,107709.0,65234.84,20751.35,389.57,220.0
3954,152612.33,88620.0,25453.49,5608.66,184.19,220.0
3955,72268.0,42803.0,28852.94,268.15,293.4,220.1
3956,161528.64,85345.0,33413.22,11866.07,280.36,220.1
3957,262143.0,106817.0,61743.7,13078.8,314.59,220.1
3958,193387.05,103196.0,46305.18,33392.46,624.29,220.1
3959,40212.48,15101.0,111481.2,340.81,464.55,220.1
3960,209876.8,101239.0,58607.21,10459.58,363.49,220.1
3961,117044.484,70021.0,30138.33,7395.75,275.47,220.2
3962,171657.92,98393.0,31347.6,13563.2,283.62,220.2
3963,220497.77,99388.0,41795.07,24462.201,322.74,220.2
3964,161632.8,84937.0,43990.44,21483.14,467.81,220.2
3965,200267.2,103615.0,35539.39,11241.54,215.16,220.2
3966,197485.12,98766.0,52562.59,19592.25,420.54,220.3
3967,151902.23,90882.0,36980.48,7556.64,252.65,220.3
3968,202845.44,96263.0,28456.77,16736.02,399.35,220.3
3969,190013.6,102864.0,35326.6,16704.88,215.16,220.3
3970,262143.0,101360.0,98833.17,38141.31,702.52997,220.3
3971,205844.8,103464.0,30032.8,17644.27,208.64,220.3
3972,262143.0,110937.0,93018.64,49583.53,757.95,220.3
3973,162814.4,97987.0,30553.531,18614.8,216.79,220.4
3974,178143.84,101434.0,32046.52,14940.28,303.18,220.4
3975,262143.0,120676.0,88138.31,10597.98,653.63,220.4
3976,177776.48,95435.0,39821.14,11833.2,264.06,220.4
3977,192642.23,87796.0,41817.56,18779.15,402.61,220.4
3978,229650.4,100528.0,36880.14,20092.22,280.36,220.5
3979,187975.2,98744.0,27439.531,22088.64,138.55,220.5
3980,262143.0,108340.0,73836.4,43829.55,528.12,220.5
3981,212784.33,102686.0,35172.63,11770.92,122.25,220.5
3982,195164.48,87624.0,67713.93,20924.35,528.12,220.6
3983,163136.95,89552.0,33240.22,8290.16,211.9,220.6
3984,211582.56,105049.0,35811.0,13599.53,327.63,220.6
3985,216527.36,109950.0,46955.66,12369.5,311.33,220.6
3986,201887.84,107119.0,37267.66,20078.38,102.69,220.7
3987,124332.32,76115.0,25808.14,14362.46,259.17,220.7
3988,175752.64,88376.0,40812.43,9796.99,265.69,220.7
3989,197615.05,107072.0,48177.04,42744.84,255.91,220.7
3990,167248.48,90031.0,35292.0,13886.71,233.09,220.7
3991,149033.92,83488.0,27041.63,9158.62,109.21,220.7
3992,184758.56,103793.0,25197.451,16362.34,174.41,220.8
3993,178103.52,98936.0,36293.67,6766.0303,163.0,220.8
3994,262143.0,108960.0,93608.57,43660.01,594.95,220.8
3995,196685.44,102603.0,36407.85,17680.6,270.58,220.8
3996,244810.72,107261.0,46606.2,24335.91,260.8,220.8
3997,195388.48,92992.0,53266.7,16194.53,296.66,220.8
3998,169563.52,93154.0,30923.75,11255.38,182.56,220.8
3999,195802.88,88165.0,41154.97,35880.2,384.68,220.8
4000,192540.33,100668.0,33669.26,14523.351,233.09,220.9
4001,170364.33,91804.0,32203.951,9549.601,207.01,220.9
4002,226878.4,99019.0,75308.63,30671.17,563.98,220.9
4003,185461.92,99013.0,22787.56,7300.6,226.56999,221.0
4004,192990.56,98093.0,31816.43,13282.94,386.31,221.0
4005,219608.48,100430.0,53392.992,19111.31,461.29,221.0
4006,234388.0,110641.0,48939.97,22512.49,374.9,221.0
4007,142358.72,78411.0,31150.38,10608.36,233.09,221.0
4008,178650.08,99768.0,25565.94,7003.04,210.27,221.1
4009,140097.44,85936.0,24328.99,13801.94,185.81999,221.1
4010,120619.52,74940.0,27543.33,28826.99,453.13998,221.1
4011,135667.84,80484.0,31996.35,11205.21,257.54,221.1
4012,124966.24,79533.0,23348.08,7767.7,350.45,221.1
4013,166464.48,98128.0,32397.71,10525.32,226.56999,221.2
4014,190080.8,92641.0,45599.34,17606.21,374.9,221.2
4015,60680.48,44108.0,30422.05,595.12,1118.18,221.2
4016,17120.32,6896.0,47799.902,10.38,218.42,221.2
4017,191935.52,106013.0,34470.25,9648.21,267.32,221.2
4018,257564.16,109677.0,42248.332,21446.81,400.98,221.2
4019,233470.72,106413.0,51643.96,20388.05,430.32,221.2
4020,177933.28,94500.0,22953.64,9805.64,179.3,221.2
4021,199969.28,106761.0,37854.13,7769.43,298.29,221.2
4022,202692.0,103473.0,27861.65,8605.0205,254.28,221.3
4023,236224.8,107457.0,64855.973,21159.63,472.7,221.3
4024,213020.64,100558.0,26197.39,23121.451,221.68,221.3
4025,196822.08,100052.0,55308.1,15090.79,345.56,221.3
4026,188638.23,104096.0,41182.652,13495.73,257.54,221.3
4027,218918.56,109381.0,34312.82,9918.09,296.66,221.3
4028,214730.88,105561.0,38425.03,14049.33,280.36,221.3
4029,205820.16,105068.0,37682.86,22538.44,304.81,221.3
4030,134702.4,75853.0,35189.93,20958.951,200.49,221.3
4031,201434.23,104868.0,33958.17,13710.25,321.11,221.4
4032,210262.08,100024.0,39186.23,19587.06,337.41,221.4
4033,219537.92,107313.0,41073.66,26939.56,326.0,221.4
4034,160128.64,98627.0,22182.06,9104.99,125.51,221.4
4035,157588.48,93218.0,26287.35,10618.74,127.14,221.4
4036,176948.8,99822.0,31845.84,12009.66,223.31,221.4
4037,187806.08,100813.0,41528.652,17300.0,211.9,221.5
4038,156716.0,88696.0,22815.24,11966.41,167.89,221.5
4039,96780.32,50253.0,56200.78,967.07,542.79,221.5
4040,237112.97,99990.0,50164.812,27458.56,443.36,221.5
4041,202352.64,99017.0,36857.652,22853.3,267.32,221.5
4042,183223.05,95460.0,60081.17,20270.41,464.55,221.5
4043,156055.2,87407.0,37113.69,13654.891,456.4,221.5
4044,231855.69,110096.0,59923.742,21204.61,624.29,221.7
4045,253571.36,111869.0,39475.14,34849.12,342.3,222.3
4046,260505.28,110588.0,74817.31,14841.67,531.38,222.3
4047,249480.0,105133.0,66279.76,31318.19,541.16,222.5
4048,190111.05,99501.0,25424.08,17512.791,179.3,222.5
4049,183710.23,91813.0,42009.59,14967.96,280.36,222.6
4050,234911.05,103209.0,40763.992,19362.16,347.19,222.6
4051,197874.88,102926.0,23154.32,17865.71,236.35,222.6
4052,168418.88,89774.0,32934.01,11340.15,262.43,222.6
4053,235240.33,98481.0,59825.13,16445.38,389.57,222.7
4054,87296.164,44090.0,39611.81,403.09,472.7,222.8
4055,152929.28,73560.0,31466.97,21327.44,523.23,223.0
4056,210599.2,104983.0,44575.18,14903.95,356.97,223.0
4057,194554.08,96472.0,30861.47,14270.7705,327.63,223.0
4058,177675.69,95360.0,23207.951,10170.67,207.01,223.0
4059,256503.52,108022.0,75142.555,12125.57,337.41,223.0
4060,172963.84,100716.0,27292.48,9302.21,122.25,223.0
4061,230692.0,101252.0,53956.97,18284.371,495.52,223.0
4062,141210.72,78943.0,31622.67,18848.35,264.06,223.1
4063,187171.05,96660.0,29183.371,8964.86,239.61,223.1
4064,146209.28,84776.0,45338.11,9495.97,229.83,223.1
4065,171607.52,83885.0,52841.12,26155.871,451.51,223.2
4066,142728.33,75093.0,47363.94,22796.21,386.31,223.2
4067,262143.0,106941.0,167140.48,152759.0,1652.82,223.2
4068,134988.0,75472.0,48355.23,4743.66,309.7,223.3
4069,184736.16,95394.0,40338.41,23976.07,376.53,223.3
4070,218616.16,103342.0,32278.34,13203.36,241.24,223.3
4071,150908.8,75023.0,40798.59,24488.15,436.84,223.4
4072,199006.08,98609.0,35198.582,8651.73,327.63,223.4
4073,262143.0,107256.0,55887.652,49389.77,619.4,223.4
4074,244586.72,104548.0,52500.312,20073.19,246.13,223.4
4075,262143.0,123123.0,175152.12,91067.2,1126.33,223.4
4076,262143.0,98089.0,166727.02,74834.61,1123.07,223.4
4077,10187.5205,9805.0,49491.84,50.170002,192.34,223.5
4078,26186.72,6192.0,82178.46,79.58,363.49,223.6
4079,24433.92,11593.0,53482.95,58.82,223.31,223.6
4080,157805.77,78403.0,32416.74,14813.99,288.51,223.9
4081,203237.44,98213.0,52489.93,19230.68,374.9,223.9
4082,148534.4,75829.0,50541.95,15595.95,420.54,224.1
4083,247950.08,98892.0,66177.69,24437.98,521.6,224.3
4084,203796.33,97013.0,25387.75,19573.22,254.28,224.4
4085,98969.92,60056.0,36276.37,10182.78,415.65,224.5
4086,181293.28,97061.0,23481.291,16708.34,244.5,224.5
4087,196487.2,102836.0,23223.52,13495.73,146.7,224.6
4088,212399.05,98465.0,33679.64,19422.71,311.33,224.7
4089,206375.69,102956.0,46334.59,22076.53,332.52,224.8
4090,205908.64,95695.0,32428.85,18320.701,342.3,224.8
4091,200587.52,103211.0,38295.28,12921.37,285.25,225.0
4092,208050.08,98281.0,55854.78,27975.83,523.23,225.0
4093,231590.23,104357.0,49642.35,25071.16,528.12,225.0
4094,193168.64,100653.0,28396.22,17637.35,326.0,225.1
4095,195926.08,94380.0,35229.72,25996.71,373.27,225.2
4096,184083.2,97470.0,35537.66,9392.17,324.37,225.2
4097,179505.77,98676.0,25687.041,13454.21,296.66,225.4
4098,162419.05,87624.0,27832.24,11478.55,210.27,225.7
4099,139793.92,85733.0,15834.69,11644.63,136.92,225.7
4100,133060.48,88413.0,24278.82,11158.5,174.41,225.9
4101,196517.44,98252.0,32044.791,23647.371,215.16,226.0
4102,109584.164,67272.0,38444.06,18545.6,415.65,226.1
4103,136422.72,75893.0,42068.41,6767.7603,303.18,226.1
4104,229342.4,95941.0,57391.02,25860.041,366.75,226.2
4105,200603.2,101088.0,35682.98,16853.66,236.35,226.2
4106,202562.08,97288.0,48590.51,21114.65,350.45,226.2
4107,173055.69,94827.0,17806.89,10736.38,184.19,226.3
4108,178172.95,94530.0,25443.11,12949.05,298.29,226.3
4109,155928.64,75283.0,61247.19,20651.01,418.91,226.4
4110,262143.0,99157.0,60569.03,42573.57,627.55,226.4
4111,198209.77,96572.0,57001.77,19716.81,273.84,226.5
4112,216348.16,99524.0,65032.43,25223.4,484.11,226.6
4113,139450.08,79645.0,37362.81,8393.96,195.6,226.7
4114,109242.56,70170.0,50291.1,15952.33,386.31,226.7
4115,251083.84,107143.0,57185.152,14739.601,467.81,226.8
4116,216504.95,106066.0,36753.85,12539.04,264.06,226.9
4117,82066.88,39893.0,34857.77,148.78,210.27,226.9
4118,179047.69,96372.0,31527.52,14990.45,159.74,227.0
4119,17717.28,16469.0,2242.08,128.02,345.56,227.0
4120,148394.4,81552.0,21671.71,10551.2705,216.79,227.1
4121,203844.48,98191.0,40021.82,13239.69,202.12,227.1
4122,174541.92,93483.0,25562.48,19850.02,358.6,227.1
4123,184541.28,99441.0,32261.041,10646.42,241.24,227.2
4124,170518.88,91816.0,26904.96,10809.04,203.75,227.3
4125,118481.44,72056.0,23740.791,7620.65,184.19,227.4
4126,158580.8,93269.0,25195.72,19121.69,163.0,227.4
4127,6448.96,5324.0,10065.14,110.72,17.93,227.6
4128,219514.4,107001.0,32124.371,7833.44,343.93,227.6
4129,191584.95,100032.0,36807.48,12343.55,314.59,227.6
4130,179359.05,99845.0,19907.11,10788.28,174.41,227.6
4131,205397.92,105633.0,23569.52,11558.13,179.3,227.6
4132,11477.76,10684.0,844.24,550.14,-13.04,227.7
4133,217394.23,101574.0,34904.48,20958.951,213.53,227.7
4134,215530.56,110908.0,27278.64,13881.5205,161.37,227.8
4135,181008.8,99048.0,32679.701,14149.67,255.91,227.9
4136,131819.52,75198.0,30515.47,13884.98,283.62,227.9
4137,172779.05,93349.0,18341.46,10068.601,117.36,227.9
4138,192451.84,96936.0,25406.781,12867.74,97.8,227.9
4139,174728.95,101344.0,20735.78,16454.03,229.83,228.0
4140,157711.69,91916.0,31416.8,10630.851,252.65,228.0
4141,206918.88,102520.0,32437.5,10916.3,257.54,228.1
4142,218280.16,104495.0,52512.42,24251.14,389.57,228.1
4143,171828.16,96482.0,27398.01,8812.62,133.66,228.1
4144,190612.8,100183.0,36234.85,10656.8,190.71,228.1
4145,189982.23,96508.0,29546.67,15102.9,277.1,228.2
4146,183087.52,97616.0,37056.6,7849.0103,145.06999,228.2
4147,213924.48,109993.0,38892.13,7025.5303,358.6,228.2
4148,230903.69,103941.0,32008.46,19166.67,332.52,228.2
4149,225416.8,106507.0,46500.67,20081.84,397.72,228.3
4150,216581.12,103432.0,54168.03,19353.51,503.67,228.3
4151,224296.8,97725.0,45594.152,22408.69,451.51,228.3
4152,236490.23,109225.0,35620.7,17095.86,293.4,228.3
4153,213430.56,103525.0,42578.76,21901.8,332.52,228.3
4154,243764.64,100240.0,86128.055,33210.81,619.4,228.3
4155,196828.8,98732.0,36207.17,13006.141,280.36,228.4
4156,243847.52,88636.0,68482.05,16415.97,485.74,228.4
4157,173512.64,94660.0,40295.16,8473.54,99.43,228.4
4158,262143.0,103725.0,87373.65,41625.53,645.48,228.5
4159,145884.48,77860.0,45986.86,15649.58,329.26,228.5
4160,262143.0,106540.0,219708.27,133414.14,1853.3099,228.5
4161,198255.69,97445.0,39715.61,18585.39,347.19,228.5
4162,197061.77,98604.0,52998.55,17725.58,423.8,228.5
4163,215398.4,103124.0,24024.51,12208.61,193.97,228.6
4164,183906.23,93798.0,29437.68,16582.05,205.38,228.6
4165,162786.4,88060.0,24571.19,16287.95,311.33,228.7
4166,204604.95,105425.0,22003.871,21071.4,154.85,228.7
4167,174885.77,91704.0,35323.14,14440.311,342.3,228.8
4168,189872.48,105408.0,46066.44,8329.95,337.41,228.8
4169,209932.8,101785.0,46813.8,19415.791,360.23,228.9
4170,197010.23,101540.0,35719.31,21029.88,208.64,229.0
4171,151540.48,82503.0,30577.75,22330.84,285.25,229.0
4172,202877.92,107577.0,34605.19,8518.5205,254.28,229.1
4173,229880.0,100876.0,63705.52,30700.58,489.0,229.1
4174,232537.77,112031.0,37558.3,9682.811,259.17,229.2
4175,176545.6,96372.0,31044.85,12862.55,140.18,229.2
4176,152600.0,83897.0,28704.16,11144.66,149.96,229.3
4177,172930.23,89070.0,34290.332,14021.65,299.92,229.3
4178,206250.23,103321.0,21180.39,9134.4,184.19,229.3
4179,218011.36,103536.0,43445.492,11890.29,306.44,229.3
4180,64367.52,36034.0,29930.73,160.89,213.53,229.3
4181,108976.0,70479.0,16701.42,6719.3203,161.37,229.4
4182,62173.44,42705.0,17353.63,64.01,55.42,229.5
4183,231293.44,102604.0,41132.48,25484.63,312.96,229.5
4184,147005.6,89588.0,29081.3,4046.47,143.44,229.5
4185,190394.4,100004.0,40461.242,14192.92,286.88,229.6
4186,123891.04,70721.0,51356.78,19362.16,281.99,229.6
4187,262143.0,118169.0,73763.74,53379.152,718.83,229.6
4188,201891.2,102816.0,56562.35,12383.34,330.88998,229.6
4189,244849.92,103801.0,50035.062,30207.531,306.44,229.7
4190,152435.36,91517.0,25474.25,13083.99,176.04,229.7
4191,262143.0,96171.0,92895.81,54929.23,793.81,229.7
4192,165163.05,95033.0,25588.43,19664.91,101.06,229.7
4193,262143.0,106536.0,100270.805,48950.35,733.5,229.8
4194,180324.48,90452.0,37011.62,9001.19,229.83,229.8
4195,196061.6,96554.0,52572.97,26285.621,334.15,229.8
4196,179103.69,90925.0,24121.39,12597.86,143.44,229.9
4197,201781.44,92475.0,29738.701,17710.01,166.26,229.9
4198,262143.0,102612.0,55188.73,53271.89,559.09,229.9
4199,262143.0,108616.0,125701.805,58368.47,1215.98,230.2
4200,13384.0,13058.0,361.57,1060.49,-35.86,230.3
4201,69681.92,31336.0,41217.25,475.75,427.06,230.4
4202,230196.97,107281.0,46813.8,26577.99,436.84,230.5
4203,223460.16,103890.0,55443.04,19147.64,456.4,230.5
4204,198045.12,87824.0,34174.42,16514.58,283.62,230.6
4205,182921.77,94635.0,21484.871,15177.29,239.61,230.7
4206,185796.8,102496.0,36373.25,7357.69,218.42,230.7
4207,209245.12,106992.0,41359.11,19872.51,340.67,230.8
4208,193539.36,100709.0,20894.94,16672.01,265.69,230.9
4209,220645.6,105547.0,39360.96,21185.58,306.44,230.9
4210,175959.84,99201.0,27344.38,15794.9,190.71,230.9
4211,132910.4,70865.0,41500.97,10471.69,298.29,231.0
4212,211546.72,102841.0,47379.51,25898.1,474.33,231.1
4213,115059.84,74017.0,19661.451,12090.97,251.02,231.1
4214,262143.0,99656.0,78391.49,47637.28,643.85,231.1
4215,171961.44,92920.0,25216.48,13679.11,130.4,231.1
4216,211182.72,91841.0,52657.742,18064.66,247.76,231.1
4217,169506.4,92432.0,39644.68,10072.061,246.13,231.3
4218,194768.0,95276.0,31714.36,13103.0205,296.66,231.3
4219,197050.56,97197.0,24766.68,17341.52,151.59,231.4
4220,226598.4,103665.0,53444.89,12085.78,278.73,231.4
4221,159465.6,92675.0,30915.1,12665.33,84.76,231.4
4222,201568.64,99176.0,43734.402,11118.71,303.18,231.4
4223,262143.0,115394.0,77500.54,36482.242,720.46,231.5
4224,18838.4,5577.0,29896.13,157.43001,223.31,231.5
4225,193346.72,81112.0,32958.23,31423.72,277.1,231.6
4226,28670.88,10569.0,8288.43,51.9,60.31,231.6
4227,262143.0,108851.0,37490.832,18684.0,487.37,231.7
4228,135506.56,79207.0,19666.64,27237.121,237.98,231.7
4229,262143.0,110856.0,55790.77,16524.96,469.44,231.8
4230,262143.0,101865.0,74832.88,29657.39,606.36,231.8
4231,185825.92,100085.0,35139.76,11497.58,339.04,232.3
4232,168822.08,92268.0,21341.28,10784.82,107.58,232.6
4233,70754.88,9381.0,146082.94,854.62,1044.83,232.6
4234,174591.2,99913.0,34369.91,8577.34,226.56999,233.2
4235,186764.48,99571.0,49289.43,36468.402,526.49,233.3
4236,186830.56,89877.0,52040.13,6548.0503,653.63,233.4
4237,252616.0,109169.0,56074.492,20522.99,438.47,233.5
4238,205156.0,100554.0,36362.87,20218.51,356.97,233.6
4239,122420.484,69745.0,22713.17,11457.79,190.71,233.7
4240,149931.05,88757.0,27896.25,9461.37,228.2,233.8
4241,22865.92,19905.0,4904.5503,41.52,353.71,233.8
4242,12939.36,13273.0,2261.11,202.41,34.23,233.9
4243,160192.48,90040.0,39238.13,37063.52,420.54,233.9
4244,177163.84,90275.0,31133.08,14748.25,368.38,233.9
4245,45328.64,37798.0,7411.3203,4018.79,73.35,234.0
4246,170340.8,90312.0,35430.4,17789.59,316.22,234.0
4247,198617.44,99908.0,25524.42,9248.58,264.06,234.0
4248,225271.2,96656.0,51877.51,9252.04,404.24,234.2
4249,181287.69,95522.0,38473.47,20016.1,278.73,234.3
4250,57314.88,13537.0,100158.35,219.71,371.63998,234.3
4251,170403.52,98018.0,20775.57,12193.04,272.21,234.4
4252,206417.12,95586.0,24744.19,21194.23,153.22,234.4
4253,141170.4,88637.0,14466.26,8710.55,112.47,234.4
4254,136750.88,74561.0,32792.15,12682.63,286.88,234.5
4255,201059.05,99173.0,42142.8,16521.5,254.28,234.5
4256,244810.72,104561.0,46502.402,37039.3,467.81,234.6
4257,262143.0,100597.0,54638.59,44090.78,638.96,234.7
4258,138632.48,59754.0,64015.19,655.67,475.96,234.7
4259,152633.6,84164.0,28802.77,16161.66,241.24,234.8
4260,206719.52,95743.0,41006.19,13907.47,337.41,234.8
4261,195479.2,100533.0,42021.7,14215.41,205.38,234.9
4262,172895.52,99553.0,28726.65,5314.56,223.31,234.9
4263,165576.33,80722.0,33361.32,23962.23,257.54,234.9
4264,140595.84,82966.0,38938.84,14592.55,304.81,234.9
4265,68653.76,38729.0,38111.902,186.84,330.88998,234.9
4266,186988.48,101146.0,34793.76,21208.07,350.45,235.0
4267,189604.8,99918.0,37862.78,25015.8,264.06,235.0
4268,159923.69,95867.0,26591.83,13653.16,277.1,235.0
4269,169238.72,93332.0,28307.99,18057.74,205.38,235.0
4270,184545.77,98514.0,38188.02,10764.061,288.51,235.1
4271,181677.44,95706.0,26233.72,12234.561,246.13,235.1
4272,213449.6,107846.0,40585.8,24155.99,339.04,235.1
4273,10719.5205,7756.0,1461.85,686.81,37.49,235.1
4274,199592.95,96201.0,38274.52,32174.541,291.77,235.1
4275,262143.0,98352.0,99985.35,19836.18,904.65,235.1
4276,188562.08,99768.0,46479.91,15130.58,335.78,235.3
4277,42921.76,12051.0,66449.3,147.05,557.46,235.4
4278,67270.56,30872.0,38836.77,294.1,404.24,235.4
4279,176308.16,93012.0,31911.58,14632.34,172.78,235.4
4280,167612.48,96041.0,51405.22,22784.1,482.48,235.6
4281,211019.2,100504.0,69450.85,11478.55,469.44,235.6
4282,112950.88,66881.0,36769.42,12314.14,340.67,235.7
4283,141626.23,88182.0,32413.281,9931.93,220.05,235.8
4284,196036.95,94574.0,38118.82,27771.69,319.48,235.8
4285,190270.08,98354.0,36430.34,10701.78,275.47,235.8
4286,188715.52,91348.0,21702.85,16537.07,267.32,235.9
4287,194852.0,103900.0,37573.87,14769.01,281.99,235.9
4288,192402.56,104611.0,30501.63,17509.33,234.72,235.9
4289,202039.05,102106.0,35108.62,25238.97,409.13,236.0
4290,227663.52,100490.0,34267.84,29114.17,402.61,236.1
4291,245620.48,116279.0,42528.59,28512.13,458.03,236.1
4292,240161.6,101604.0,50253.04,26287.35,461.29,236.2
4293,262143.0,99627.0,46850.13,5463.34,285.25,236.2
4294,245296.8,108883.0,42296.77,18893.33,366.75,236.3
4295,172413.92,97873.0,25251.08,19519.59,242.87,236.3
4296,190277.92,98523.0,33345.75,10580.68,252.65,236.3
4297,232024.8,105200.0,40672.3,18235.93,365.12,236.3
4298,222886.72,105365.0,58392.69,16177.23,461.29,236.4
4299,210827.69,102867.0,47877.75,15450.63,334.15,236.4
4300,228156.33,101361.0,55010.54,25052.13,430.32,236.4
4301,173690.72,90701.0,36120.67,15672.07,174.41,236.5
4302,169813.28,98068.0,24998.5,6411.38,159.74,236.5
4303,159718.72,98796.0,21934.67,14744.79,195.6,236.5
4304,134895.05,75028.0,22389.66,16893.45,205.38,236.6
4305,184849.28,102684.0,41052.902,17806.89,264.06,236.6
4306,163661.12,89808.0,28396.22,17014.55,321.11,236.6
4307,144240.33,85253.0,12291.65,9869.65,130.4,236.6
4308,235096.97,102432.0,37769.36,10151.64,316.22,236.6
4309,212481.92,100928.0,43819.17,12629.0,312.96,236.7
4310,143258.08,54364.0,211821.2,12971.54,585.17,236.7
4311,235296.33,97029.0,49201.2,27029.52,265.69,236.7
4312,173104.95,77485.0,36191.6,17915.88,317.85,236.8
4313,242649.12,105588.0,43587.35,15210.16,374.9,236.8
4314,262143.0,109720.0,87768.09,43094.3,635.7,236.8
4315,214185.44,99897.0,46692.7,10860.94,340.67,237.0
4316,84500.64,60996.0,19087.09,10355.78,158.11,237.0
4317,179008.48,97961.0,37463.152,8798.78,187.45,237.0
4318,155736.0,89479.0,27062.39,20671.77,342.3,237.1
4319,203967.69,103473.0,31752.42,16845.01,224.94,237.1
4320,181399.69,94349.0,41526.92,16374.45,396.09,237.2
4321,151988.48,88828.0,26524.36,9322.97,174.41,237.2
4322,131980.8,84129.0,37532.35,9949.23,288.51,237.2
4323,171477.6,98304.0,25166.31,5679.59,163.0,237.3
4324,158010.72,94229.0,22201.09,6439.06,105.95,237.3
4325,143212.16,86840.0,34816.25,3977.27,247.76,237.3
4326,60886.56,31272.0,30555.26,233.55,286.88,237.4
4327,224935.2,98161.0,59510.27,20132.01,409.13,237.4
4328,212900.8,104241.0,31608.83,20865.53,268.95,237.4
4329,133571.2,81636.0,26946.48,16531.88,198.86,237.4
4330,213737.44,107360.0,44196.31,22054.041,407.5,237.4
4331,177345.28,83160.0,52960.492,19197.81,384.68,237.5
4332,175570.08,92012.0,58138.38,19626.85,299.92,237.5
4333,118056.96,69261.0,29345.99,19080.17,166.26,237.5
4334,245193.77,101229.0,44736.07,21827.41,321.11,237.5
4335,171730.72,99213.0,20868.99,10930.14,166.26,237.6
4336,180227.05,80813.0,42580.492,6027.32,136.92,237.6
4337,162824.48,89336.0,34113.87,21396.64,280.36,237.7
4338,193997.44,101458.0,35688.17,20223.701,345.56,237.7
4339,262143.0,103571.0,150018.69,70865.99,2868.8,237.7
4340,125179.04,70614.0,38606.68,14940.28,322.74,237.7
4341,193810.4,100255.0,28411.791,8236.53,172.78,237.7
4342,161791.84,91373.0,27342.65,10037.46,203.75,237.8
4343,102851.84,57775.0,22464.05,11099.68,224.94,237.8
4344,186884.33,95171.0,41976.72,8302.2705,322.74,237.8
4345,206157.28,93100.0,86077.88,16561.291,588.43,237.8
4346,184992.64,100177.0,26853.06,14625.42,216.79,237.8
4347,206609.77,103532.0,33094.9,12812.38,370.01,237.9
4348,233584.97,106482.0,78398.414,24091.98,537.9,237.9
4349,251909.28,81124.0,173757.73,2430.6501,1432.77,237.9
4350,192772.16,98481.0,27295.94,19822.34,223.31,237.9
4351,169187.2,92113.0,24220.0,23064.36,198.86,238.0
4352,131162.08,79865.0,25427.541,8316.11,184.19,238.0
4353,239883.84,108221.0,80931.13,13355.601,456.4,238.0
4354,168500.64,81220.0,38942.3,12116.92,295.03,238.1
4355,211706.88,103347.0,30172.93,16691.041,311.33,238.1
4356,152536.16,84257.0,22495.19,16971.3,278.73,238.1
4357,262143.0,112101.0,73907.33,23410.36,353.71,238.1
4358,202750.23,91292.0,42938.6,26411.91,298.29,238.1
4359,212978.08,105600.0,42051.11,23363.65,198.86,238.2
4360,45127.04,28321.0,9438.88,-8.65,45.64,238.2
4361,175449.12,108491.0,33236.76,16035.37,259.17,238.3
4362,226840.33,111197.0,38847.152,24261.52,301.55,238.3
4363,175506.23,94073.0,43132.36,18964.26,182.56,238.3
4364,230634.88,104579.0,51400.03,21749.56,482.48,238.4
4365,30907.52,22668.0,9688.0,-38.06,61.94,238.5
4366,181889.12,102516.0,31686.68,11942.19,220.05,238.7
4367,191215.36,95220.0,29773.3,20682.15,239.61,238.7
4368,164810.23,89955.0,28799.31,12793.351,288.51,239.0
4369,13039.04,12561.0,1012.05,880.57,63.57,239.0
4370,22330.56,7624.0,60421.98,243.93001,247.76,239.1
4371,155329.44,87217.0,47109.63,17597.56,459.66,239.1
4372,19242.72,14885.0,6622.44,65.74,73.35,239.1
4373,219410.23,103356.0,42815.77,23977.8,316.22,239.2
4374,176458.23,97509.0,34539.45,16512.85,195.6,239.3
4375,172656.95,90573.0,27482.781,7461.49,156.48,239.4
4376,232039.36,106449.0,33357.86,24643.85,368.38,239.4
4377,178267.05,97924.0,23879.19,18929.66,242.87,239.5
4378,262143.0,92104.0,80552.26,29662.58,485.74,239.5
4379,222985.28,103022.0,40270.94,19986.69,402.61,239.6
4380,173672.8,99235.0,39482.06,12769.13,184.19,239.6
4381,217022.4,97958.0,32655.48,12715.5,141.81,239.6
4382,109166.4,66746.0,31370.09,32217.791,277.1,239.7
4383,222769.12,96084.0,46521.43,25280.49,324.37,239.7
4384,210394.23,89589.0,63582.69,26963.781,537.9,239.8
4385,220076.64,102216.0,57771.62,19825.8,330.88998,239.8
4386,212638.72,96904.0,46557.76,32657.21,319.48,239.8
4387,220048.64,101160.0,59235.2,16701.42,415.65,239.9
4388,189971.05,96160.0,36930.31,16052.67,334.15,239.9
4389,262143.0,123325.0,153599.78,73723.95,1382.24,239.9
4390,26108.32,25113.0,2247.27,1823.42,-34.23,240.1
4391,209972.0,100194.0,46434.93,25339.31,374.9,240.1
4392,221905.6,99189.0,44405.64,15260.33,374.9,240.1
4393,194044.48,98756.0,37518.51,7110.3003,303.18,240.3
4394,162904.0,93465.0,18682.27,12125.57,149.96,240.4
4395,161764.95,97710.0,25432.73,10732.92,272.21,240.4
4396,21004.48,14948.0,14774.2,95.15,200.49,240.5
4397,171670.23,97317.0,27842.621,14275.96,208.64,240.5
4398,180187.84,101017.0,29024.21,10438.82,236.35,240.5
4399,181107.36,92413.0,45801.75,21010.85,347.19,240.6
4400,231973.28,109804.0,61556.86,9421.58,508.56,240.7
4401,165099.2,94696.0,22752.96,11072.0,229.83,240.8
4402,166482.4,85664.0,57539.8,12115.19,417.28,240.9
4403,124126.24,76332.0,26647.19,5491.02,110.84,241.0
4404,210988.95,103916.0,51763.332,13471.51,277.1,241.1
4405,179025.28,100317.0,40426.64,24301.31,454.77,241.3
4406,144793.6,92556.0,15755.11,26958.59,303.18,241.3
4407,141820.0,71441.0,31058.69,12739.72,234.72,241.4
4408,188856.64,96157.0,42045.92,5061.98,273.84,241.4
4409,126775.04,69296.0,33058.57,12897.15,268.95,241.5
4410,167811.84,90856.0,30017.23,7797.11,239.61,241.5
4411,163226.56,79574.0,48623.38,24060.84,440.1,241.5
4412,255100.16,106345.0,66551.37,30717.88,443.36,241.7
4413,78768.48,19797.0,131713.55,472.29,733.5,241.7
4414,116969.44,69848.0,16339.851,12917.91,123.88,241.8
4415,197275.69,96609.0,36210.63,17985.08,373.27,241.9
4416,160612.48,80427.0,34930.43,37226.14,383.05,241.9
4417,181573.28,96300.0,42611.63,11803.79,260.8,242.0
4418,147700.0,90864.0,27508.73,10834.99,197.23,242.0
4419,190755.05,95821.0,35944.21,18851.81,143.44,242.1
4420,167802.88,92785.0,28091.74,21107.73,221.68,242.1
4421,134006.88,79112.0,24868.75,12184.39,314.59,242.1
4422,195102.88,102873.0,35977.082,15478.311,293.4,242.2
4423,85093.12,55671.0,38046.16,10817.69,391.2,242.2
4424,222703.05,107547.0,42538.97,8272.86,264.06,242.2
4425,217022.4,96314.0,61307.742,10326.37,534.64,242.3
4426,146133.12,87806.0,34226.32,4347.49,255.91,242.3
4427,174436.64,94665.0,27584.85,15734.351,288.51,242.3
4428,182417.77,94469.0,52913.78,25770.08,371.63998,242.3
4429,255507.84,113737.0,43552.75,10269.28,396.09,242.3
4430,227737.44,108453.0,48009.23,14229.25,578.65,242.4
4431,118269.76,74912.0,16836.36,10648.15,189.08,242.4
4432,210092.95,94905.0,52441.492,20126.82,412.38998,242.4
4433,183272.33,97290.0,24469.121,22856.76,241.24,242.5
4434,183164.8,94970.0,33632.93,16426.35,268.95,242.5
4435,223534.08,107826.0,39020.152,17457.43,213.53,242.5
4436,262143.0,110736.0,117385.69,29245.65,1059.5,242.5
4437,234407.05,107608.0,49683.87,21804.92,366.75,242.5
4438,142919.84,89197.0,20215.05,11229.43,114.1,242.6
4439,247568.16,106637.0,50976.18,37127.53,489.0,242.6
4440,89091.52,50651.0,30586.4,10511.48,273.84,242.6
4441,247327.36,110142.0,37560.03,24678.451,519.97,242.6
4442,199725.12,95115.0,26233.72,18438.34,262.43,242.6
4443,224442.4,105082.0,64478.832,24360.13,431.95,242.7
4444,151300.8,75131.0,46867.43,20112.98,420.54,242.7
4445,182444.64,97492.0,27655.781,18431.42,260.8,242.7
4446,169599.36,97684.0,25008.88,8127.54,361.86,242.7
4447,209328.0,96304.0,36838.62,10546.08,487.37,242.9
4448,192168.48,90455.0,40634.242,20327.5,438.47,242.9
4449,185353.28,98837.0,30498.17,12630.73,264.06,242.9
4450,190378.72,106989.0,57705.88,12154.98,384.68,242.9
4451,171086.72,91448.0,29657.39,13222.391,229.83,242.9
4452,211346.23,98136.0,28761.25,16369.26,249.39,243.0
4453,188861.12,92608.0,53510.63,14402.25,295.03,243.0
4454,229830.72,105500.0,33459.93,17761.91,249.39,243.1
4455,221348.97,88624.0,58856.332,31626.13,495.52,243.2
4456,187126.23,95320.0,46734.22,4105.29,309.7,243.2
4457,209120.8,101515.0,31489.46,16734.291,348.82,243.2
4458,262143.0,98741.0,172008.72,44865.82,1512.64,243.2
4459,185830.4,98143.0,36648.32,19068.06,312.96,243.3
4460,186248.16,94588.0,41262.23,17073.371,207.01,243.3
4461,227046.4,109433.0,38374.86,25410.24,265.69,243.3
4462,163487.52,89769.0,26631.621,13064.96,228.2,243.3
4463,238020.16,102804.0,52285.79,25233.781,510.19,243.3
4464,205988.16,98736.0,37338.59,19320.64,285.25,243.3
4465,164693.77,86641.0,30537.96,24235.57,366.75,243.4
4466,170026.08,89465.0,24664.61,23009.0,273.84,243.4
4467,181901.44,94497.0,28884.08,16400.4,190.71,243.4
4468,180340.16,80914.0,25211.291,22796.21,185.81999,243.4
4469,123852.96,74793.0,27010.49,7373.2603,195.6,243.4
4470,235799.2,112344.0,43568.32,22017.71,449.88,243.5
4471,166843.05,100016.0,21178.66,11355.72,167.89,243.5
4472,182931.84,88537.0,39504.55,13042.47,288.51,243.5
4473,163937.77,92117.0,19407.14,13540.71,207.01,243.5
4474,167763.69,100316.0,19040.38,12435.24,92.909996,243.6
4475,262143.0,122244.0,68106.64,30968.73,705.79,243.6
4476,168804.16,89776.0,37239.98,5997.91,316.22,243.6
4477,201071.36,97256.0,48168.39,14912.601,334.15,243.6
4478,224471.52,99299.0,60134.8,19261.82,314.59,243.6
4479,229180.0,97967.0,44614.97,10058.22,358.6,243.6
4480,262143.0,110792.0,115461.93,38295.28,1152.41,243.7
4481,185009.44,85245.0,56145.42,8397.42,436.84,243.7
4482,182211.69,95229.0,49000.52,10447.47,350.45,243.7
4483,144959.36,83403.0,26231.99,9511.54,164.63,243.7
4484,206482.08,101134.0,39741.56,17329.41,295.03,243.7
4485,222473.44,106720.0,45267.18,6518.64,324.37,243.8
4486,222383.84,101607.0,51967.47,12743.18,270.58,243.8
4487,210627.2,104348.0,55792.5,21284.19,356.97,243.8
4488,173160.95,93720.0,31866.6,10651.61,164.63,243.9
4489,258975.36,105352.0,43587.35,19227.22,376.53,243.9
4490,262143.0,116240.0,82962.15,22640.51,389.57,243.9
4491,169061.77,87802.0,28724.92,8951.0205,91.28,243.9
4492,185792.33,98928.0,29840.77,12857.36,177.67,244.0
4493,207504.64,94649.0,50019.492,27475.86,400.98,244.0
4494,133743.69,86317.0,18225.55,13312.351,368.38,244.0
4495,262143.0,104885.0,95345.49,109488.24,1048.09,244.0
4496,163651.05,89348.0,31229.96,6129.39,202.12,244.1
4497,136983.84,80365.0,26697.36,12393.72,231.46,244.1
4498,173470.08,92587.0,45832.89,16061.32,169.52,244.2
4499,183510.88,97848.0,38489.04,11514.88,246.13,244.2
4500,262143.0,122065.0,85545.04,35174.36,749.8,244.2
4501,262143.0,112314.0,108310.11,48543.8,943.77,244.3
4502,142285.92,74900.0,25408.51,8428.561,259.17,244.3
4503,204171.52,102492.0,45843.27,14606.391,387.94,244.3
4504,168280.0,88548.0,53915.45,51228.76,410.76,244.3
4505,70685.44,47897.0,31984.24,162.62,247.76,244.4
4506,262143.0,108117.0,93333.5,38532.29,798.7,244.4
4507,220981.6,101307.0,59432.42,24444.9,420.54,244.5
4508,252592.48,103055.0,40488.92,13741.391,533.01,244.5
4509,163281.44,92921.0,32712.57,19872.51,164.63,244.5
4510,190293.6,97294.0,32906.332,10975.12,267.32,244.5
4511,17207.68,13768.0,10404.22,58.82,226.56999,244.6
4512,184400.16,89453.0,29439.41,15768.95,285.25,244.6
4513,151421.77,88384.0,32264.5,4831.89,193.97,244.6
4514,10269.28,9784.0,3461.73,212.79001,378.16,244.7
4515,187407.36,102276.0,36620.64,19158.02,237.98,244.7
4516,194438.72,101463.0,22832.541,11622.14,301.55,244.7
4517,176159.2,95428.0,34442.57,17884.74,299.92,244.8
4518,171054.23,94540.0,29320.041,10809.04,234.72,244.8
4519,168349.44,91377.0,30062.21,10508.0205,283.62,244.8
4520,181526.23,101288.0,36534.14,21379.34,373.27,244.8
4521,202436.64,106221.0,35966.7,19640.69,224.94,244.8
4522,238201.6,110279.0,44312.22,19074.98,477.59,244.9
4523,167743.52,91709.0,30880.5,9297.0205,66.83,244.9
4524,262143.0,108888.0,73734.33,24463.93,490.63,244.9
4525,190746.08,99231.0,26749.26,16410.78,237.98,244.9
4526,205132.48,101788.0,33003.21,11025.29,159.74,244.9
4527,182740.33,99493.0,27783.8,11208.67,198.86,244.9
4528,148695.69,86725.0,35746.992,14493.94,285.25,245.0
4529,262143.0,125597.0,127132.51,63548.09,999.19,245.0
4530,179541.6,90920.0,46071.63,11338.42,409.13,245.0
4531,179492.33,99980.0,30717.88,9321.24,221.68,245.1
4532,71134.56,36441.0,44391.8,451.53,361.86,245.1
4533,258142.08,107396.0,86349.49,23694.08,712.31,245.1
4534,194964.0,103967.0,35089.59,6416.5703,239.61,245.1
4535,262143.0,92481.0,68795.18,39655.06,515.08,245.1
4536,262143.0,107421.0,56136.77,23578.17,329.26,245.1
4537,187614.56,94157.0,30276.73,11525.26,148.33,245.1
4538,174770.4,88665.0,30288.84,15018.13,251.02,245.2
4539,159651.52,88169.0,18171.92,17059.53,166.26,245.2
4540,201389.44,102081.0,18661.51,16988.6,164.63,245.2
4541,227796.8,111001.0,43310.55,24538.32,343.93,245.2
4542,222827.36,105208.0,37878.35,12068.48,309.7,245.2
4543,170195.2,93129.0,21645.76,10393.84,179.3,245.2
4544,84211.68,52461.0,19524.78,23417.28,192.34,245.3
4545,213416.0,96540.0,46068.17,14879.73,316.22,245.3
4546,174940.64,88906.0,22981.32,9212.25,190.71,245.4
4547,197338.4,103696.0,38857.53,19770.44,247.76,245.5
4548,219021.6,109877.0,40011.44,19059.41,249.39,245.7
4549,197464.95,100323.0,30020.69,24221.73,283.62,245.8
4550,230089.44,104636.0,49934.72,11075.46,319.48,246.0
4551,182020.16,98941.0,22630.13,9701.84,259.17,246.0
4552,187275.2,84409.0,35631.082,29705.83,400.98,246.2
4553,175711.2,98076.0,29809.63,12338.36,402.61,246.3
4554,164094.56,82421.0,82925.82,24574.65,673.19,246.3
4555,185638.88,85035.0,61748.89,24597.14,573.76,246.3
4556,159536.16,93500.0,19670.1,10309.07,172.78,246.4
4557,157131.52,90967.0,33160.64,14815.72,246.13,246.5
4558,52839.36,36313.0,9563.44,-58.82,105.95,246.5
4559,193508.0,94321.0,30619.27,21071.4,267.32,246.5
4560,169855.84,89061.0,31212.66,19505.75,265.69,246.5
4561,133481.6,78105.0,27128.13,11940.46,220.05,246.6
4562,177699.2,91205.0,33293.85,12047.72,247.76,246.6
4563,262143.0,115642.0,66451.03,30467.031,691.12,246.6
4564,163614.08,82065.0,49592.18,6852.5303,427.06,246.7
4565,158664.8,92382.0,26809.81,10648.15,154.85,246.7
4566,234293.92,108041.0,25725.1,11665.39,345.56,246.7
4567,57228.64,36879.0,24787.44,162.62,195.6,246.8
4568,206539.2,105901.0,30709.23,12334.9,378.16,246.9
4569,262143.0,90161.0,53854.902,32416.74,534.64,246.9
4570,150067.69,81468.0,44954.05,16374.45,392.83,246.9
4571,251268.64,113612.0,40852.22,29726.59,443.36,246.9
4572,226525.6,103482.0,59264.61,20592.19,373.27,247.0
4573,262143.0,99812.0,65314.42,20663.121,648.74,247.1
4574,193476.64,104824.0,34859.5,27430.88,293.4,247.1
4575,228034.23,111984.0,47104.44,16120.141,454.77,247.1
4576,197986.88,93696.0,26562.42,32321.59,361.86,247.1
4577,187309.92,94531.0,31293.97,12814.11,330.88998,247.2
4578,184835.84,102679.0,29083.031,20993.55,326.0,247.2
4579,144748.8,74058.0,42907.46,19483.26,311.33,247.2
4580,131813.92,67477.0,32108.8,17088.94,337.41,247.3
4581,140784.0,76548.0,57295.87,29442.871,458.03,247.3
4582,210527.52,103806.0,36392.28,19137.26,309.7,247.3
4583,240412.48,103536.0,71320.984,10530.51,493.88998,247.3
4584,164179.69,88410.0,44161.71,9892.14,265.69,247.4
4585,177299.36,98300.0,23991.64,23116.26,148.33,247.4
4586,155491.84,83045.0,48920.94,12608.24,220.05,247.4
4587,157700.48,90116.0,32975.53,11549.48,224.94,247.4
4588,253692.33,105528.0,38402.54,23237.36,384.68,247.5
4589,171335.36,94532.0,25287.41,4447.83,259.17,247.5
4590,189859.05,98197.0,38011.56,24597.14,288.51,247.6
4591,183972.33,88549.0,35769.48,23344.621,187.45,247.6
4592,155730.4,91837.0,24152.53,13314.08,200.49,247.6
4593,174824.16,75029.0,22412.15,6347.37,405.87,247.6
4594,262143.0,108217.0,58517.25,26494.951,678.08,247.6
4595,206244.64,106544.0,44011.2,21322.25,433.58,247.7
4596,239086.4,114464.0,68547.79,34328.39,480.85,247.7
4597,145895.69,89931.0,11206.94,5721.11,94.54,247.7
4598,220025.12,99188.0,41684.35,14772.47,541.16,247.7
4599,148420.16,84981.0,41611.69,8705.36,264.06,247.7
4600,182008.95,88125.0,43853.77,12544.23,254.28,247.8
4601,262143.0,96673.0,153585.94,43609.84,1339.86,247.8
4602,191702.56,98712.0,39449.19,14206.76,221.68,247.9
4603,53673.76,29996.0,15180.75,60.55,110.84,248.0
4604,71538.88,12673.0,187315.75,359.84,1131.22,248.0
4605,227483.2,107457.0,44644.38,23389.6,370.01,248.1
4606,38832.64,9648.0,171240.6,619.34,947.02997,248.1
4607,32519.2,7493.0,65468.39,185.11,326.0,248.3
4608,130865.28,88035.0,18941.77,12824.49,143.44,248.4
4609,24812.48,6568.0,38520.18,74.39,234.72,248.4
4610,171535.84,95020.0,21016.041,14793.23,254.28,248.7
4611,163163.84,93189.0,34191.72,19474.61,254.28,248.8
4612,216856.64,101160.0,52834.2,13360.79,301.55,248.9
4613,53880.96,16037.0,112008.85,477.48,632.44,249.0
4614,186511.36,99657.0,27906.63,8530.63,156.48,249.0
4615,206790.08,103529.0,30733.451,14355.54,347.19,249.1
4616,20884.64,13840.0,5316.29,48.440002,-1.63,249.2
4617,201522.72,106008.0,36573.93,23278.88,207.01,249.3
4618,210657.44,104166.0,63015.25,12966.351,290.13998,249.3
4619,226007.05,112058.0,32539.57,18012.76,340.67,249.4
4620,15040.48,9981.0,32761.01,41.52,167.89,249.4
4621,177150.4,96510.0,26052.07,9859.2705,255.91,249.4
4622,164851.69,95240.0,25754.51,5150.21,193.97,249.5
4623,210641.77,103105.0,31060.42,18133.86,319.48,249.5
4624,216017.77,103676.0,36812.67,19739.3,171.15,249.6
4625,17778.88,5957.0,40687.87,55.36,384.68,249.7
4626,228548.33,110509.0,43955.84,43751.7,342.3,249.8
4627,198086.56,100375.0,28442.93,10284.851,220.05,249.9
4628,163717.12,88596.0,43857.23,7234.86,241.24,249.9
4629,149904.16,88313.0,40506.22,9374.87,290.13998,250.0
4630,174279.84,97208.0,22297.97,15021.59,187.45,250.0
4631,166306.56,90556.0,25124.791,25903.291,234.72,250.0
4632,233980.33,101696.0,75557.75,35700.28,612.88,250.0
4633,188127.52,96065.0,36776.34,14400.5205,303.18,250.1
4634,240312.8,121923.0,66065.24,21849.9,591.69,250.1
4635,187082.56,97342.0,23944.93,8662.11,218.42,250.1
4636,156400.16,96045.0,19301.61,6785.06,110.84,250.1
4637,179543.84,94919.0,29567.43,15570.0,207.01,250.1
4638,150428.33,89464.0,24422.41,8970.05,125.51,250.1
4639,15274.561,7460.0,19600.9,231.82,202.12,250.2
4640,197589.28,99756.0,41103.07,11241.54,281.99,250.2
4641,157795.69,91317.0,27159.27,13599.53,176.04,250.2
4642,195356.0,93301.0,32593.201,14203.3,368.38,250.3
4643,262143.0,117956.0,88349.37,44627.082,947.02997,250.3
4644,210218.4,103184.0,40661.92,27565.82,472.7,250.3
4645,144462.08,88393.0,24244.22,13635.86,81.5,250.4
4646,171561.6,97598.0,38400.81,16187.61,296.66,250.4
4647,209978.72,95805.0,58693.71,32681.43,444.99,250.4
4648,167717.77,94016.0,38291.82,13301.97,257.54,250.4
4649,262143.0,112392.0,73962.69,30958.35,399.35,250.4
4650,188183.52,95457.0,47585.38,21182.121,221.68,250.4
4651,262143.0,33404.0,262143.0,3158.98,4203.77,250.5
4652,256677.12,100350.0,89648.6,4892.44,630.81,250.5
4653,182520.8,96236.0,26590.1,8956.21,234.72,250.6
4654,191928.8,95329.0,43568.32,35437.32,226.56999,250.7
4655,183697.92,93869.0,34776.46,33110.47,355.34,250.8
4656,235496.8,104564.0,48076.7,13912.66,391.2,250.8
4657,152877.77,83680.0,43153.12,16554.371,389.57,250.9
4658,224025.77,107872.0,31435.83,29904.781,255.91,251.0
4659,184309.44,105218.0,29915.16,9144.78,187.45,251.0
4660,256253.77,106997.0,37572.14,10670.64,321.11,251.1
4661,145159.84,80008.0,43525.07,37658.64,383.05,251.1
4662,179214.56,94016.0,37980.42,8435.48,275.47,251.2
4663,191828.0,98725.0,28425.63,16308.71,133.66,251.2
4664,183644.16,100812.0,28823.531,11923.16,296.66,251.2
4665,222044.48,103561.0,40885.09,3958.24,343.93,251.2
4666,237750.23,100632.0,32010.19,47149.42,308.07,251.2
4667,199106.88,105076.0,26733.69,11762.2705,260.8,251.2
4668,136282.72,78916.0,37203.652,13890.17,275.47,251.3
4669,229197.92,104254.0,34817.98,20111.25,290.13998,251.3
4670,262143.0,104627.0,85195.58,42490.53,634.07,251.4
4671,205673.44,98855.0,47421.03,15796.63,417.28,251.4
4672,176985.77,98597.0,25939.621,13938.61,286.88,251.4
4673,135901.92,82225.0,22875.791,10348.86,174.41,251.5
4674,262143.0,110649.0,87992.99,30179.85,689.49,251.5
4675,194266.23,104100.0,39123.95,12694.74,226.56999,251.5
4676,194410.72,93732.0,40248.45,17742.88,252.65,251.5
4677,165786.88,88021.0,30845.9,16613.19,326.0,251.5
4678,86553.6,41893.0,45613.18,375.41,498.78,251.7
4679,186021.92,97272.0,31845.84,21055.83,286.88,251.7
4680,142160.48,68713.0,64696.812,863.27,471.07,251.7
4681,157195.36,93019.0,20294.63,10821.15,262.43,251.8
4682,101905.44,64790.0,20398.43,12241.48,277.1,251.8
4683,201038.88,95065.0,44896.96,8307.46,430.32,251.9
4684,162212.95,98272.0,16256.811,13601.26,163.0,252.0
4685,195455.69,97672.0,37283.23,22932.88,193.97,252.1
4686,162389.92,94764.0,26259.67,10940.5205,272.21,252.1
4687,158732.0,88161.0,34819.71,21742.64,277.1,252.1
4688,262143.0,103286.0,82624.805,35196.85,790.55,252.2
4689,227263.69,104321.0,46408.98,26183.55,309.7,252.2
4690,195630.4,95417.0,35558.42,18895.06,355.34,252.3
4691,151133.92,87426.0,40307.27,13706.79,195.6,252.3
4692,163990.4,90820.0,13414.42,15080.41,203.75,252.3
4693,162520.95,96733.0,24948.33,9366.22,192.34,252.3
4694,214020.8,97012.0,51218.38,17272.32,370.01,252.4
4695,166328.95,97975.0,33375.16,4328.46,185.81999,252.5
4696,232603.84,101949.0,44756.832,23649.1,326.0,252.5
4697,180128.48,99842.0,27482.781,11623.87,193.97,252.5
4698,169023.69,90421.0,34243.62,9200.14,255.91,252.6
4699,222397.28,103805.0,42480.152,22022.9,236.35,252.6
4700,112882.56,67554.0,27740.55,16789.65,149.96,252.6
4701,235977.28,101557.0,80204.53,42675.64,562.35,252.7
4702,166968.48,90561.0,38198.402,15403.92,343.93,252.7
4703,233770.88,104773.0,39675.82,26674.871,234.72,252.7
4704,157470.88,82144.0,34708.992,19012.701,259.17,252.8
4705,131689.6,71657.0,56384.16,33735.0,435.21,252.8
4706,262143.0,111764.0,61920.16,28972.31,490.63,252.8
4707,249840.64,110230.0,48218.56,16059.59,298.29,252.8
4708,180745.6,93731.0,23310.02,12040.8,167.89,252.9
4709,262143.0,108138.0,66049.67,28093.47,456.4,252.9
4710,197153.6,97856.0,31001.6,15012.94,291.77,252.9
4711,215178.88,102869.0,37406.06,11405.89,293.4,253.0
4712,262143.0,95721.0,66243.43,38246.84,544.42,253.0
4713,168771.69,94085.0,27612.531,7715.8003,136.92,253.0
4714,233923.2,102457.0,29423.84,20149.31,286.88,253.0
4715,199299.52,98300.0,46775.742,21555.8,306.44,253.1
4716,262143.0,101713.0,69236.33,9658.59,495.52,253.2
4717,231368.48,104445.0,58652.19,18258.42,400.98,253.2
4718,189971.05,94928.0,40457.78,8169.06,322.74,253.3
4719,217407.69,95313.0,51240.87,21384.53,330.88998,253.3
4720,153949.6,88432.0,26408.451,15779.33,205.38,253.4
4721,170540.16,59445.0,32091.5,8151.7603,115.73,253.5
4722,181569.92,87395.0,63574.04,37487.37,353.71,253.5
4723,226387.84,109509.0,38001.18,17305.19,314.59,253.5
4724,65160.48,38669.0,15888.32,108.99,136.92,253.6
4725,233363.2,103010.0,59550.062,19803.31,427.06,253.6
4726,172857.44,90672.0,54576.312,25915.4,533.01,253.7
4727,222741.12,100844.0,51116.312,23334.24,425.43,253.8
4728,178421.6,98600.0,27046.82,16642.6,202.12,253.9
4729,210304.64,104933.0,44710.12,14443.7705,485.74,254.0
4730,177008.16,97788.0,25495.01,12528.66,180.93,254.2
4731,204622.88,105101.0,45076.88,14583.9,353.71,254.4
4732,153979.84,82116.0,33022.242,25998.44,379.79,254.6
4733,172656.95,94560.0,31529.25,10741.57,288.51,254.6
4734,189887.05,93849.0,26052.07,9355.84,241.24,254.6
4735,194734.4,102401.0,34170.96,17947.02,264.06,254.7
4736,166682.88,95464.0,25339.31,15445.44,220.05,254.8
4737,167751.36,96323.0,25086.73,17626.97,179.3,254.8
4738,187087.05,98015.0,28854.67,16265.46,264.06,254.8
4739,147462.56,91080.0,20609.49,13962.83,229.83,254.9
4740,262143.0,107532.0,88591.57,16595.89,735.13,254.9
4741,166947.2,89929.0,16858.85,16144.36,35.86,254.9
4742,206386.88,98024.0,34427.0,15023.32,241.24,254.9
4743,201611.2,98460.0,45095.91,13141.08,383.05,254.9
4744,191738.4,98473.0,31662.46,20874.18,277.1,255.0
4745,262143.0,111020.0,49431.29,33674.45,443.36,255.0
4746,182164.64,83133.0,49272.13,24847.99,492.26,255.0
4747,248013.92,101388.0,39201.8,13554.55,281.99,255.0
4748,213482.08,104050.0,27650.59,15436.79,229.83,255.0
4749,141069.6,84597.0,71199.88,22439.83,428.69,255.1
4750,188025.6,87629.0,47049.082,21848.17,498.78,255.1
4751,173165.44,98477.0,22586.88,11435.3,122.25,255.1
4752,229610.08,98233.0,43255.19,25439.65,394.46,255.1
4753,171428.33,96410.0,24699.21,15938.49,192.34,255.1
4754,152641.44,86086.0,31352.791,18857.0,370.01,255.2
4755,166145.28,99226.0,21801.46,8357.63,211.9,255.2
4756,206517.92,103748.0,45959.18,26962.05,322.74,255.2
4757,189524.16,105113.0,29025.94,27650.59,264.06,255.2
4758,156489.77,78812.0,40885.09,20799.791,409.13,255.3
4759,212507.69,104525.0,62575.832,16564.75,479.22,255.3
4760,262143.0,108386.0,121937.32,67347.17,1313.78,255.3
4761,213464.16,101922.0,37738.22,8136.19,374.9,255.4
4762,13956.32,5816.0,12059.83,375.41,1173.6,255.4
4763,207711.84,96415.0,45526.68,15383.16,449.88,255.4
4764,30595.041,14074.0,47671.88,159.16,242.87,255.4
4765,152566.4,84080.0,27366.871,17344.98,143.44,255.4
4766,196894.88,106457.0,41483.67,6316.23,352.08,255.5
4767,262143.0,108623.0,182516.73,92952.9,1444.18,255.6
4768,262143.0,104554.0,45518.03,29999.93,370.01,255.6
4769,152389.44,93856.0,38563.43,11468.17,200.49,255.7
4770,206963.69,108360.0,35314.492,16121.87,275.47,255.8
4771,14361.76,5660.0,31641.701,159.16,197.23,255.8
4772,73236.8,47229.0,59358.03,647.02,405.87,255.8
4773,214270.56,104795.0,39722.53,23865.35,298.29,256.0
4774,179620.0,87905.0,66217.484,30923.75,523.23,256.0
4775,244777.12,107328.0,64670.86,34589.62,474.33,256.1
4776,206674.72,99546.0,41762.2,12068.48,370.01,256.1
4777,54732.16,35433.0,29764.65,216.25,283.62,256.1
4778,235295.2,104289.0,50516.0,7598.16,441.73,256.2
4779,199780.0,98704.0,49727.12,22645.701,453.13998,256.2
4780,188923.84,99640.0,37087.742,17896.85,312.96,256.2
4781,179117.12,96276.0,31063.88,5254.0103,312.96,256.3
4782,13661.76,10191.0,6061.92,53.63,84.76,256.3
4783,223767.05,95356.0,46324.21,8921.61,343.93,256.3
4784,190671.05,97050.0,40866.06,18017.951,264.06,256.3
4785,155897.28,85238.0,42948.98,14428.2,347.19,256.5
4786,89115.04,49584.0,61880.37,7470.14,511.82,256.6
4787,178634.4,95348.0,15101.17,10999.34,169.52,256.6
4788,153574.4,84968.0,22896.55,14916.061,184.19,256.6
4789,168312.48,94716.0,29643.55,9362.76,213.53,256.6
4790,68624.64,41891.0,27763.041,155.7,326.0,256.7
4791,193520.33,105774.0,20701.18,18203.06,78.24,256.7
4792,173735.52,89343.0,32306.02,16090.73,267.32,256.7
4793,139504.95,79603.0,20668.31,24412.03,296.66,256.8
4794,160976.48,93600.0,27114.291,11369.561,259.17,256.8
4795,177607.36,97981.0,34264.38,9641.29,295.03,256.8
4796,174923.84,95709.0,39743.29,11385.13,277.1,256.8
4797,137504.64,72540.0,36452.832,18275.72,368.38,256.9
4798,182424.48,103100.0,39108.38,23720.03,249.39,256.9
4799,13485.92,12134.0,2314.74,34.6,73.35,256.9
4800,191871.69,105385.0,37041.03,13049.391,242.87,257.0
4801,188105.12,107341.0,25775.27,13030.36,229.83,257.0
4802,171090.08,93031.0,32684.89,32792.15,280.36,257.0
4803,262143.0,104243.0,129234.46,46872.62,1020.38,257.0
4804,174340.33,89933.0,32695.27,13950.72,234.72,257.1
4805,180640.33,96484.0,37191.54,25527.88,422.17,257.1
4806,48938.4,25647.0,24223.46,81.31,295.03,257.1
4807,169823.36,92525.0,25458.68,12661.87,228.2,257.2
4808,217386.4,102960.0,39655.06,21173.47,378.16,257.2
4809,213880.8,106393.0,40243.26,17879.55,293.4,257.2
4810,88300.8,11758.0,213596.19,717.95,1259.99,257.2
4811,222753.44,97372.0,31868.33,16400.4,296.66,257.2
4812,177345.28,93301.0,31802.59,10290.04,171.15,257.3
4813,223306.72,101141.0,36357.68,22102.48,257.54,257.3
4814,176406.72,97650.0,34982.332,9456.18,210.27,257.3
4815,262143.0,110062.0,78990.07,51697.59,733.5,257.3
4816,174497.12,89825.0,43983.52,16464.41,239.61,257.4
4817,186914.56,98147.0,26835.76,16850.2,167.89,257.4
4818,262143.0,108183.0,85136.76,64605.12,982.89,257.4
4819,187639.2,96742.0,27922.201,15357.21,187.45,257.5
4820,262143.0,119560.0,122978.78,40414.53,978.0,257.5
4821,262143.0,114073.0,62968.54,41253.582,647.11,257.5
4822,255525.77,111937.0,35243.56,38772.76,425.43,257.5
4823,189926.23,103241.0,21958.89,10701.78,156.48,257.5
4824,210500.64,100497.0,48004.04,21597.32,329.26,257.5
4825,153583.36,78585.0,36608.53,21246.13,241.24,257.5
4826,262143.0,109098.0,45445.37,11174.07,368.38,257.5
4827,160123.05,90677.0,31086.371,12717.23,208.64,257.6
4828,172845.12,91973.0,25631.68,10110.12,96.17,257.7
4829,125005.44,71548.0,27961.99,3511.9001,231.46,257.7
4830,203974.4,102905.0,29794.06,5366.46,360.23,257.8
4831,180904.64,95445.0,17016.28,21958.89,198.86,257.8
4832,216361.6,117218.0,30031.07,17019.74,438.47,257.8
4833,201173.28,95007.0,36859.38,9497.7,239.61,257.9
4834,169872.64,96117.0,24948.33,10857.48,174.41,258.0
4835,238921.77,99641.0,63471.97,28906.57,389.57,258.1
4836,175035.84,105233.0,27917.01,22303.16,304.81,258.1
4837,232193.92,104468.0,30103.73,18504.08,399.35,258.3
4838,170003.69,94372.0,24716.51,10463.04,233.09,258.5
4839,46531.52,10436.0,114562.33,140.13,829.67,258.7
4840,188549.77,98599.0,32683.16,13127.24,251.02,258.7
4841,170336.33,85528.0,35404.45,17689.25,479.22,258.8
4842,262143.0,100804.0,49753.07,23623.15,404.24,258.8
4843,205377.77,105248.0,36260.8,18882.951,161.37,259.1
4844,162177.12,92417.0,23789.23,7689.85,202.12,259.1
4845,176072.95,97444.0,34174.42,18005.84,229.83,259.2
4846,207292.95,103116.0,47787.79,27067.58,373.27,259.3
4847,204760.64,104437.0,24519.291,17955.67,207.01,259.4
4848,184175.05,102172.0,20225.43,11404.16,140.18,259.4
4849,192777.77,102299.0,36330.0,21490.06,356.97,259.4
4850,200753.28,100384.0,25745.86,23524.541,234.72,259.5
4851,184505.44,98686.0,27804.56,13634.13,262.43,259.5
4852,262143.0,110690.0,55612.582,21548.88,456.4,259.5
4853,9816.8,7949.0,2219.59,6.92,60.31,259.6
4854,247789.92,110729.0,46204.84,39805.57,475.96,259.6
4855,159671.69,86396.0,21732.26,12779.51,207.01,259.9
4856,186280.64,90860.0,49798.05,31473.89,469.44,259.9
4857,209807.36,99785.0,50368.95,24514.1,441.73,260.0
4858,193751.05,94932.0,48202.992,18175.38,360.23,260.0
4859,236890.08,78050.0,99539.01,54370.44,713.94,260.1
4860,158130.56,89457.0,22792.75,14121.99,291.77,260.1
4861,220100.16,108961.0,45578.582,27150.621,330.88998,260.2
4862,219457.28,105548.0,21412.21,18481.59,156.48,260.3
4863,124985.28,74601.0,26334.06,16931.51,207.01,260.3
4864,209986.56,105281.0,28385.84,20208.13,146.7,260.3
4865,172352.33,99192.0,30020.69,17495.49,312.96,260.4
4866,133965.44,82240.0,25188.8,7601.62,187.45,260.4
4867,158337.77,88706.0,31567.31,13419.61,234.72,260.5
4868,205410.23,102933.0,44741.26,17171.98,298.29,260.6
4869,143516.8,88910.0,18673.621,11511.42,159.74,260.6
4870,220844.97,109079.0,56280.36,18637.291,223.31,260.7
4871,191440.48,102517.0,17822.46,17024.93,189.08,260.7
4872,197574.72,99452.0,36099.91,24211.35,211.9,260.7
4873,170210.88,86720.0,44241.29,22919.041,293.4,260.7
4874,220540.33,104336.0,40021.82,15665.15,182.56,260.8
4875,170556.95,89096.0,44909.07,11251.92,322.74,260.9
4876,200682.72,104425.0,45772.34,31389.121,317.85,260.9
4877,197389.92,102144.0,33466.85,6755.65,197.23,260.9
4878,229928.16,99300.0,48222.02,28901.38,281.99,260.9
4879,144137.28,75160.0,32411.55,12123.84,226.56999,260.9
4880,192176.33,102993.0,20900.13,13888.44,182.56,261.0
4881,82971.84,45981.0,34285.14,935.93,448.25,261.0
4882,201231.52,102468.0,35015.2,10492.45,223.31,261.0
4883,143118.08,80881.0,27152.35,20076.65,216.79,261.0
4884,51764.16,32085.0,19337.94,93.42,224.94,261.0
4885,147357.28,87808.0,26441.32,13225.851,326.0,261.1
4886,180315.52,96656.0,35928.64,13950.72,193.97,261.1
4887,200464.33,99372.0,29006.91,16111.49,277.1,261.1
4888,195466.88,100740.0,28098.66,24325.53,218.42,261.1
4889,248614.23,111115.0,61591.46,30826.871,448.25,261.2
4890,234766.56,110064.0,43203.29,21604.24,387.94,261.2
4891,117607.84,65098.0,37752.06,12827.95,332.52,261.2
4892,168781.77,98358.0,19585.33,12305.49,200.49,261.2
4893,230336.97,104121.0,32139.94,26266.59,332.52,261.3
4894,166368.16,90914.0,36051.47,10713.89,290.13998,261.3
4895,205533.44,103740.0,47810.28,12469.84,322.74,261.4
4896,208648.16,107913.0,42218.92,10414.601,319.48,261.4
4897,158477.77,93691.0,23477.83,9464.83,163.0,261.4
4898,244433.28,107838.0,41251.85,16860.58,316.22,261.5
4899,166052.33,96740.0,25323.74,10366.16,280.36,261.5
4900,195328.0,107952.0,25801.22,24790.9,257.54,261.6
4901,237624.8,99933.0,40386.85,30323.44,495.52,261.6
4902,216889.12,107797.0,47950.41,15929.84,378.16,261.6
4903,113189.44,40952.0,90397.69,18092.34,441.73,261.7
4904,185183.05,97316.0,48490.17,15327.8,451.51,261.7
4905,186541.6,99433.0,32344.08,5087.93,172.78,261.7
4906,215493.6,106805.0,46412.44,22640.51,335.78,261.7
4907,161786.23,80913.0,26214.69,14516.43,182.56,261.7
4908,221359.05,100768.0,37170.78,16947.08,277.1,261.8
4909,174749.12,87834.0,29524.18,14542.38,252.65,261.8
4910,188930.56,101561.0,24105.82,13606.45,169.52,261.8
4911,223681.92,103735.0,39864.39,22668.19,332.52,261.8
4912,180952.8,95127.0,42298.5,15018.13,299.92,261.9
4913,217640.64,107305.0,58506.87,24567.73,458.03,261.9
4914,205122.4,100213.0,33302.5,15409.11,350.45,261.9
4915,219683.52,100041.0,37762.44,21604.24,337.41,261.9
4916,191242.23,95365.0,50197.68,17331.14,329.26,261.9
4917,188416.48,97090.0,26053.8,13660.08,145.06999,262.0
4918,161539.84,88223.0,22256.451,11267.49,128.77,262.0
4919,205812.33,96321.0,44516.36,18953.88,355.34,262.0
4920,146974.23,67616.0,87288.88,541.49,759.58,262.0
4921,179760.0,96915.0,31878.71,8748.61,94.54,262.0
4922,203144.48,101096.0,33536.05,18483.32,207.01,262.1
4923,195233.92,98789.0,37015.082,15095.98,270.58,262.2
4924,199576.16,104258.0,36137.97,31254.18,347.19,262.2
4925,205712.64,102333.0,59676.35,6541.13,453.13998,262.2
4926,262143.0,104243.0,70864.26,8971.78,640.59,262.2
4927,238796.33,111664.0,43286.332,16921.13,321.11,262.3
4928,189807.52,101216.0,36323.082,14554.49,239.61,262.3
4929,233037.28,107184.0,34221.13,20000.53,254.28,262.3
4930,227660.16,97685.0,33292.12,16334.66,304.81,262.3
4931,216636.0,101839.0,39561.64,21303.22,295.03,262.3
4932,103093.76,66605.0,27785.531,7930.3203,205.38,262.3
4933,190304.8,94129.0,42388.46,13777.72,431.95,262.3
4934,262143.0,84049.0,56538.13,22531.52,485.74,262.3
4935,262143.0,104494.0,69392.03,50490.05,731.87,262.3
4936,231553.28,103922.0,43305.36,18576.74,513.45,262.3
4937,200154.08,103093.0,38174.18,13175.68,251.02,262.5
4938,228774.56,106189.0,53694.01,5548.11,444.99,262.5
4939,181683.05,99331.0,25067.701,16922.86,169.52,262.5
4940,127367.52,80395.0,18132.13,16236.05,237.98,262.5
4941,262143.0,112118.0,126873.01,63766.07,811.74,262.5
4942,262143.0,123048.0,161085.48,80026.34,1356.16,262.5
4943,262143.0,86395.0,94423.4,32901.14,691.12,262.5
4944,151964.95,92689.0,17962.59,10767.5205,143.44,262.6
4945,222145.28,103555.0,47664.96,9011.57,335.78,262.6
4946,182741.44,92687.0,41333.16,10895.54,361.86,262.8
4947,22367.52,10661.0,31165.951,167.81,143.44,262.8
4948,202376.16,108149.0,27240.58,16270.65,268.95,263.1
4949,192312.95,85695.0,43032.02,27437.8,309.7,263.2
4950,187127.36,93260.0,52277.14,41468.1,2894.88,263.4
4951,8589.28,5477.0,12454.2705,22.49,153.22,263.6
4952,201162.08,100693.0,29695.451,25200.91,228.2,263.7
4953,262143.0,100224.0,103448.81,56271.71,691.12,263.8
4954,259202.72,98532.0,85643.65,53768.402,919.32,263.8
4955,225887.2,108843.0,27148.89,34658.82,301.55,263.9
4956,246980.16,111183.0,37935.44,34591.35,396.09,263.9
4957,198094.4,97032.0,45988.59,19602.63,373.27,263.9
4958,190536.64,102377.0,23457.07,13874.601,309.7,264.0
4959,148313.77,76474.0,31911.58,12883.311,365.12,264.0
4960,125811.84,69937.0,25202.64,10930.14,246.13,264.0
4961,193984.0,105736.0,28076.17,8700.17,216.79,264.1
4962,168577.92,93065.0,30366.69,11234.62,249.39,264.2
4963,197608.33,101089.0,60638.23,16549.18,303.18,264.2
4964,225162.56,100247.0,74345.02,27413.58,712.31,264.3
4965,212728.33,109702.0,42160.1,21903.53,277.1,264.4
4966,142888.48,88293.0,46844.94,24216.541,383.05,264.5
4967,233001.44,106945.0,38153.42,25901.56,268.95,264.5
4968,30502.08,19612.0,8079.1,31.14,9.78,264.5
4969,163736.16,92445.0,29557.05,12532.12,74.98,264.6
4970,222363.69,104297.0,55918.79,20258.3,412.38998,264.6
4971,181147.69,89546.0,27583.121,10399.03,234.72,264.7
4972,170055.2,86473.0,28596.9,27335.73,252.65,264.7
4973,187452.16,104093.0,36632.75,15682.45,207.01,264.8
4974,246324.97,111505.0,43156.582,24093.71,516.71,264.9
4975,128568.164,71768.0,35535.93,22400.041,347.19,265.1
4976,171646.72,96736.0,31095.02,12608.24,112.47,265.1
4977,219871.69,107085.0,44744.72,6454.63,202.12,265.2
4978,169947.69,88664.0,20069.73,12440.43,161.37,265.2
4979,171506.72,91909.0,40795.13,10783.09,236.35,265.3
4980,226668.97,100941.0,30681.55,13623.75,308.07,265.3
4981,221081.28,99925.0,55268.312,24273.63,272.21,265.4
4982,194597.77,96689.0,31159.031,21164.82,329.26,265.5
4983,172496.8,95714.0,28223.22,17192.74,304.81,265.5
4984,173118.4,89657.0,32094.96,11158.5,220.05,265.5
4985,175304.64,88206.0,39016.69,7743.48,317.85,265.6
4986,206721.77,103520.0,43846.85,18967.72,308.07,265.6
4987,262143.0,107428.0,91951.234,51730.46,686.23,265.6
4988,199097.92,103500.0,45242.96,11027.0205,275.47,265.6
4989,207789.12,105753.0,33672.72,16242.97,343.93,265.8
4990,190291.36,91196.0,67374.85,11952.57,534.64,266.4
4991,163237.77,86797.0,30621.0,15089.061,184.19,266.5
4992,198158.23,92415.0,30669.44,17023.2,280.36,266.6
4993,185428.33,100498.0,23180.27,14566.601,200.49,266.7
4994,204321.6,108260.0,23031.49,19130.34,259.17,266.8
4995,234076.64,110169.0,39160.28,9530.57,267.32,266.9
4996,249085.77,109022.0,39698.31,21839.52,342.3,266.9
4997,229931.52,112820.0,29022.48,20756.541,342.3,267.1
4998,166694.08,88213.0,41094.42,7892.2603,358.6,267.1
4999,203614.88,95629.0,29721.4,6551.5103,180.93,267.3
5000,194596.64,96676.0,35141.492,21367.23,198.86,267.4
5001,181415.36,89569.0,44978.27,39162.01,446.62,267.4
5002,118189.12,76977.0,18391.63,9745.09,110.84,267.5
5003,253311.52,110313.0,38535.75,19666.64,348.82,267.5
5004,165346.72,89822.0,21510.82,16647.791,184.19,267.6
5005,213638.88,107139.0,35215.88,17746.34,337.41,267.6
5006,165211.2,65906.0,131628.78,17336.33,978.0,267.6
5007,39501.28,11699.0,74599.33,98.61,378.16,267.7
5008,234738.56,104055.0,22605.91,20737.51,202.12,267.7
5009,205660.0,104942.0,33991.04,19291.23,213.53,267.7
5010,202894.72,101449.0,25725.1,13604.72,203.75,267.7
5011,222495.84,102465.0,72623.67,25683.58,588.43,267.8
5012,178523.52,101151.0,30918.56,15132.311,296.66,267.8
5013,152871.05,84288.0,24541.78,17692.71,207.01,267.9
5014,154079.52,89816.0,33482.42,10226.03,213.53,267.9
5015,174313.44,97505.0,37252.09,8362.82,281.99,267.9
5016,155888.33,88721.0,30792.27,11843.58,252.65,267.9
5017,187195.69,99465.0,28372.0,12596.13,226.56999,267.9
5018,208523.84,100713.0,37521.97,16262.0,251.02,267.9
5019,175189.28,89652.0,30800.92,13272.561,177.67,267.9
5020,204509.77,103481.0,56282.09,21981.38,412.38998,267.9
5021,175552.16,86933.0,44941.94,43831.28,471.07,268.0
5022,234887.52,112262.0,60686.67,20863.8,407.5,268.0
5023,244099.52,104964.0,43037.21,17692.71,412.38998,268.0
5024,201876.64,99298.0,29205.86,27228.47,277.1,268.0
5025,212956.8,99443.0,33394.19,16308.71,47.27,268.0
5026,167762.56,96203.0,26873.82,14793.23,195.6,268.1
5027,204317.12,101478.0,56501.8,7954.54,394.46,268.1
5028,173511.52,89900.0,30190.23,17391.69,242.87,268.2
5029,214064.48,97330.0,46094.12,25773.541,342.3,268.2
5030,160781.6,84012.0,26264.86,21441.621,154.85,268.3
5031,162999.2,87001.0,53574.64,10561.65,389.57,268.3
5032,34903.68,16244.0,84885.914,256.04,314.59,268.4
5033,150084.48,80603.0,27877.22,20192.56,211.9,268.4
5034,124658.24,78528.0,21078.32,8745.15,81.5,268.4
5035,184131.36,95433.0,35266.05,17201.39,306.44,268.5
5036,145924.8,87145.0,25372.18,11691.34,239.61,268.5
5037,170061.92,98726.0,18718.6,11898.94,158.11,268.5
5038,73355.52,45253.0,28562.3,19047.3,205.38,268.5
5039,174195.84,88296.0,49410.53,16294.87,358.6,268.5
5040,169126.72,103553.0,25242.43,12667.061,197.23,268.6
5041,262143.0,104164.0,80342.93,35651.84,816.63,268.6
5042,181599.05,85573.0,49452.05,26008.82,342.3,268.7
5043,80215.52,45294.0,29081.3,245.66,268.95,268.7
5044,180920.33,94844.0,28083.09,7112.0303,262.43,268.8
5045,194360.33,101261.0,35978.81,15111.55,365.12,268.8
5046,262143.0,104449.0,49017.82,21429.51,381.42,268.9
5047,202563.2,93674.0,38745.082,16348.5,330.88998,269.0
5048,172510.23,92340.0,41511.35,14180.811,233.09,269.0
5049,79626.4,53708.0,30195.42,294.1,270.58,269.1
5050,54630.24,29396.0,41725.87,128.02,356.97,269.3
5051,262143.0,110233.0,68935.31,28318.371,604.73,269.6
5052,155059.52,92033.0,36188.14,17699.63,296.66,269.7
5053,187053.44,96635.0,29029.4,8824.73,355.34,269.7
5054,194159.84,24928.0,262143.0,998.21,3574.59,269.7
5055,250094.88,91792.0,96438.85,10239.87,673.19,269.8
5056,98172.48,65467.0,41263.96,6207.24,324.37,269.8
5057,262143.0,109824.0,60598.44,43467.98,583.54,269.9
5058,94262.56,44404.0,61356.18,301.02,350.45,270.2
5059,186562.88,104504.0,29150.5,9585.93,301.55,270.2
5060,45380.16,30007.0,20694.26,36.33,68.46,270.2
5061,244506.08,100869.0,56629.82,38708.75,378.16,270.3
5062,192849.44,98561.0,38134.39,17398.61,239.61,270.3
5063,196712.33,102922.0,19403.68,10596.25,86.39,270.4
5064,206610.88,105101.0,42499.18,14561.41,252.65,270.4
5065,161941.92,87537.0,26574.531,20939.92,193.97,270.5
5066,174192.48,94000.0,30354.58,15743.0,237.98,270.5
5067,205114.56,101372.0,36928.582,15644.391,298.29,270.6
5068,151146.23,81237.0,34255.73,19012.701,365.12,270.6
5069,239227.52,102169.0,41627.26,20958.951,374.9,270.8
5070,201190.08,102880.0,33003.21,8188.0903,260.8,270.9
5071,145253.92,78125.0,23849.78,20068.0,285.25,271.0
5072,181728.95,80725.0,48564.56,38001.18,423.8,271.0
5073,245474.88,93074.0,58778.48,10035.73,479.22,271.2
5074,164180.8,97446.0,14519.891,12466.38,128.77,271.3
5075,224361.77,108255.0,61269.68,14263.851,448.25,271.3
5076,193127.2,101665.0,40322.84,21368.96,259.17,271.4
5077,138225.92,75532.0,38049.62,9950.96,404.24,271.4
5078,201529.44,104678.0,24941.41,17300.0,218.42,271.5
5079,117776.96,77863.0,32999.75,11056.43,259.17,271.5
5080,156652.16,85225.0,54766.61,14793.23,418.91,271.6
5081,194728.8,80081.0,69992.34,40893.742,446.62,271.6
5082,175213.92,99109.0,22671.65,11881.64,151.59,271.7
5083,256077.92,103788.0,39101.46,28282.041,352.08,271.7
5084,212234.4,94977.0,49898.39,16211.83,306.44,271.8
5085,185417.12,90821.0,38523.64,25719.91,430.32,271.8
5086,123004.0,74605.0,25640.33,32347.541,337.41,271.8
5087,204043.84,94759.0,36445.91,19635.5,254.28,271.9
5088,184815.69,97206.0,27013.951,20936.46,265.69,271.9
5089,161806.4,91517.0,29973.98,11210.4,280.36,271.9
5090,234552.64,112417.0,55119.53,19718.541,343.93,272.0
5091,209084.95,100989.0,51443.28,21958.89,264.06,272.0
5092,142330.72,75120.0,37978.69,39187.96,350.45,272.0
5093,182810.88,94532.0,46701.35,19223.76,477.59,272.0
5094,173434.23,85228.0,69125.61,42127.23,489.0,272.1
5095,214098.08,107281.0,49910.5,17597.56,425.43,272.1
5096,179826.08,97513.0,27814.94,11011.45,299.92,272.2
5097,174079.36,102273.0,17784.4,9276.26,254.28,272.2
5098,172839.52,90277.0,30095.08,19984.96,130.4,272.2
5099,184600.64,101019.0,36961.45,11655.01,224.94,272.2
5100,128816.8,70203.0,47978.09,16021.53,467.81,272.2
5101,178227.84,96562.0,31792.21,13796.75,172.78,272.2
5102,227570.56,110294.0,29198.94,16870.96,291.77,272.2
5103,227497.77,109292.0,41007.92,17163.33,444.99,272.3
5104,186187.69,95717.0,57159.2,28714.541,397.72,272.3
5105,230361.6,98193.0,94797.08,26060.72,816.63,272.3
5106,111244.0,59937.0,53318.6,423.85,386.31,272.3
5107,222261.77,99429.0,33212.54,14813.99,236.35,272.4
5108,262143.0,107470.0,125956.11,47196.13,930.73,272.4
5109,81827.2,44961.0,49510.87,256.04,431.95,272.4
5110,140128.8,78277.0,49837.84,19384.65,361.86,272.4
5111,108847.2,22111.0,220294.75,470.56,1436.03,272.4
5112,214179.84,104972.0,36982.21,31989.43,324.37,272.5
5113,215091.52,103993.0,28801.041,8276.32,281.99,272.6
5114,113724.8,67508.0,24932.76,10520.13,223.31,272.6
5115,219260.16,106702.0,57254.35,10296.96,528.12,272.7
5116,214239.2,93533.0,39001.12,27754.39,293.4,272.7
5117,115036.32,55630.0,58446.32,12852.17,516.71,272.7
5118,187126.23,103413.0,23363.65,21536.77,301.55,272.7
5119,200631.2,100878.0,63805.86,30508.55,515.08,272.8
5120,243825.12,106309.0,47952.14,17147.76,301.55,272.8
5121,197813.28,96953.0,24586.76,9430.23,306.44,272.8
5122,148378.72,79752.0,34124.25,21597.32,348.82,272.8
5123,154113.12,89556.0,34982.332,29335.61,407.5,272.8
5124,207047.69,106905.0,42146.26,28179.97,355.34,272.9
5125,159384.95,97092.0,24289.201,16248.16,187.45,272.9
5126,233215.36,108368.0,58569.152,19151.1,391.2,272.9
5127,202465.77,98676.0,54766.61,10021.89,453.13998,272.9
5128,224713.44,105605.0,54934.42,44829.492,281.99,273.0
5129,175838.88,97658.0,33555.082,11994.09,135.29,273.0
5130,220114.72,106301.0,36840.35,28389.3,277.1,273.0
5131,140286.72,82685.0,21180.39,15659.96,193.97,273.0
5132,262143.0,99109.0,56596.95,24534.86,356.97,273.0
5133,179054.4,95325.0,25195.72,7196.8003,236.35,273.1
5134,202418.72,98545.0,44948.86,15704.94,326.0,273.1
5135,17086.72,8621.0,16158.2,115.91,27.71,273.1
5136,225799.84,98225.0,52500.312,7790.19,544.42,273.2
5137,262143.0,109884.0,67054.8,36037.63,588.43,273.2
5138,144895.52,89185.0,31025.82,8790.13,246.13,273.3
5139,191248.95,92739.0,67087.67,13495.73,444.99,273.4
5140,203741.44,102911.0,22342.951,15625.36,146.7,273.4
5141,214775.69,107427.0,50381.062,15362.4,252.65,273.4
5142,167814.08,98320.0,19514.4,5342.24,88.02,273.4
5143,186435.2,96097.0,36816.13,5145.02,193.97,273.4
5144,260012.48,109941.0,41449.07,10542.62,417.28,273.5
5145,192928.95,100292.0,31909.85,15166.91,197.23,273.5
5146,211047.2,110736.0,44858.902,18813.75,360.23,273.5
5147,158267.2,94192.0,22287.59,10075.5205,158.11,273.5
5148,31097.92,23077.0,19934.791,1166.02,686.23,273.6
5149,194124.0,95756.0,42044.19,24064.3,223.31,273.6
5150,179424.0,105505.0,35400.992,15348.561,285.25,273.6
5151,246616.16,102664.0,46917.6,34485.82,418.91,273.6
5152,187632.48,95909.0,26223.34,13028.63,233.09,273.6
5153,178599.69,99700.0,23489.94,11193.101,255.91,273.7
5154,197728.16,97639.0,33747.11,20484.93,233.09,273.7
5155,182239.69,96644.0,29925.541,17869.17,166.26,273.7
5156,195989.92,97745.0,41585.742,46358.81,317.85,273.7
5157,187000.8,97418.0,33309.42,15967.9,378.16,273.8
5158,179575.2,97480.0,28693.781,16042.29,265.69,273.8
5159,206112.48,98038.0,37584.25,17806.89,399.35,273.8
5160,186931.36,100361.0,35734.88,15860.641,247.76,273.8
5161,152044.48,87013.0,24133.5,5778.2,179.3,273.8
5162,199161.77,99428.0,16076.891,16557.83,231.46,273.8
5163,262143.0,115845.0,64285.07,49777.29,537.9,273.8
5164,245150.08,111209.0,58299.27,28103.85,324.37,273.9
5165,241619.84,94253.0,129274.25,27557.17,766.1,273.9
5166,205180.64,104426.0,36246.96,11513.15,273.84,273.9
5167,172880.95,82880.0,44331.25,20936.46,255.91,273.9
5168,92470.56,60936.0,19988.42,23692.35,174.41,273.9
5169,224644.0,105060.0,50616.34,23794.42,371.63998,274.0
5170,224384.16,103988.0,40206.93,37847.21,428.69,274.0
5171,172225.77,97690.0,26254.48,15051.0,159.74,274.0
5172,194307.69,99696.0,40556.39,14137.561,361.86,274.0
5173,184144.8,96056.0,28797.58,9610.15,295.03,274.0
5174,241013.92,112340.0,55005.35,15601.141,290.13998,274.0
5175,262143.0,110491.0,119401.14,28846.02,744.91,274.0
5176,251543.05,112745.0,71703.31,23576.44,378.16,274.1
5177,188522.88,97244.0,33918.38,14867.62,319.48,274.1
5178,248942.4,107709.0,70101.33,18865.65,404.24,274.1
5179,161508.48,91814.0,20856.88,10565.11,281.99,274.1
5180,180875.52,92773.0,32368.3,10177.59,352.08,274.2
5181,136050.88,66977.0,62342.28,290.64,329.26,274.2
5182,168502.88,92105.0,19119.96,23109.34,286.88,274.3
5183,183844.64,93389.0,30465.3,15045.811,350.45,274.3
5184,185065.44,93497.0,42904.0,17428.02,221.68,274.4
5185,173046.72,96264.0,24206.16,14466.26,123.88,274.4
5186,199366.72,102992.0,48934.78,18332.81,386.31,274.4
5187,185012.8,99544.0,28316.64,15159.99,179.3,274.5
5188,181559.84,88137.0,56581.38,11561.59,394.46,274.5
5189,189801.92,94756.0,31698.791,14109.88,231.46,274.6
5190,202282.08,98244.0,36563.55,26363.47,539.52997,274.7
5191,191674.56,89847.0,44132.3,26917.07,244.5,274.7
5192,181658.4,109756.0,26593.56,10731.19,236.35,274.8
5193,155752.8,92860.0,33238.492,13312.351,262.43,274.9
5194,222959.52,107779.0,31684.951,10288.311,281.99,274.9
5195,246814.4,79371.0,61558.59,21550.61,740.02,274.9
5196,66612.0,9652.0,202768.11,399.63,1137.74,275.0
5197,188768.16,98753.0,25059.05,13198.17,228.2,275.0
5198,188840.95,99949.0,21194.23,19723.73,295.03,275.1
5199,207258.23,103949.0,41866.0,25548.64,458.03,275.1
5200,165792.48,94884.0,27659.24,14571.79,215.16,275.2
5201,228223.52,108115.0,59174.652,18991.94,391.2,275.2
5202,131996.48,79314.0,40160.22,26986.27,436.84,275.4
5203,147692.16,82408.0,27603.88,13187.79,203.75,275.4
5204,159744.48,91681.0,27252.69,12566.72,255.91,275.5
5205,164482.08,89673.0,30456.65,6830.04,198.86,275.6
5206,207620.0,104811.0,52856.69,15800.09,278.73,275.6
5207,152766.88,89285.0,25372.18,15948.87,141.81,275.6
5208,180340.16,93896.0,44601.13,9809.101,166.26,275.6
5209,162898.4,89295.0,31089.83,16713.53,337.41,275.7
5210,194536.16,97409.0,40106.59,31079.451,451.51,275.7
5211,91035.84,63096.0,33994.5,20737.51,427.06,275.7
5212,262143.0,112892.0,99758.72,43436.84,743.27997,275.7
5213,132120.8,71374.0,68651.59,24403.38,536.27,275.8
5214,184220.95,95272.0,27321.89,11606.57,247.76,275.9
5215,110063.52,51816.0,78151.02,643.56,529.75,275.9
5216,170867.2,93774.0,24773.6,14386.68,264.06,275.9
5217,181664.0,102165.0,23012.46,10231.22,224.94,275.9
5218,178894.23,101872.0,22360.25,13641.05,249.39,275.9
5219,190410.08,103695.0,34309.36,22133.621,265.69,276.0
5220,198723.84,104546.0,40528.71,11492.39,229.83,276.0
5221,154490.56,89610.0,24745.92,10753.68,158.11,276.0
5222,164916.64,92708.0,30676.36,17758.451,259.17,276.1
5223,167655.05,93672.0,37381.84,9575.55,273.84,276.1
5224,201412.95,100568.0,36118.94,18888.14,202.12,276.1
5225,209229.44,99112.0,45711.79,15263.79,368.38,276.2
5226,132023.36,82284.0,40023.55,9165.54,265.69,276.3
5227,121059.68,70752.0,24119.66,20794.6,275.47,276.3
5228,228644.64,110031.0,34295.52,34641.52,384.68,276.3
5229,225996.97,107021.0,40969.86,9679.351,290.13998,276.3
5230,129585.12,65986.0,61631.25,306.21,370.01,276.3
5231,201240.48,96108.0,32190.111,20452.06,220.05,276.3
5232,135496.48,80069.0,27989.67,10618.74,208.64,276.3
5233,206125.92,97420.0,34954.65,27602.15,454.77,276.4
5234,175901.6,93487.0,29157.42,15862.37,211.9,276.4
5235,86218.72,41471.0,38096.332,420.39,329.26,276.4
5236,200495.69,101392.0,34255.73,12084.05,306.44,276.4
5237,230694.23,105569.0,47571.54,30685.01,466.18,276.5
5238,201037.77,88364.0,36003.03,33248.87,348.82,276.5
5239,46142.88,8308.0,130813.95,499.97,740.02,276.5
5240,92319.36,16889.0,241795.19,1129.6901,1351.27,276.5
5241,215425.28,104056.0,38982.09,16473.06,335.78,276.5
5242,262143.0,97220.0,63951.18,16623.57,371.63998,276.5
5243,203038.08,99486.0,39918.02,30183.31,347.19,276.6
5244,84253.12,22776.0,42590.87,145.32,440.1,276.7
5245,262143.0,113910.0,47343.18,27749.201,475.96,276.8
5246,205968.0,104756.0,39059.94,12120.38,195.6,276.9
5247,198520.0,97530.0,37994.26,22048.85,383.05,277.0
5248,262143.0,111129.0,63124.242,30719.61,456.4,277.1
5249,191457.28,97177.0,30404.75,5961.58,286.88,277.1
5250,233664.48,102219.0,40981.97,25967.3,374.9,277.2
5251,191148.16,94375.0,33800.742,12414.48,295.03,277.3
5252,220937.92,105549.0,59294.02,18652.86,469.44,277.3
5253,189885.92,93169.0,30269.81,29475.74,321.11,277.5
5254,206401.44,100628.0,26145.49,23325.59,360.23,277.5
5255,25616.64,16896.0,7954.54,27.68,48.9,277.6
5256,192244.64,104340.0,36082.61,5404.52,223.31,277.7
5257,166398.4,92204.0,26543.39,5985.8003,237.98,278.0
5258,218236.48,110721.0,37681.13,24766.68,223.31,278.1
5259,189966.56,103026.0,23524.541,13130.7,148.33,278.2
5260,165990.72,93992.0,17061.26,12843.5205,127.14,278.2
5261,160715.52,98572.0,26472.46,12727.61,159.74,278.3
5262,175517.44,94460.0,27861.65,18988.48,260.8,278.4
5263,192906.56,102472.0,31216.121,12402.37,138.55,278.4
5264,71597.12,49104.0,23413.82,8973.51,220.05,278.4
5265,180477.92,103368.0,26686.98,18621.72,247.76,278.4
5266,176148.0,101520.0,33496.26,3333.71,342.3,278.5
5267,178766.56,97981.0,37617.12,13144.54,311.33,278.5
5268,143176.33,75730.0,33122.582,17595.83,360.23,278.5
5269,161967.69,90040.0,21780.701,15691.101,251.02,278.6
5270,200744.33,90825.0,43575.242,21517.74,381.42,278.6
5271,125336.96,70937.0,21683.82,11495.851,218.42,278.6
5272,95766.72,59590.0,33072.41,16035.37,195.6,278.7
5273,44291.52,12181.0,74246.414,193.76001,301.55,278.7
5274,216970.88,100904.0,39521.85,14798.42,241.24,278.7
5275,205757.44,98582.0,33267.9,8596.37,254.28,278.7
5276,199805.77,103653.0,39502.82,9867.92,226.56999,278.7
5277,167408.64,95601.0,29231.81,12435.24,213.53,278.8
5278,235375.84,113848.0,32565.52,17426.291,347.19,278.9
5279,192265.92,98516.0,27728.44,16789.65,281.99,278.9
5280,159157.6,87328.0,33613.9,11106.601,184.19,278.9
5281,151579.69,88013.0,23877.46,11328.04,132.03,278.9
5282,177074.23,93101.0,37075.63,16004.23,319.48,278.9
5283,199164.0,108997.0,48405.402,11864.34,314.59,279.0
5284,166043.36,88989.0,21280.73,16139.17,104.32,279.0
5285,188819.69,93720.0,34965.03,17531.82,213.53,279.0
5286,210809.77,97456.0,46410.71,16163.391,299.92,279.0
5287,231425.6,108446.0,38065.19,9534.03,324.37,279.0
5288,173088.16,86578.0,32527.46,18050.82,299.92,279.1
5289,262143.0,105221.0,94738.26,40210.39,612.88,279.1
5290,262143.0,99862.0,54732.01,42346.94,542.79,279.1
5291,58730.56,15659.0,17069.91,103.8,295.03,279.2
5292,255495.52,102488.0,42009.59,25712.99,451.51,279.2
5293,188347.05,91644.0,34558.48,18485.05,249.39,279.2
5294,137773.44,73656.0,23164.701,16042.29,189.08,279.2
5295,160940.64,90221.0,27029.52,23427.66,285.25,279.2
5296,213493.28,100972.0,41791.61,16917.67,326.0,279.3
5297,199022.88,100320.0,35473.652,16990.33,330.88998,279.3
5298,121820.164,72901.0,32914.98,5909.68,185.81999,279.4
5299,214376.95,103340.0,44118.46,17476.46,458.03,279.4
5300,173429.77,95347.0,41151.51,21593.86,378.16,279.4
5301,211507.52,104831.0,28026.0,24135.23,394.46,279.4
5302,262143.0,115834.0,92203.81,74448.82,966.59,279.5
5303,167441.12,100857.0,24422.41,12253.59,316.22,279.6
5304,180517.12,89465.0,56382.43,26036.5,435.21,279.6
5305,141910.72,73987.0,30454.92,18874.3,291.77,279.6
5306,255368.97,110856.0,79844.69,21782.43,531.38,279.7
5307,143541.44,86472.0,27164.46,14530.2705,226.56999,279.8
5308,201966.23,99986.0,31913.31,17106.24,249.39,279.8
5309,234523.52,110483.0,48806.76,24427.6,396.09,279.8
5310,157953.6,91437.0,22680.3,24595.41,247.76,279.9
5311,185728.48,97557.0,36983.94,15173.83,210.27,279.9
5312,225569.12,113557.0,27214.63,33568.92,339.04,280.0
5313,220132.64,108888.0,38464.82,20279.06,296.66,280.0
5314,253817.77,93289.0,91778.234,55680.05,736.76,280.0
5315,190964.48,98836.0,26825.38,12559.8,286.88,280.0
5316,174882.4,95821.0,26628.16,12872.93,172.78,280.1
5317,262143.0,98472.0,81989.89,26252.75,669.93,280.1
5318,201787.05,104297.0,44929.832,10636.04,164.63,280.2
5319,170367.69,88053.0,37964.85,28114.23,197.23,280.2
5320,234109.12,102829.0,33096.63,26119.541,285.25,280.2
5321,165600.95,89728.0,32814.64,21993.49,332.52,280.2
5322,226253.44,103238.0,104651.164,20708.1,603.1,280.3
5323,262143.0,89408.0,129016.484,37070.44,1096.99,280.4
5324,189613.77,91449.0,27105.64,13073.61,239.61,280.4
5325,177203.05,90869.0,32816.37,10343.67,237.98,280.4
5326,186846.23,98616.0,20351.72,10326.37,193.97,280.5
5327,181693.12,99170.0,35371.582,18917.55,260.8,280.6
5328,172428.48,78419.0,71180.85,20957.22,697.64,280.6
5329,173251.69,84816.0,48666.63,12558.07,231.46,280.6
5330,173558.56,93460.0,26752.72,9303.94,231.46,280.6
5331,141982.4,64465.0,36639.67,15715.32,220.05,280.6
5332,262143.0,102964.0,67369.664,43634.06,371.63998,280.6
5333,198085.44,98392.0,32551.68,24112.74,185.81999,280.7
5334,201747.84,104765.0,25951.73,15547.51,324.37,280.7
5335,156836.95,93081.0,17739.42,5295.5303,176.04,280.7
5336,207512.48,93404.0,66554.83,3397.72,560.72,280.7
5337,228192.16,76492.0,59345.92,22118.05,537.9,280.8
5338,78445.92,38944.0,43570.05,508.62,453.13998,280.8
5339,98236.32,67320.0,23844.59,14251.74,174.41,280.8
5340,192465.28,90784.0,28835.64,14419.55,275.47,280.8
5341,196200.48,108448.0,37366.27,16974.76,177.67,280.9
5342,184084.33,104220.0,30017.23,12748.37,202.12,280.9
5343,211387.69,103468.0,42985.31,11260.57,316.22,280.9
5344,99308.164,63370.0,43812.25,16454.03,347.19,280.9
5345,224311.36,99513.0,33103.55,31449.67,350.45,280.9
5346,216630.4,105850.0,32774.85,10585.87,239.61,280.9
5347,190584.8,103612.0,18694.38,4555.09,148.33,281.1
5348,176069.6,94870.0,43123.71,22278.94,314.59,281.3
5349,181498.23,93962.0,45902.09,16696.23,288.51,281.7
5350,41460.16,29118.0,17972.97,131.48,223.31,281.9
5351,116555.04,66832.0,30486.06,7596.43,301.55,282.1
5352,166017.6,92234.0,31437.56,13061.5,233.09,282.2
5353,26304.32,20481.0,21150.98,237.01001,146.7,282.2
5354,113473.92,67941.0,44985.19,18068.121,337.41,282.3
5355,176141.28,82921.0,35015.2,20491.85,280.36,282.3
5356,181483.69,101532.0,28396.22,19040.38,277.1,282.4
5357,192036.33,102171.0,33392.46,13424.8,285.25,282.4
5358,182071.69,98894.0,29759.46,8004.71,167.89,282.5
5359,20129.76,10206.0,46628.69,86.5,298.29,282.5
5360,231937.44,102480.0,33278.28,12388.53,128.77,282.5
5361,118375.04,64868.0,41020.03,13705.061,334.15,282.6
5362,176840.16,95248.0,28878.89,12056.37,213.53,282.6
5363,190442.56,97400.0,39246.78,7281.5703,260.8,282.7
5364,208827.36,98148.0,33421.87,18685.73,309.7,282.7
5365,184724.95,97960.0,32389.06,14277.69,322.74,282.8
5366,69986.56,42072.0,26436.13,228.36,153.22,282.8
5367,155040.48,75983.0,40443.94,11080.65,301.55,282.8
5368,161590.23,93006.0,23694.08,11129.09,151.59,282.8
5369,166068.0,95149.0,20716.75,18741.09,164.63,282.9
5370,172511.36,96812.0,31984.24,26251.02,233.09,282.9
5371,203863.52,99093.0,38606.68,13514.76,265.69,283.0
5372,116081.28,63236.0,63340.492,5918.33,405.87,283.0
5373,132121.92,71815.0,36836.89,20668.31,384.68,283.0
5374,222858.72,109363.0,50173.46,16301.79,293.4,283.0
5375,262143.0,94765.0,65134.5,46576.79,757.95,283.1
5376,206424.95,100960.0,53005.47,21593.86,467.81,283.1
5377,124495.84,75429.0,24396.46,17471.27,343.93,283.2
5378,149159.36,75734.0,38475.2,17670.22,355.34,283.2
5379,157351.05,82989.0,46158.13,15691.101,373.27,283.2
5380,190077.44,99208.0,26944.75,15466.2,228.2,283.3
5381,159127.36,94838.0,33529.13,23522.81,371.63998,283.3
5382,173313.28,96114.0,27872.031,11018.37,314.59,283.3
5383,128067.52,69236.0,48249.7,21375.88,417.28,283.4
5384,244503.84,111928.0,40902.39,26863.44,461.29,283.4
5385,212945.6,96712.0,62996.22,5572.33,469.44,283.4
5386,237891.36,112473.0,56683.45,18229.01,459.66,283.5
5387,133736.95,83362.0,17389.96,5414.9,189.08,283.5
5388,262143.0,105901.0,119671.02,57102.11,797.07,283.5
5389,156580.48,88288.0,28733.57,8963.13,220.05,283.6
5390,149181.77,87301.0,21611.16,15080.41,133.66,283.6
5391,203260.95,93500.0,62812.84,18734.17,418.91,283.7
5392,170531.2,95312.0,38795.25,12106.54,327.63,283.7
5393,175768.33,94409.0,28100.39,4973.75,249.39,283.7
5394,182781.77,95892.0,29468.82,7786.73,208.64,283.7
5395,211771.84,101601.0,22038.47,19256.63,272.21,283.8
5396,78320.48,48729.0,39694.85,11682.69,312.96,283.8
5397,245008.97,108241.0,51330.832,10059.95,404.24,283.9
5398,144923.52,70744.0,52483.01,12319.33,326.0,283.9
5399,235497.92,102149.0,39212.18,18915.82,466.18,283.9
5400,176433.6,83092.0,51929.41,17099.32,270.58,284.0
5401,202377.28,101437.0,29307.93,11874.72,163.0,284.0
5402,196377.44,90913.0,39129.14,14589.09,280.36,284.0
5403,187857.6,96537.0,39065.13,23460.53,224.94,284.0
5404,198550.23,106358.0,22981.32,16531.88,189.08,284.0
5405,149623.05,89322.0,29622.791,11812.44,210.27,284.1
5406,221533.77,107941.0,45447.1,15080.41,296.66,284.1
5407,165562.88,89676.0,45928.04,8131.0,278.73,284.1
5408,129227.84,71864.0,23424.201,14504.32,215.16,284.2
5409,249051.05,95639.0,54970.75,20287.71,339.04,284.2
5410,262143.0,96660.0,135330.98,50640.562,904.65,284.2
5411,210175.84,96129.0,35027.31,3539.58,301.55,284.3
5412,200691.69,103670.0,21270.35,18730.71,223.31,284.4
5413,122274.88,76801.0,23678.51,13206.82,218.42,284.4
5414,205558.08,93600.0,38021.94,8134.46,177.67,284.4
5415,59065.44,29432.0,25536.531,98.61,277.1,284.5
5416,121694.72,73748.0,30875.31,22913.85,295.03,284.6
5417,39318.72,13245.0,57944.62,162.62,546.05,284.6
5418,131494.72,82661.0,18694.38,18241.121,252.65,284.7
5419,172279.52,93693.0,35170.9,23884.38,252.65,284.8
5420,241960.33,108272.0,49311.92,10312.53,410.76,284.8
5421,207630.08,103912.0,37018.54,14433.391,221.68,285.0
5422,171508.95,97172.0,27342.65,13241.42,193.97,285.1
5423,149904.16,81248.0,25979.41,10570.3,246.13,285.1
5424,198297.12,105123.0,44530.2,13770.8,216.79,285.2
5425,194433.12,99777.0,28283.77,9732.98,246.13,285.2
5426,137446.4,83604.0,20666.58,9843.7,169.52,285.3
5427,191555.84,99416.0,37027.19,16068.24,293.4,285.3
5428,189896.0,99373.0,31892.55,4726.36,213.53,285.3
5429,181704.33,100657.0,24266.71,25057.32,187.45,285.3
5430,142175.05,90805.0,23254.66,10495.91,141.81,285.3
5431,204485.12,100872.0,26370.39,12122.11,210.27,285.3
5432,215223.69,109541.0,30257.701,25178.42,326.0,285.4
5433,199105.77,94788.0,45864.03,23543.57,358.6,285.4
5434,171366.72,94012.0,29012.1,12895.42,163.0,285.4
5435,125657.28,75945.0,51560.92,30067.4,247.76,285.5
5436,179525.92,93632.0,31863.14,13480.16,187.45,285.5
5437,205117.92,109794.0,42558.0,7177.77,342.3,285.5
5438,262143.0,91964.0,113488.0,34205.56,770.99,285.6
5439,180691.84,81109.0,38660.31,30646.951,332.52,285.7
5440,226627.52,103376.0,42291.582,18467.75,251.02,285.7
5441,198530.08,93112.0,35727.96,23270.23,348.82,285.7
5442,184783.2,72860.0,55572.79,20939.92,303.18,285.7
5443,201508.16,100592.0,26294.27,19239.33,233.09,285.7
5444,178894.23,96347.0,27252.69,9393.9,180.93,285.7
5445,155892.8,81609.0,47986.742,14151.4,462.92,285.8
5446,225789.77,101609.0,53401.64,10646.42,171.15,285.8
5447,217779.52,105376.0,41533.84,13231.04,324.37,285.8
5448,114107.84,63836.0,47068.11,19843.1,301.55,285.8
5449,194118.4,100542.0,31596.72,20692.53,231.46,285.9
5450,203841.12,101913.0,54974.21,14615.04,415.65,285.9
5451,231219.52,107900.0,67066.914,27140.24,492.26,286.0
5452,253667.69,98844.0,53348.01,28863.32,365.12,286.0
5453,187706.4,101764.0,36117.21,12985.38,247.76,286.0
5454,237727.84,110093.0,43388.402,28733.57,350.45,286.0
5455,178224.48,94433.0,31851.031,8369.74,146.7,286.0
5456,200454.23,107290.0,25301.25,14620.23,128.77,286.0
5457,248759.84,106968.0,57410.05,18514.46,327.63,286.0
5458,184525.6,85375.0,54213.01,44260.32,563.98,286.1
5459,219660.0,101492.0,36535.87,19773.9,275.47,286.1
5460,199596.33,93941.0,43736.13,37354.16,334.15,286.1
5461,199346.56,104089.0,37715.73,15113.28,309.7,286.1
5462,262143.0,114927.0,102890.02,52654.28,699.27,286.1
5463,232115.52,105533.0,47893.32,14184.2705,220.05,286.2
5464,260727.05,113307.0,46445.31,15134.04,414.02,286.2
5465,31424.96,20269.0,7174.31,-6.92,-71.72,286.2
5466,253099.84,108913.0,50156.16,29197.21,363.49,286.2
5467,262143.0,108391.0,146408.17,89928.86,1061.13,286.2
5468,262143.0,91384.0,100412.664,34489.28,782.4,286.2
5469,136719.52,70384.0,23275.42,40435.29,391.2,286.3
5470,30381.121,10921.0,34958.11,119.37,326.0,286.4
5471,6331.36,5329.0,989.56,193.76001,-40.75,286.5
5472,197946.56,106173.0,34165.77,6634.5503,379.79,286.5
5473,187299.84,100205.0,33838.8,15185.94,343.93,286.6
5474,158644.64,67193.0,41227.63,19261.82,252.65,286.6
5475,166747.84,90870.0,15076.95,15879.67,231.46,286.8
5476,199338.72,101022.0,24010.67,20635.44,210.27,286.8
5477,144473.28,76696.0,44661.68,21974.46,379.79,286.9
5478,183299.2,92724.0,31043.121,16242.97,244.5,286.9
5479,211047.2,101593.0,36307.51,29404.81,407.5,287.0
5480,210958.72,105721.0,52590.27,8807.43,257.54,287.0
5481,178967.05,94423.0,31714.36,20337.88,200.49,287.0
5482,52519.04,26601.0,27692.11,195.49,270.58,287.2
5483,156754.08,91605.0,30704.041,11871.26,158.11,287.2
5484,217760.48,98789.0,45153.0,16974.76,319.48,287.3
5485,234632.16,110707.0,42440.36,9582.47,309.7,287.4
5486,178552.64,85330.0,31242.07,4985.86,404.24,287.5
5487,154080.64,89660.0,30328.63,12180.93,203.75,287.5
5488,193996.33,91463.0,35222.8,18402.01,386.31,287.6
5489,198606.23,105437.0,41405.82,15627.09,268.95,287.6
5490,175211.69,89716.0,25834.09,3060.37,277.1,287.7
5491,165749.92,88436.0,35868.09,14762.09,298.29,287.7
5492,138896.8,88113.0,32702.19,10501.101,228.2,287.7
5493,166943.84,91181.0,30146.98,10040.92,295.03,287.8
5494,262143.0,97688.0,75775.734,42710.242,658.52,287.9
5495,207248.16,108238.0,47765.3,18505.81,392.83,287.9
5496,179123.84,89400.0,29773.3,20687.34,172.78,288.0
5497,133052.64,75200.0,33132.96,11983.71,197.23,288.0
5498,106980.164,69257.0,22375.82,14262.12,210.27,288.1
5499,113771.84,71089.0,30710.96,12468.11,247.76,288.1
5500,20226.08,14472.0,3138.22,44.98,84.76,288.1
5501,156643.2,91456.0,27290.75,15531.94,255.91,288.1
5502,195459.05,97397.0,41338.35,16955.73,482.48,288.1
5503,150325.28,86286.0,29041.51,12481.95,268.95,288.2
5504,159950.56,86696.0,31728.201,16670.28,200.49,288.2
5505,186090.23,96641.0,27809.75,16353.69,239.61,288.3
5506,160818.56,92797.0,27141.97,11886.83,249.39,288.4
5507,193060.0,102301.0,23105.88,13203.36,220.05,288.4
5508,26000.8,21585.0,4624.29,-17.3,26.08,288.4
5509,149793.28,77740.0,61764.46,17294.81,365.12,288.5
5510,64475.04,35602.0,17983.35,178.19,361.86,288.7
5511,42528.64,29792.0,7570.48,-36.33,40.75,288.8
5512,107094.4,63040.0,21778.97,6612.06,132.03,288.9
5513,175013.44,100824.0,38373.13,16393.48,189.08,288.9
5514,58727.2,33112.0,31506.76,166.08,275.47,289.0
5515,228121.6,105808.0,37829.91,18109.64,252.65,289.1
5516,45706.082,28633.0,37302.26,273.34,508.56,289.1
5517,12247.2,5144.0,41606.5,77.85,259.17,289.3
5518,169036.0,95659.0,27737.09,8438.94,255.91,289.3
5519,166555.2,97010.0,27512.19,4207.36,143.44,289.3
5520,154916.16,87164.0,26425.75,15824.311,244.5,289.4
5521,220428.33,103524.0,33672.72,17498.95,365.12,289.5
5522,164542.56,95937.0,22796.21,9492.51,210.27,289.5
5523,162232.0,81920.0,37850.67,9930.2,309.7,289.5
5524,157122.56,83271.0,81304.81,17019.74,469.44,289.6
5525,201623.52,101396.0,38814.28,21265.16,277.1,289.7
5526,193089.12,96499.0,53918.91,22052.31,404.24,289.7
5527,194014.23,100252.0,23578.17,10343.67,193.97,289.7
5528,179193.28,91508.0,43845.12,14625.42,242.87,289.8
5529,161061.6,90813.0,25427.541,16443.65,273.84,289.8
5530,143381.28,88079.0,23015.92,17851.871,193.97,289.8
5531,219371.05,101529.0,45537.06,9345.46,394.46,289.8
5532,114851.52,75425.0,25858.31,12369.5,151.59,289.8
5533,224800.8,103718.0,40168.87,6700.29,335.78,289.9
5534,147965.44,82999.0,21221.91,12679.17,189.08,290.0
5535,145826.23,79847.0,29953.22,16142.63,264.06,290.0
5536,183579.2,88738.0,36729.63,18488.51,213.53,290.1
5537,192198.72,90963.0,45197.98,30005.121,348.82,290.1
5538,262143.0,107730.0,91228.09,38658.582,855.75,290.1
5539,47432.0,28997.0,8483.92,-17.3,55.42,290.1
5540,161245.28,92149.0,22598.99,11392.05,195.6,290.1
5541,208390.56,103761.0,25211.291,8105.0503,234.72,290.1
5542,222359.2,100636.0,38402.54,12867.74,309.7,290.2
5543,147288.95,66298.0,75054.32,1017.24,756.32,290.2
5544,218994.72,108540.0,45263.72,19697.78,400.98,290.2
5545,262143.0,111053.0,37238.25,29039.781,317.85,290.3
5546,153521.77,90995.0,22836.0,15006.0205,257.54,290.3
5547,152554.08,82520.0,31620.94,16858.85,358.6,290.3
5548,216192.48,101664.0,43594.27,16755.05,301.55,290.3
5549,191306.08,96200.0,29543.21,6196.86,301.55,290.4
5550,174102.88,80153.0,46517.97,14414.36,503.67,290.4
5551,234444.0,105618.0,48272.19,19780.82,264.06,290.4
5552,190262.23,99283.0,38784.87,13739.66,231.46,290.4
5553,262143.0,113271.0,48934.78,14478.37,252.65,290.4
5554,221459.84,107681.0,46261.93,11386.86,322.74,290.4
5555,256303.05,106469.0,70006.18,29366.75,444.99,290.5
5556,215499.2,104380.0,38826.39,22201.09,317.85,290.5
5557,262143.0,131436.0,180336.94,58006.902,1333.34,290.5
5558,122290.56,73108.0,16391.75,11608.3,84.76,290.5
5559,262143.0,112441.0,61210.86,21858.55,647.11,290.6
5560,120373.12,77523.0,25550.371,13047.66,301.55,290.6
5561,229819.52,98821.0,48228.94,15573.46,330.88998,290.6
5562,85097.6,46759.0,40032.2,257.77,332.52,290.6
5563,153537.44,80553.0,36193.332,8502.95,143.44,290.6
5564,186913.44,91909.0,40404.152,16768.89,347.19,290.7
5565,178416.0,94095.0,18173.65,10198.351,117.36,290.7
5566,262143.0,123582.0,128132.45,98462.95,1132.85,290.7
5567,196758.23,98635.0,35952.86,15561.351,268.95,290.7
5568,178531.36,96004.0,23498.59,12208.61,189.08,290.8
5569,173099.36,98994.0,20481.47,4378.63,185.81999,290.8
5570,170779.84,81306.0,66236.51,37208.84,577.02,290.8
5571,195086.08,76677.0,65861.1,10636.04,562.35,290.8
5572,189642.88,98192.0,38703.56,9430.23,262.43,290.9
5573,170843.69,94544.0,44002.55,15109.82,368.38,291.0
5574,168439.05,98849.0,20877.64,17986.81,242.87,291.1
5575,192489.92,92424.0,66153.47,16668.55,309.7,291.2
5576,225846.88,108484.0,28356.43,17685.791,213.53,291.2
5577,159764.64,89765.0,32165.89,10527.05,342.3,291.3
5578,20739.041,13497.0,2532.72,43.25,45.64,291.3
5579,73485.44,41567.0,35902.69,164.35,299.92,291.4
5580,149718.23,89404.0,37840.29,15635.74,278.73,291.4
5581,199286.08,101605.0,54453.48,7613.73,422.17,291.5
5582,85376.48,49921.0,43741.32,359.84,397.72,291.6
5583,222944.97,96109.0,40802.05,15450.63,260.8,291.7
5584,45965.92,17667.0,39885.152,152.24,492.26,291.8
5585,239470.56,109576.0,25709.531,20427.84,286.88,291.9
5586,58091.04,35150.0,21358.58,273.34,187.45,292.0
5587,193032.0,97205.0,40772.64,21214.99,379.79,292.3
5588,172858.56,92626.0,33409.76,6477.12,311.33,292.4
5589,130473.28,83292.0,15739.54,8677.68,174.41,292.5
5590,242850.72,103472.0,60968.66,15526.75,523.23,292.5
5591,228184.33,101825.0,44441.97,12516.55,215.16,292.7
5592,165529.28,98923.0,17178.9,16204.91,102.69,292.7
5593,91406.56,52965.0,39200.07,581.28,440.1,292.7
5594,32508.0,15641.0,53553.88,198.95,296.66,292.9
5595,197406.72,99353.0,33878.59,19260.09,337.41,293.0
5596,175292.33,101495.0,20732.32,9572.09,275.47,293.1
5597,173614.56,102382.0,31295.701,16177.23,234.72,293.2
5598,188114.08,96116.0,34110.41,17770.56,308.07,293.3
5599,210118.72,108366.0,23507.24,17102.78,268.95,293.3
5600,152367.05,80564.0,40080.64,22368.9,306.44,293.5
5601,182492.8,90128.0,41307.21,18926.201,174.41,293.5
5602,182742.56,96664.0,22408.69,4878.6,203.75,293.6
5603,219750.72,102472.0,52354.992,28083.09,384.68,293.7
5604,194062.4,99133.0,41660.13,24605.791,290.13998,293.7
5605,206702.72,103817.0,59762.85,24758.03,293.4,293.7
5606,220119.2,110205.0,46258.47,24209.621,311.33,293.8
5607,180798.23,98168.0,32532.65,16156.47,190.71,293.8
5608,235551.69,111995.0,37425.09,23213.14,195.6,293.9
5609,88659.2,47296.0,49081.832,333.89,371.63998,293.9
5610,188898.08,92776.0,37063.52,18178.84,273.84,293.9
5611,169872.64,95969.0,47286.09,10751.95,394.46,294.0
5612,184892.95,104301.0,29531.1,20484.93,301.55,294.0
5613,206558.23,103208.0,42765.6,30057.02,391.2,294.1
5614,206959.2,104256.0,45147.81,16469.6,343.93,294.1
5615,223857.77,107072.0,49907.04,13936.88,254.28,294.1
5616,262143.0,94441.0,95594.61,34888.91,673.19,294.1
5617,214515.84,101918.0,42770.79,18379.52,224.94,294.2
5618,216386.23,104748.0,31582.88,10333.29,237.98,294.2
5619,175543.2,97063.0,33650.23,14057.98,288.51,294.2
5620,88627.84,12589.0,224477.88,807.91003,1185.01,294.2
5621,151641.28,62504.0,68049.55,484.4,738.39,294.3
5622,198133.6,97405.0,35477.11,14357.2705,368.38,294.3
5623,158950.4,96389.0,17376.121,18794.72,146.7,294.3
5624,156474.08,83448.0,31207.47,10943.98,153.22,294.3
5625,171259.2,94016.0,31985.97,18168.46,268.95,294.3
5626,15404.48,6843.0,50017.76,-25.95,202.12,294.4
5627,176421.28,76776.0,61830.2,23512.43,638.96,294.4
5628,165389.28,90592.0,24403.38,21112.92,384.68,294.4
5629,166688.48,93629.0,30705.77,14618.5,295.03,294.4
5630,224743.69,104224.0,55868.62,23102.42,529.75,294.4
5631,262143.0,109497.0,81868.79,31214.39,795.44,294.5
5632,138743.36,85541.0,22325.65,10094.55,195.6,294.5
5633,188463.52,93193.0,38329.88,13227.58,342.3,294.6
5634,177044.0,95747.0,34108.68,9511.54,234.72,294.6
5635,16266.88,14278.0,994.75,1186.78,19.56,294.6
5636,169173.77,97417.0,27567.55,12606.51,298.29,294.6
5637,118946.24,72808.0,32434.041,13597.8,236.35,294.7
5638,151077.92,82453.0,37412.98,12490.601,249.39,294.7
5639,224150.08,109240.0,50536.76,35511.71,557.46,294.7
5640,38405.92,22417.0,18801.64,126.29,115.73,294.8
5641,262143.0,101408.0,81086.83,33096.63,379.79,294.9
5642,199900.95,101508.0,34579.242,12869.47,255.91,294.9
5643,167727.84,83821.0,42741.38,26199.121,299.92,294.9
5644,30388.96,5924.0,45917.66,230.09,311.33,295.0
5645,189925.12,90028.0,51033.27,20114.71,396.09,295.0
5646,192561.6,104186.0,19635.5,10793.47,281.99,295.0
5647,115291.68,72137.0,20170.07,9468.29,154.85,295.0
5648,133351.69,89512.0,20595.65,3830.22,105.95,295.1
5649,166243.84,96064.0,24758.03,10639.5,138.55,295.1
5650,154771.69,91969.0,18531.76,10355.78,141.81,295.1
5651,262143.0,107220.0,57316.63,53271.89,612.88,295.2
5652,161934.08,89764.0,23123.18,16851.93,148.33,295.3
5653,201854.23,102598.0,34959.84,16599.35,185.81999,295.5
5654,177537.92,101031.0,24886.05,15159.99,262.43,295.7
5655,251183.52,113215.0,45095.91,22924.23,444.99,295.8
5656,199188.64,102664.0,25994.98,12315.87,234.72,295.9
5657,236299.84,106857.0,38168.992,17772.291,255.91,295.9
5658,66902.08,39309.0,21770.32,133.21,127.14,296.0
5659,262143.0,79638.0,84353.07,18908.9,709.05,296.3
5660,138294.23,77509.0,28854.67,15319.15,215.16,296.4
5661,148904.0,66260.0,46950.47,23950.121,402.61,296.6
5662,184252.33,96561.0,26922.26,11461.25,311.33,296.6
5663,214626.72,107211.0,44059.64,13429.99,361.86,296.7
5664,217498.4,108057.0,43341.69,18606.15,334.15,296.8
5665,171168.48,88773.0,50337.812,17734.23,345.56,296.8
5666,163729.44,81994.0,64143.21,29129.74,472.7,296.9
5667,262143.0,116115.0,96210.49,80924.21,883.46,296.9
5668,206122.56,93300.0,48377.72,18971.18,448.25,297.0
5669,195452.33,94824.0,46441.85,23093.77,241.24,297.1
5670,246062.88,102345.0,78272.12,28799.31,550.94,297.2
5671,178056.48,93117.0,30249.05,11591.0,221.68,297.2
5672,82735.52,43919.0,47462.55,178.19,431.95,297.2
5673,130744.32,80355.0,22574.77,10983.7705,161.37,297.2
5674,96932.64,60981.0,33414.95,17729.041,277.1,297.2
5675,175642.88,95926.0,31460.05,19929.6,242.87,297.3
5676,238874.72,106091.0,39302.14,39890.34,466.18,297.3
5677,188048.0,98828.0,33724.62,10187.97,339.04,297.4
5678,262143.0,120720.0,75651.17,24576.38,516.71,297.4
5679,182819.84,96551.0,46713.46,13144.54,407.5,297.5
5680,79722.72,45548.0,35397.53,126.29,298.29,297.5
5681,173673.92,95461.0,34425.27,13052.851,268.95,297.6
5682,188062.56,100289.0,33369.97,12436.97,192.34,297.6
5683,146544.16,78383.0,32914.98,18265.34,252.65,297.6
5684,90923.84,55575.0,24216.541,9969.99,176.04,297.6
5685,160575.52,90378.0,18516.19,10617.01,207.01,297.6
5686,106938.72,67664.0,16319.09,13149.73,141.81,297.7
5687,243586.56,97789.0,83354.86,10452.66,482.48,297.7
5688,159635.84,90060.0,24758.03,9203.601,265.69,297.7
5689,225168.16,103413.0,39156.82,10059.95,400.98,297.8
5690,173231.52,85569.0,29856.34,19427.9,280.36,297.9
5691,166406.23,91308.0,28487.91,14032.03,223.31,297.9
5692,258145.44,99445.0,62785.16,25386.02,577.02,297.9
5693,184377.77,98320.0,36629.29,15436.79,275.47,298.0
5694,158719.69,84411.0,36651.78,14890.11,267.32,298.1
5695,230030.08,106202.0,48507.47,19126.88,391.2,298.1
5696,177471.84,80029.0,41938.66,26892.85,371.63998,298.2
5697,173147.52,95849.0,22130.16,16867.5,76.61,298.2
5698,211043.84,95505.0,36653.51,27617.72,330.88998,298.3
5699,188391.84,101509.0,21777.24,13186.061,166.26,298.3
5700,186751.05,96216.0,39968.19,13921.311,163.0,298.4
5701,155330.56,89631.0,25110.951,13184.33,195.6,298.5
5702,219383.36,101833.0,53474.3,25918.86,454.77,298.5
5703,49610.4,10533.0,110014.164,275.07,813.37,298.6
5704,9296.0,8916.0,1020.7,764.66003,45.64,298.6
5705,89389.44,60525.0,27133.32,13028.63,192.34,298.7
5706,143582.88,62747.0,54865.22,28572.68,363.49,298.7
5707,175206.08,95875.0,37444.12,6676.0703,347.19,298.7
5708,262143.0,95812.0,44144.41,25941.35,371.63998,298.7
5709,217115.36,99594.0,45249.88,23502.05,570.5,298.8
5710,147873.6,88101.0,42215.46,31276.67,329.26,298.9
5711,185101.28,99296.0,27764.77,22346.41,185.81999,298.9
5712,169893.92,93516.0,46587.17,68992.4,471.07,298.9
5713,199141.6,92261.0,28422.17,20552.4,358.6,298.9
5714,169805.44,98093.0,29717.94,12096.16,293.4,299.0
5715,214256.0,108921.0,32015.38,11990.63,376.53,299.0
5716,216651.69,105569.0,28332.21,14192.92,229.83,299.0
5717,227804.64,105508.0,46986.8,12706.851,485.74,299.1
5718,181825.28,86042.0,36996.05,11201.75,376.53,299.1
5719,180691.84,92790.0,32658.94,15343.37,211.9,299.2
5720,201081.44,102679.0,31537.9,9193.22,254.28,299.2
5721,156119.05,89769.0,33594.87,13172.22,332.52,299.3
5722,152222.56,90005.0,23431.121,9383.5205,63.57,299.3
5723,210791.84,101348.0,32719.49,25489.82,353.71,299.3
5724,194582.08,97776.0,27640.21,17735.96,257.54,299.4
5725,202613.6,100000.0,54375.63,15758.57,384.68,299.4
5726,178039.69,90577.0,29781.951,19114.77,228.2,299.4
5727,182909.44,87558.0,30608.89,5760.9,237.98,299.4
5728,211296.95,103440.0,39537.42,14359.0,319.48,299.4
5729,224596.97,93253.0,66387.02,14393.601,503.67,299.5
5730,188518.4,102414.0,23171.621,8956.21,272.21,299.5
5731,172146.23,89724.0,39073.78,11065.08,299.92,299.6
5732,129977.12,71747.0,26917.07,11727.67,415.65,299.6
5733,181973.12,101359.0,28121.15,12217.26,154.85,299.6
5734,6697.6,5884.0,5058.52,31.14,-17.93,299.6
5735,222292.0,97986.0,51361.97,19811.96,317.85,299.7
5736,193382.56,98425.0,38689.72,17045.69,285.25,299.7
5737,203365.12,106444.0,36210.63,12990.57,350.45,299.7
5738,144341.12,80944.0,33011.86,17035.31,327.63,299.8
5739,111901.44,65424.0,26821.92,15095.98,159.74,299.8
5740,183377.6,99435.0,34700.34,9954.42,215.16,299.9
5741,142497.6,76892.0,41693.0,17862.25,288.51,299.9
5742,166498.08,90674.0,27250.96,4224.66,146.7,299.9
5743,202257.44,102291.0,22451.94,22578.23,203.75,299.9
5744,206601.92,98912.0,53384.34,19035.19,407.5,299.9
5745,127443.68,73112.0,37205.38,25306.44,231.46,300.0
5746,235164.16,110518.0,33288.66,22111.13,298.29,300.0
5747,241383.52,103432.0,45943.61,24373.97,418.91,300.0
5748,237652.8,102992.0,83578.03,67643.0,687.86,300.0
5749,236303.2,107481.0,44843.332,10943.98,330.88998,300.1
5750,105878.08,61384.0,42646.23,11911.05,277.1,300.3
5751,145906.88,87019.0,27318.43,12033.88,200.49,300.3
5752,31315.2,14577.0,26020.93,-25.95,193.97,300.4
5753,165234.72,89939.0,20455.52,22818.701,224.94,300.5
5754,174780.48,92091.0,34342.23,17966.05,239.61,300.5
5755,192972.64,95637.0,28496.56,15973.09,247.76,300.7
5756,195977.6,102988.0,29089.951,12646.3,262.43,300.9
5757,262143.0,99745.0,57363.34,21891.42,489.0,301.0
5758,216222.72,100438.0,46592.36,29072.65,436.84,301.1
5759,223983.2,101157.0,33639.85,13014.79,277.1,301.1
5760,176858.08,81048.0,63665.73,19934.791,537.9,301.2
5761,193762.23,97380.0,36290.21,12466.38,190.71,301.2
5762,198937.77,100725.0,29634.9,20877.64,355.34,301.3
5763,179318.72,99000.0,35606.86,13936.88,193.97,301.4
5764,183412.33,95857.0,21964.08,11317.66,278.73,301.4
5765,170059.69,91605.0,31949.64,28399.68,370.01,301.5
5766,262143.0,110756.0,58256.02,12165.36,482.48,301.5
5767,38616.48,14924.0,49993.54,190.3,303.18,301.6
5768,179900.0,94431.0,32619.15,7238.3203,198.86,301.6
5769,186410.56,99936.0,26076.291,14698.08,143.44,301.6
5770,211393.28,106140.0,31935.8,14838.21,355.34,301.6
5771,8124.48,6505.0,3518.82,53.63,84.76,301.6
5772,194806.08,102209.0,22905.201,15625.36,223.31,301.6
5773,199029.6,100872.0,31082.91,18827.59,231.46,301.6
5774,72172.8,47145.0,4596.61,4352.68,37.49,301.7
5775,195889.12,97393.0,36501.27,14127.18,228.2,301.8
5776,262143.0,112377.0,47818.93,30390.91,308.07,301.9
5777,166380.48,93291.0,25131.71,14253.47,184.19,301.9
5778,191074.23,99485.0,41295.1,27891.06,216.79,301.9
5779,220502.23,107909.0,54771.8,14469.72,298.29,302.0
5780,231892.64,112860.0,44499.06,16940.16,329.26,302.0
5781,201415.2,103861.0,32124.371,21517.74,176.04,302.0
5782,178823.69,92425.0,35539.39,7307.52,370.01,302.1
5783,121489.76,25896.0,262143.0,723.14,1305.63,302.1
5784,191194.08,97828.0,30501.63,12936.94,66.83,302.1
5785,116174.24,64825.0,35075.75,9926.74,198.86,302.1
5786,83807.36,53632.0,18991.94,15637.47,164.63,302.1
5787,173417.44,97302.0,21540.23,9791.8,211.9,302.1
5788,157582.88,83556.0,45755.04,10400.76,283.62,302.1
5789,196786.23,104246.0,31245.531,19242.791,208.64,302.1
5790,192488.8,99347.0,37073.902,12473.3,332.52,302.1
5791,188527.36,95347.0,50310.13,20377.67,396.09,302.2
5792,183397.77,94709.0,29890.94,15051.0,211.9,302.2
5793,248788.97,102097.0,49849.95,21753.02,394.46,302.3
5794,60757.76,15348.0,65675.99,307.94,430.32,302.3
5795,216340.33,107256.0,41885.03,18298.21,293.4,302.3
5796,205829.12,103232.0,33075.87,18594.041,283.62,302.3
5797,142388.95,72648.0,64816.18,21104.27,533.01,302.4
5798,205854.88,94537.0,45874.41,22386.201,334.15,302.4
5799,204109.92,100294.0,32645.1,7843.8203,202.12,302.4
5800,178258.08,97319.0,36317.89,15293.2,187.45,302.5
5801,165066.72,96824.0,18476.4,6584.38,114.1,302.5
5802,201085.92,100937.0,30387.451,13781.18,174.41,302.5
5803,181200.33,103319.0,21123.3,13985.32,205.38,302.5
5804,194001.92,98490.0,29480.93,21195.96,195.6,302.5
5805,184886.23,103234.0,31937.531,10757.14,210.27,302.5
5806,73747.52,41586.0,36361.14,285.45,163.0,302.5
5807,166763.52,93496.0,29499.96,15507.72,125.51,302.6
5808,182899.36,103572.0,43184.26,25275.3,283.62,302.6
5809,179756.64,98681.0,27899.71,7819.6,202.12,302.6
5810,169842.4,96585.0,30276.73,12066.75,154.85,302.6
5811,169277.92,93526.0,17770.56,8918.15,159.74,302.7
5812,179065.6,82649.0,54815.05,40272.67,550.94,302.7
5813,134431.36,76524.0,32717.76,14981.8,324.37,302.7
5814,96621.28,30045.0,108881.01,287.18,1158.93,302.7
5815,139737.92,80248.0,35395.8,12341.82,295.03,302.7
5816,262143.0,108545.0,70193.02,11833.2,808.48,302.7
5817,193052.16,104336.0,30494.71,9729.5205,242.87,302.7
5818,217790.72,106841.0,44812.19,8656.92,218.42,302.8
5819,198233.28,98184.0,47552.51,14021.65,347.19,302.8
5820,182748.16,91393.0,21701.121,5826.64,215.16,302.9
5821,188530.72,102579.0,27832.24,13196.44,123.88,302.9
5822,165382.56,96255.0,27223.281,11840.12,141.81,302.9
5823,208642.56,100579.0,43957.57,18637.291,370.01,302.9
5824,174840.95,90617.0,28688.59,12751.83,304.81,303.0
5825,170895.2,90947.0,33458.2,32307.75,396.09,303.0
5826,262143.0,97433.0,204844.11,21711.5,1131.22,303.0
5827,188078.23,86259.0,59439.34,21211.53,435.21,303.0
5828,228590.88,107430.0,40222.5,21315.33,283.62,303.1
5829,236642.56,108686.0,40966.402,22880.98,355.34,303.1
5830,82415.2,51693.0,48445.19,432.5,368.38,303.1
5831,262143.0,26809.0,262143.0,1235.22,4720.48,303.1
5832,175717.92,91866.0,36459.75,18898.52,384.68,303.2
5833,173698.56,97929.0,30287.11,13288.13,283.62,303.2
5834,218830.08,107769.0,27968.91,18329.35,239.61,303.2
5835,194096.0,103528.0,24955.25,14506.05,182.56,303.2
5836,217640.64,98925.0,42006.13,11578.89,361.86,303.2
5837,201034.4,97617.0,34797.22,15253.41,383.05,303.2
5838,173424.16,88761.0,30044.91,13542.44,197.23,303.3
5839,262143.0,121829.0,62546.42,35184.742,684.6,303.3
5840,175980.0,97090.0,19606.09,13300.24,96.17,303.3
5841,234834.88,96661.0,58352.902,38009.832,433.58,303.3
5842,166816.16,83555.0,54136.89,28418.71,405.87,303.4
5843,80327.52,14298.0,111702.64,390.98,601.47,303.4
5844,188689.77,102629.0,28579.6,11604.84,241.24,303.4
5845,171776.64,94597.0,28461.96,10760.601,213.53,303.4
5846,126663.04,69298.0,35807.54,18426.23,288.51,303.4
5847,230093.92,106456.0,52491.66,19249.71,415.65,303.4
5848,188021.12,103797.0,28323.56,17450.51,242.87,303.5
5849,144827.2,82164.0,33183.13,12701.66,396.09,303.5
5850,184740.64,82532.0,41781.23,15812.2,407.5,303.5
5851,247169.44,111484.0,49958.94,10321.18,378.16,303.5
5852,152867.69,91364.0,28441.201,10516.67,215.16,303.6
5853,260720.33,102770.0,62501.44,38528.832,430.32,303.6
5854,260640.8,91455.0,79962.33,30332.09,652.0,303.7
5855,148711.36,92895.0,24425.871,17310.38,347.19,303.7
5856,185048.64,102595.0,33198.7,11160.23,237.98,303.7
5857,204771.84,99275.0,34835.28,11916.24,285.25,303.7
5858,262143.0,133787.0,64345.62,41897.14,733.5,303.7
5859,258380.64,109601.0,45075.152,26899.77,373.27,303.7
5860,249864.16,108472.0,51282.39,35330.06,396.09,303.7
5861,262143.0,103468.0,88551.78,38023.67,502.04,303.7
5862,200061.12,104313.0,30577.75,6932.11,231.46,303.8
5863,209706.56,99045.0,58925.53,19910.57,459.66,303.8
5864,163024.95,81104.0,32613.96,13506.11,210.27,303.8
5865,214286.23,90089.0,69023.54,21773.78,546.05,303.8
5866,180539.52,100453.0,39260.62,10236.41,231.46,303.8
5867,235779.05,99857.0,40250.18,16286.22,246.13,303.8
5868,159270.72,69756.0,79749.54,9914.63,495.52,303.8
5869,172252.64,88284.0,41459.45,10745.03,542.79,303.8
5870,184997.12,83463.0,61868.26,12191.311,818.26,303.8
5871,176476.16,97361.0,26169.71,7807.49,166.26,303.9
5872,176335.05,103577.0,21787.621,17751.53,149.96,303.9
5873,217213.92,94560.0,36224.47,11923.16,283.62,303.9
5874,207917.92,103570.0,39046.1,18964.26,233.09,303.9
5875,225267.84,104558.0,36624.1,20623.33,295.03,303.9
5876,157605.28,87425.0,26771.75,14033.76,164.63,303.9
5877,192464.16,105685.0,21945.05,9950.96,164.63,303.9
5878,244132.0,98868.0,45026.71,18986.75,469.44,304.0
5879,234094.56,103818.0,53131.76,18818.94,330.88998,304.0
5880,220002.72,103385.0,44405.64,28330.48,277.1,304.0
5881,173250.56,97002.0,34551.56,16346.7705,226.56999,304.0
5882,253295.84,109391.0,39480.332,26527.82,376.53,304.1
5883,211478.4,88303.0,25200.91,23787.5,244.5,304.1
5884,262143.0,102667.0,93226.24,43083.92,1012.23,304.1
5885,128732.8,69429.0,28996.531,13525.141,456.4,304.1
5886,186268.33,94147.0,40097.94,15902.16,252.65,304.1
5887,187044.48,89840.0,42500.91,28818.34,329.26,304.1
5888,17101.28,5340.0,39577.21,0.0,153.22,304.1
5889,228449.77,109107.0,52642.17,19820.61,286.88,304.1
5890,214476.64,102897.0,41997.48,18876.03,133.66,304.1
5891,185066.56,99613.0,40604.832,17107.97,220.05,304.1
5892,235901.12,106473.0,48322.36,47471.2,430.32,304.2
5893,62188.0,35442.0,34238.43,133.21,281.99,304.2
5894,214924.64,101453.0,42912.652,19592.25,208.64,304.2
5895,67399.36,35841.0,32752.361,212.79001,254.28,304.3
5896,242184.33,104429.0,85245.75,63594.8,736.76,304.3
5897,261943.36,106565.0,39559.91,20557.59,301.55,304.3
5898,216937.28,103957.0,42068.41,19135.53,299.92,304.3
5899,166313.28,99039.0,28200.73,16993.791,298.29,304.3
5900,168711.2,94184.0,25001.96,7958.0,145.06999,304.4
5901,214932.48,105557.0,38822.93,18267.07,247.76,304.4
5902,205289.28,100705.0,42272.55,21512.55,260.8,304.4
5903,206116.95,93466.0,51799.66,28422.17,368.38,304.4
5904,154731.36,84586.0,29664.31,18043.9,280.36,304.4
5905,207648.0,104363.0,38115.36,8867.98,283.62,304.4
5906,157450.72,92273.0,30231.75,10418.061,295.03,304.5
5907,217854.56,99985.0,64214.14,26387.69,529.75,304.5
5908,212457.28,108132.0,47839.69,22628.4,471.07,304.5
5909,174260.8,98252.0,43604.652,17306.92,272.21,304.5
5910,17820.32,8964.0,18242.85,91.69,78.24,304.5
5911,167059.2,91580.0,32539.57,14931.63,182.56,304.6
5912,94840.48,12996.0,94598.13,835.59,815.0,304.6
5913,117028.8,46096.0,54534.79,13599.53,443.36,304.6
5914,200148.48,89441.0,36155.27,16033.641,177.67,304.6
5915,246481.77,89201.0,83200.89,16208.37,384.68,304.6
5916,17940.16,6441.0,37606.742,108.99,221.68,304.6
5917,192859.52,103733.0,33883.78,18583.66,549.31,304.6
5918,215253.92,111148.0,41435.23,10930.14,433.58,304.6
5919,190066.23,89241.0,47168.45,23143.94,495.52,304.6
5920,209282.08,101602.0,54455.21,7883.61,381.42,304.6
5921,221659.2,111889.0,50630.18,25685.31,334.15,305.1
5922,140822.08,82861.0,33527.4,16613.19,298.29,305.2
5923,221754.4,101394.0,48484.98,10603.17,394.46,305.2
5924,200542.72,94620.0,45462.67,1986.04,236.35,305.2
5925,183439.2,100671.0,33911.46,9361.03,171.15,305.2
5926,155958.88,90572.0,19950.36,11428.38,107.58,305.2
5927,219514.4,106335.0,41995.75,27366.871,270.58,305.3
5928,192190.88,92746.0,55391.14,22804.86,218.42,305.3
5929,194630.23,101320.0,32588.01,14319.21,50.53,305.3
5930,218560.16,108969.0,48325.82,25232.05,255.91,305.4
5931,170660.0,91371.0,42173.94,11194.83,471.07,305.4
5932,169316.0,91659.0,33299.04,15497.34,272.21,305.5
5933,13592.32,13461.0,7262.54,126.29,200.49,305.5
5934,262143.0,107897.0,70658.39,11571.97,475.96,305.5
5935,159705.28,87927.0,21128.49,10302.15,234.72,305.5
5936,195438.88,99089.0,35714.12,23505.51,195.6,305.5
5937,262143.0,114806.0,128725.84,44319.14,1136.11,305.6
5938,262143.0,113118.0,123414.74,77066.31,973.11,305.6
5939,245010.08,111433.0,28797.58,16668.55,405.87,305.6
5940,212928.8,102345.0,40002.79,14564.87,350.45,305.7
5941,172067.84,85380.0,76884.664,21599.05,738.39,305.7
5942,262143.0,108641.0,55380.76,14916.061,324.37,305.8
5943,202901.44,91901.0,27638.48,19446.93,304.81,305.8
5944,262143.0,109989.0,208222.8,122800.59,2076.6199,305.8
5945,151538.23,90924.0,23162.97,8490.84,123.88,305.9
5946,229448.8,101337.0,56917.0,23038.41,443.36,305.9
5947,155948.8,77017.0,27948.15,12810.65,340.67,306.1
5948,131623.52,69286.0,25294.33,19050.76,296.66,306.2
5949,234567.2,109461.0,45467.86,23476.1,443.36,306.2
5950,262143.0,106345.0,47642.47,12611.7,309.7,306.2
5951,260665.44,107825.0,47218.62,39770.97,614.51,306.3
5952,227436.16,105269.0,37935.44,16121.87,453.13998,306.3
5953,237049.12,90746.0,74846.72,11561.59,482.48,306.3
5954,186044.33,97003.0,24498.53,14871.08,247.76,306.3
5955,164122.56,85515.0,26475.92,13758.69,285.25,306.5
5956,205627.52,100337.0,50668.242,24789.17,298.29,306.6
5957,140611.52,73057.0,39035.72,21912.18,480.85,306.6
5958,225626.23,99684.0,60120.96,29287.17,485.74,306.7
5959,199908.8,99176.0,45348.492,10760.601,270.58,306.7
5960,174305.6,86673.0,40312.46,19799.85,467.81,306.8
5961,79311.68,49301.0,35276.43,17082.02,321.11,306.8
5962,155536.64,90949.0,22398.31,13765.61,174.41,306.9
5963,228889.92,109435.0,37061.79,26885.93,449.88,307.1
5964,164093.44,90320.0,25835.82,14077.01,299.92,307.1
5965,184365.44,92126.0,41857.35,13331.38,295.03,307.2
5966,157395.84,95864.0,30458.38,11158.5,239.61,307.2
5967,213584.0,102113.0,44708.39,8482.19,192.34,307.2
5968,163705.92,97221.0,25368.72,61164.152,510.19,307.3
5969,250614.56,108449.0,51242.6,10193.16,405.87,307.4
5970,174975.36,93538.0,28721.46,15779.33,114.1,307.4
5971,156424.8,91960.0,27048.55,5298.99,136.92,307.4
5972,162253.28,93740.0,26491.49,11291.71,268.95,307.4
5973,173781.44,87071.0,32961.69,18405.47,246.13,307.6
5974,176771.84,100632.0,26207.77,9151.7,125.51,307.6
5975,161582.4,92535.0,23856.701,10615.28,291.77,307.7
5976,213828.16,106172.0,33068.95,24033.16,272.21,307.7
5977,155292.48,91872.0,25183.61,17177.17,200.49,307.8
5978,172579.69,97382.0,28034.65,8091.21,138.55,307.8
5979,188294.4,97309.0,29394.43,13440.37,215.16,307.9
5980,201843.05,98041.0,30240.4,17528.36,329.26,307.9
5981,167927.2,88909.0,37186.35,13177.41,317.85,307.9
5982,262143.0,112240.0,31920.23,16410.78,207.01,308.0
5983,176357.44,100503.0,27173.11,10516.67,267.32,308.0
5984,131979.69,84420.0,50711.492,30413.4,291.77,308.1
5985,262143.0,103177.0,58318.3,25159.39,400.98,308.1
5986,230740.16,109208.0,38819.47,20182.18,356.97,308.2
5987,73300.64,57754.0,9544.41,3306.03,52.16,308.2
5988,241963.69,105395.0,54681.84,25733.75,443.36,308.3
5989,236748.97,98908.0,39786.54,24308.23,231.46,308.3
5990,186176.48,101317.0,29901.32,9781.42,236.35,308.4
5991,188108.48,103590.0,27866.84,14990.45,218.42,308.4
5992,190718.08,95433.0,64224.52,24958.71,433.58,308.5
5993,204962.23,98460.0,47801.63,11817.63,246.13,308.5
5994,247826.88,105449.0,60456.582,21721.88,459.66,308.5
5995,216810.72,100312.0,47953.87,26029.58,523.23,308.6
5996,177879.52,101264.0,23969.15,18633.83,288.51,308.6
5997,162785.28,86962.0,30043.18,13103.0205,293.4,308.6
5998,88870.88,55843.0,61150.312,3110.54,580.27997,308.7
5999,202501.6,101969.0,36326.54,22631.86,163.0,308.7
6000,202552.0,106044.0,33696.94,12886.7705,417.28,308.8
6001,161963.2,94548.0,23145.67,13097.83,198.86,308.8
6002,198164.95,102394.0,45898.63,21086.97,321.11,308.8
6003,189669.77,90139.0,37892.19,15204.97,355.34,308.8
6004,191509.92,102928.0,28480.99,13644.51,226.56999,308.9
6005,193359.05,97233.0,28283.77,15390.08,322.74,308.9
6006,108936.8,65541.0,17583.72,14089.12,96.17,308.9
6007,262143.0,106109.0,57126.332,23339.43,414.02,308.9
6008,202073.77,94908.0,42983.582,14651.37,451.51,309.0
6009,183841.28,88090.0,38516.72,24391.27,405.87,309.0
6010,175744.8,96883.0,18983.291,16106.3,205.38,309.1
6011,213895.36,99829.0,111846.234,32056.9,647.11,309.1
6012,186540.48,97925.0,51192.43,13940.34,386.31,309.1
6013,214809.28,111448.0,34522.15,20644.09,396.09,309.1
6014,134852.48,86073.0,16915.94,10082.44,197.23,309.1
6015,176848.0,84100.0,51581.68,29328.69,500.41,309.1
6016,231453.6,106054.0,41789.88,27401.47,296.66,309.2
6017,201729.92,96949.0,25465.6,14165.24,207.01,309.2
6018,205141.44,105471.0,31838.92,18320.701,267.32,309.2
6019,169697.92,93436.0,36009.95,10070.33,233.09,309.3
6020,201203.52,99698.0,45545.71,16877.88,487.37,309.4
6021,223524.0,108634.0,43057.97,16213.561,233.09,309.4
6022,202182.4,101650.0,24863.56,16718.72,247.76,309.4
6023,178644.48,101838.0,39511.47,7850.74,239.61,309.4
6024,183854.72,104345.0,34233.242,5328.4,268.95,309.4
6025,171849.44,74269.0,88987.74,32754.09,731.87,309.4
6026,222340.16,103196.0,54200.902,28261.281,479.22,309.5
6027,182241.92,90953.0,43042.402,11118.71,355.34,309.5
6028,240957.92,97696.0,26932.64,28532.89,249.39,309.5
6029,214945.92,105532.0,43478.36,13369.44,337.41,309.5
6030,214445.28,102992.0,45320.81,23444.96,345.56,309.5
6031,160469.12,91421.0,39305.6,11097.95,265.69,309.5
6032,208839.69,106161.0,28199.0,19920.951,216.79,309.5
6033,192703.84,93616.0,25399.86,18223.82,176.04,309.5
6034,156212.0,88028.0,30169.47,11324.58,190.71,309.6
6035,193683.84,105067.0,41360.84,4887.25,234.72,309.7
6036,209929.44,101275.0,79678.61,20021.291,466.18,309.7
6037,74133.92,14380.0,104177.14,394.44,624.29,309.7
6038,156085.44,80442.0,35892.31,12658.41,275.47,309.7
6039,144768.95,81110.0,26455.16,8579.07,130.4,309.7
6040,211824.48,101158.0,26880.74,11418.0,211.9,309.7
6041,224654.08,104507.0,36132.78,22140.541,295.03,309.7
6042,167027.84,89442.0,30368.42,12680.9,280.36,309.8
6043,194734.4,103016.0,28743.951,13083.99,216.79,309.9
6044,219401.28,105961.0,29546.67,21145.791,278.73,309.9
6045,262143.0,109048.0,66954.46,33664.07,738.39,309.9
6046,222104.97,100075.0,41656.67,27039.9,409.13,310.0
6047,192222.23,104591.0,45343.3,20529.91,337.41,310.0
6048,178349.92,96073.0,27252.69,14248.28,218.42,310.0
6049,209161.12,102625.0,27297.67,14672.13,234.72,310.0
6050,246103.2,113034.0,45391.742,13097.83,304.81,310.0
6051,262143.0,108665.0,87110.69,61709.1,485.74,310.0
6052,179029.77,93817.0,35269.51,17317.3,387.94,310.0
6053,149629.77,92633.0,30112.38,13613.37,167.89,310.0
6054,31764.32,9641.0,37179.43,295.83002,304.81,310.2
6055,193555.05,97529.0,63731.47,6715.86,399.35,310.2
6056,213997.28,95408.0,109007.305,64025.57,919.32,310.3
6057,198612.95,102777.0,23899.951,29958.41,265.69,310.3
6058,243854.23,110869.0,59608.88,11829.74,428.69,310.4
6059,235891.05,96989.0,71782.89,35122.46,485.74,310.6
6060,262143.0,102308.0,117295.734,39876.5,829.67,310.6
6061,229658.23,110593.0,46147.75,8201.93,176.04,310.6
6062,210234.08,100881.0,39399.02,16566.48,218.42,310.6
6063,218606.08,97741.0,45154.73,21434.701,412.38998,310.7
6064,183850.23,100469.0,29390.97,8869.71,226.56999,310.7
6065,84422.24,48081.0,40457.78,679.89,316.22,310.8
6066,234410.4,106244.0,34446.03,20799.791,290.13998,310.9
6067,179733.12,90574.0,39054.75,22140.541,405.87,310.9
6068,262143.0,116608.0,57596.89,39376.53,448.25,310.9
6069,237983.2,110332.0,51611.09,20785.951,396.09,311.0
6070,170982.56,85916.0,40438.75,15523.29,198.86,311.0
6071,185678.08,96205.0,36925.12,15886.59,252.65,311.0
6072,210208.33,102456.0,30631.38,35478.84,461.29,311.1
6073,155360.8,89793.0,31176.33,6326.61,241.24,311.1
6074,172916.8,87848.0,66016.8,20443.41,462.92,311.2
6075,262143.0,103189.0,115603.79,66072.164,1022.01,311.3
6076,204741.6,96139.0,21465.84,12436.97,308.07,311.3
6077,217412.16,96297.0,26404.99,27420.5,371.63998,311.3
6078,243636.97,109973.0,70808.9,27903.17,370.01,311.4
6079,159937.12,87144.0,27513.92,6859.45,190.71,311.4
6080,200928.0,92208.0,44632.27,18466.02,254.28,311.5
6081,243069.12,94484.0,60935.79,22074.8,503.67,311.5
6082,189173.6,96313.0,49445.13,35060.18,404.24,311.5
6083,158374.72,87185.0,20107.791,12269.16,249.39,311.7
6084,53277.28,35907.0,29169.531,176.46,200.49,311.7
6085,224014.56,101607.0,45478.242,15144.42,353.71,311.7
6086,262143.0,99521.0,49358.63,29614.14,534.64,311.7
6087,195107.36,99105.0,26055.531,20533.371,251.02,311.8
6088,203332.64,97052.0,51268.55,6612.06,329.26,311.8
6089,218823.36,102956.0,39111.84,11485.47,275.47,311.9
6090,182062.72,90321.0,27934.31,17665.03,298.29,311.9
6091,261157.12,93498.0,88503.34,37613.66,947.02997,311.9
6092,181311.2,89680.0,45381.36,24809.93,322.74,312.1
6093,262143.0,103873.0,82185.38,33927.03,821.52,312.2
6094,172065.6,87881.0,50176.92,10975.12,334.15,312.3
6095,220820.33,114260.0,32143.4,10395.57,350.45,312.4
6096,176001.28,91140.0,37769.36,18498.89,348.82,312.5
6097,186752.16,93457.0,29769.84,27389.36,308.07,312.5
6098,242113.77,113816.0,41177.46,12270.89,407.5,312.6
6099,148032.64,88932.0,30446.27,9707.03,140.18,312.7
6100,132128.64,80194.0,29084.76,13997.43,264.06,312.8
6101,262143.0,105576.0,102111.52,50948.5,904.65,312.9
6102,115185.28,51760.0,114816.64,2743.78,912.8,313.0
6103,193057.77,95008.0,41058.09,18995.4,118.99,313.3
6104,170457.28,85853.0,37663.832,18718.6,239.61,313.4
6105,197058.4,101641.0,53228.64,17498.95,353.71,313.6
6106,166511.52,98640.0,21152.71,8098.13,156.48,313.7
6107,205229.92,102988.0,41118.64,11222.51,326.0,313.8
6108,155027.05,87576.0,27131.59,10701.78,153.22,313.9
6109,228497.92,106215.0,55879.0,22438.1,506.93,313.9
6110,5592.16,5399.0,840.78,894.41003,-17.93,314.0
6111,131342.4,78203.0,23694.08,10286.58,215.16,314.0
6112,24054.24,16232.0,1633.12,-84.770004,120.62,314.1
6113,106061.76,65173.0,33866.48,382.33002,363.49,314.1
6114,139090.56,77056.0,26757.91,21723.61,291.77,314.2
6115,195966.4,100457.0,40018.36,19104.39,192.34,314.3
6116,177287.05,100402.0,31378.74,8824.73,146.7,314.4
6117,210022.4,101068.0,39371.34,15518.101,192.34,314.5
6118,181376.16,104135.0,28380.65,23780.58,185.81999,314.5
6119,262143.0,103728.0,126326.33,17912.42,806.85,314.5
6120,249343.36,109813.0,29624.52,22623.21,254.28,314.6
6121,169267.84,89440.0,28949.82,13083.99,265.69,314.6
6122,168207.2,98537.0,32411.55,14018.19,363.49,314.6
6123,213129.28,108062.0,40909.31,44651.3,495.52,314.6
6124,214590.88,105958.0,54811.59,21334.36,268.95,314.7
6125,205079.84,100836.0,33553.35,9079.04,308.07,314.7
6126,213965.92,101056.0,23183.73,12817.57,309.7,314.8
6127,176692.33,99729.0,25398.13,15435.061,176.04,314.8
6128,220956.97,105201.0,68020.14,12369.5,412.38998,314.8
6129,144525.92,88009.0,15973.09,17960.86,262.43,314.9
6130,229967.36,97040.0,39620.46,19654.53,311.33,314.9
6131,180644.8,97484.0,39597.97,20016.1,314.59,314.9
6132,203150.08,102028.0,40947.37,16995.52,260.8,314.9
6133,180342.4,91997.0,31480.81,16056.13,295.03,315.0
6134,170606.23,92780.0,26593.56,14775.93,260.8,315.0
6135,158500.16,82881.0,34541.18,15976.55,327.63,315.0
6136,217922.88,110449.0,38212.242,16063.05,326.0,315.0
6137,198265.77,105810.0,33480.69,10160.29,329.26,315.1
6138,188856.64,99864.0,46312.1,13125.51,207.01,315.1
6139,195492.64,95340.0,28401.41,29347.72,345.56,315.2
6140,78578.08,50397.0,37430.28,233.55,283.62,315.2
6141,177358.72,97097.0,25865.23,12326.25,180.93,315.3
6142,173003.05,88196.0,31390.85,19164.94,229.83,315.3
6143,198540.16,98106.0,43068.35,11831.47,281.99,315.3
6144,182070.56,93763.0,64496.13,9193.22,458.03,315.3
6145,189670.88,99424.0,20263.49,9435.42,140.18,315.4
6146,208213.6,105441.0,48741.02,18765.31,454.77,315.4
6147,135932.16,78754.0,33361.32,17746.34,295.03,315.4
6148,173052.33,96408.0,23967.42,7340.39,308.07,315.5
6149,244446.72,104109.0,60852.75,15175.561,523.23,315.6
6150,206800.16,95996.0,34771.27,11260.57,314.59,315.6
6151,182176.95,102232.0,26939.56,12729.34,210.27,315.6
6152,190984.64,92627.0,54422.34,21178.66,384.68,315.6
6153,178561.6,98131.0,29083.031,6307.58,270.58,315.6
6154,208649.28,99356.0,44663.41,11426.65,309.7,315.6
6155,199289.44,81524.0,63747.04,14040.68,513.45,315.7
6156,235634.56,106317.0,63902.742,23306.56,363.49,315.7
6157,218401.12,97812.0,57525.96,24917.19,399.35,315.7
6158,190591.52,95989.0,36042.82,15310.5,389.57,315.8
6159,166593.28,96222.0,22278.94,14779.391,233.09,315.9
6160,175206.08,93268.0,32200.49,3816.3801,195.6,316.1
6161,15245.44,5040.0,18798.18,287.18,324.37,316.2
6162,93775.36,65517.0,24391.27,11340.15,130.4,316.2
6163,169265.6,101847.0,21936.4,14509.51,91.28,316.2
6164,139588.95,77862.0,24756.3,19472.88,125.51,316.2
6165,171515.69,99346.0,14741.33,16192.8,163.0,316.3
6166,215131.84,100216.0,34212.48,9279.72,296.66,316.3
6167,192508.95,103804.0,44026.77,14113.34,252.65,316.5
6168,172565.12,88693.0,31345.871,11601.38,242.87,316.5
6169,197247.69,99916.0,38750.27,7001.31,317.85,316.6
6170,223591.2,110260.0,48232.402,6010.02,327.63,316.6
6171,175003.36,86656.0,100485.32,22536.71,909.54,316.7
6172,242034.23,108577.0,59164.27,29546.67,467.81,316.8
6173,262143.0,119984.0,100130.67,41547.68,824.77997,316.9
6174,182652.95,103649.0,26988.0,7504.74,291.77,316.9
6175,193232.48,101130.0,21403.56,19907.11,171.15,316.9
6176,262143.0,115927.0,50358.57,9890.41,376.53,317.0
6177,162709.12,88916.0,20645.82,12065.0205,221.68,317.0
6178,262143.0,107485.0,69257.09,24927.57,550.94,317.0
6179,185426.08,90185.0,22507.3,15300.12,190.71,317.1
6180,196404.33,93385.0,20962.41,3816.3801,283.62,317.2
6181,70014.56,42300.0,37086.01,167.81,373.27,317.6
6182,237652.8,109856.0,47244.57,17018.01,459.66,317.7
6183,185844.95,98661.0,24155.99,18007.57,286.88,317.9
6184,195054.72,102365.0,30916.83,9117.101,268.95,318.0
6185,53342.24,10547.0,106680.45,96.880005,805.22,318.0
6186,12321.12,5611.0,11933.54,-84.770004,8.15,318.1
6187,164803.52,92611.0,21971.0,17538.74,182.56,318.2
6188,163253.44,28609.0,262143.0,972.26,1255.1,318.2
6189,262143.0,109105.0,63091.37,17614.86,487.37,318.3
6190,159083.69,83956.0,29998.201,21488.33,420.54,318.4
6191,142404.64,80257.0,44730.88,12158.44,303.18,318.5
6192,171069.92,98924.0,33243.68,12743.18,229.83,318.5
6193,165921.28,96352.0,25777.0,14781.12,184.19,318.5
6194,165510.23,83276.0,46549.11,22770.26,262.43,318.5
6195,262143.0,111261.0,62311.14,22742.58,472.7,318.6
6196,49140.0,29549.0,18158.08,143.59,161.37,318.6
6197,185056.48,97073.0,38079.03,21680.36,322.74,318.6
6198,175726.88,94048.0,29602.031,7677.74,146.7,318.7
6199,203122.08,108232.0,21472.76,13751.7705,120.62,318.7
6200,237092.8,98486.0,43654.82,19502.291,220.05,318.8
6201,87255.84,41880.0,46903.76,423.85,539.52997,318.8
6202,191040.64,101897.0,25292.6,17120.08,267.32,318.8
6203,163562.56,89721.0,38146.5,10687.94,329.26,318.9
6204,177562.56,95381.0,23401.71,17052.61,127.14,318.9
6205,168790.72,98005.0,16338.12,5561.95,118.99,318.9
6206,198481.92,100928.0,31890.82,16704.88,234.72,318.9
6207,240051.84,101092.0,45881.332,20478.01,435.21,318.9
6208,262143.0,99407.0,78659.64,43874.53,803.59,319.0
6209,152877.77,89964.0,25477.71,11580.62,149.96,319.0
6210,171136.0,84614.0,44377.96,17320.76,378.16,319.0
6211,194109.44,102164.0,31589.8,10693.13,281.99,319.0
6212,262143.0,110536.0,123591.2,59394.36,1101.88,319.1
6213,214686.08,104089.0,29062.27,17891.66,360.23,319.1
6214,205834.72,100181.0,30051.83,19171.86,288.51,319.1
6215,215649.28,104469.0,42172.21,34074.082,461.29,319.2
6216,148077.44,73947.0,35044.61,18270.53,189.08,319.2
6217,179432.95,94039.0,35404.45,6250.49,169.52,319.2
6218,239233.12,112892.0,53529.66,11798.601,378.16,319.3
6219,111920.484,66391.0,31643.43,373.68,237.98,319.3
6220,262143.0,105533.0,84340.96,34228.05,1077.43,319.4
6221,188391.84,78528.0,62212.53,28683.4,521.6,319.4
6222,176945.44,90944.0,30768.05,10553.0,265.69,319.5
6223,223547.52,98221.0,29204.13,20078.38,322.74,319.5
6224,141737.12,66753.0,41222.44,22663.0,342.3,319.5
6225,200693.92,25768.0,262143.0,1492.99,2813.38,319.5
6226,172700.64,94291.0,32067.281,10919.76,220.05,319.9
6227,202669.6,93753.0,66880.07,9551.33,409.13,319.9
6228,54137.44,7356.0,110017.625,32.87,606.36,320.0
6229,165505.77,88689.0,28358.16,14260.391,285.25,320.2
6230,118319.04,73565.0,33942.6,18716.871,308.07,320.5
6231,168822.08,90484.0,32876.92,12170.55,257.54,320.7
6232,182455.84,99561.0,25014.07,13170.49,164.63,320.9
6233,154747.05,85982.0,36307.51,18407.201,275.47,320.9
6234,176079.69,90446.0,34378.56,10886.89,211.9,321.0
6235,183863.69,90652.0,31825.08,29814.82,249.39,321.1
6236,177091.05,92763.0,29750.81,11587.54,221.68,321.1
6237,231554.4,109337.0,50121.562,23434.58,272.21,321.2
6238,168131.05,84404.0,93283.33,65579.11,873.68,321.2
6239,202540.8,105032.0,29496.5,22771.99,334.15,321.3
6240,174830.88,94572.0,33347.48,16372.72,321.11,321.3
6241,173868.8,91649.0,36433.8,16938.43,241.24,321.4
6242,178907.69,92017.0,29806.17,8018.5503,220.05,321.4
6243,21020.16,9464.0,33991.04,183.38,298.29,321.4
6244,225285.77,104589.0,26840.951,26332.33,244.5,321.5
6245,22197.28,6911.0,49388.04,83.04,233.09,321.5
6246,193536.0,94234.0,48690.85,14568.33,215.16,321.5
6247,236631.36,95113.0,56268.25,40911.04,485.74,321.5
6248,14371.84,5321.0,51412.14,228.36,400.98,321.6
6249,219747.36,107349.0,38115.36,18569.82,301.55,321.8
6250,147361.77,80364.0,32544.76,17149.49,293.4,321.8
6251,204640.8,105009.0,36200.25,6990.93,254.28,321.9
6252,201682.88,98961.0,19324.1,14499.13,267.32,321.9
6253,156373.28,90140.0,24093.71,10260.63,149.96,322.0
6254,106864.8,68082.0,11061.62,15021.59,114.1,322.1
6255,142168.33,78349.0,22446.75,12322.79,167.89,322.1
6256,211967.84,93381.0,66727.83,35286.81,666.67,322.1
6257,63112.0,43244.0,23308.291,174.73,295.03,322.2
6258,195213.77,97288.0,54292.59,17877.82,249.39,322.2
6259,198857.12,100983.0,46590.63,22619.75,387.94,322.3
6260,194931.52,97448.0,50569.63,18827.59,435.21,322.3
6261,188632.64,91433.0,42262.17,24192.32,366.75,322.4
6262,257308.8,107064.0,46531.81,27181.76,409.13,322.4
6263,262143.0,112053.0,65098.17,32567.25,475.96,322.5
6264,237699.84,103720.0,54154.19,15755.11,361.86,322.5
6265,214935.84,105617.0,34826.63,20374.21,321.11,322.5
6266,237592.33,111364.0,68708.68,26413.64,528.12,322.6
6267,160926.08,86331.0,28565.76,13395.391,234.72,322.6
6268,235720.8,104887.0,38606.68,15365.86,259.17,322.6
6269,75896.8,40534.0,46203.11,217.98,301.55,322.7
6270,227444.0,108020.0,42435.17,13718.9,205.38,322.7
6271,177148.16,89101.0,36970.1,18666.701,166.26,322.7
6272,190169.28,94308.0,40168.87,23514.16,242.87,322.8
6273,262143.0,97703.0,70881.56,29942.84,518.34,322.8
6274,159892.33,89869.0,27501.81,11933.54,195.6,322.9
6275,174251.84,99320.0,28702.43,12002.74,220.05,322.9
6276,153711.05,78725.0,30352.85,25709.531,405.87,322.9
6277,194485.77,101475.0,33447.82,13924.7705,342.3,322.9
6278,142811.2,84706.0,29153.96,13390.2,265.69,323.0
6279,172177.6,93503.0,29290.63,10940.5205,268.95,323.0
6280,116804.8,82787.0,25349.69,16350.23,334.15,323.0
6281,179921.28,98140.0,25993.25,16751.59,176.04,323.1
6282,222602.23,106209.0,39952.62,10129.15,283.62,323.2
6283,229701.92,106301.0,55470.72,10011.51,335.78,323.2
6284,9475.2,7369.0,19481.53,48.440002,86.39,323.2
6285,167559.84,100288.0,19564.57,11359.18,184.19,323.3
6286,205916.48,96224.0,53130.03,18502.35,433.58,323.3
6287,234596.33,108252.0,39194.88,33141.61,376.53,323.4
6288,262143.0,113632.0,51690.67,21697.66,435.21,323.4
6289,201802.72,101225.0,43044.13,17440.13,329.26,323.5
6290,173759.05,88652.0,42260.44,5164.0503,291.77,323.7
6291,72912.0,40781.0,33286.93,126.29,254.28,323.8
6292,11688.32,5352.0,24595.41,62.28,110.84,323.8
6293,93727.2,50588.0,44101.16,1017.24,444.99,323.9
6294,141551.2,84700.0,30408.21,8601.561,192.34,323.9
6295,177915.36,98948.0,22233.96,17626.97,231.46,323.9
6296,187412.95,100437.0,27872.031,11063.351,290.13998,324.0
6297,155131.2,86184.0,29780.22,8433.75,89.65,324.0
6298,191134.72,103780.0,25828.9,20427.84,164.63,324.0
6299,176263.36,96464.0,34243.62,13348.68,197.23,324.0
6300,168896.0,102228.0,30543.15,7179.5,203.75,324.1
6301,216659.52,103917.0,41433.5,18872.57,361.86,324.1
6302,186793.6,95561.0,40909.31,24830.69,290.13998,324.1
6303,228712.97,106655.0,36771.152,18097.53,285.25,324.2
6304,172032.0,90993.0,25789.11,13734.47,252.65,324.2
6305,21201.6,10164.0,9054.82,567.44,1566.43,324.3
6306,191770.88,90793.0,43282.87,21756.48,259.17,324.3
6307,185326.4,93559.0,76291.27,12622.08,466.18,324.3
6308,204415.69,106368.0,28896.19,10136.07,231.46,324.3
6309,188666.23,98537.0,28048.49,14563.141,130.4,324.4
6310,182505.12,97624.0,25401.59,14243.09,275.47,324.4
6311,199130.4,90261.0,48267.0,37535.81,568.87,324.5
6312,185811.36,96054.0,33022.242,15327.8,350.45,324.5
6313,192457.44,100710.0,36240.04,4920.12,203.75,324.5
6314,163999.36,90806.0,24097.17,15011.21,185.81999,324.6
6315,34288.8,11096.0,64904.41,76.12,399.35,324.6
6316,53305.28,34045.0,19403.68,112.450005,265.69,324.6
6317,152859.84,91537.0,26425.75,9072.12,244.5,324.6
6318,205282.56,105157.0,31695.33,9340.2705,273.84,324.6
6319,168136.64,88740.0,29340.8,8753.8,125.51,324.6
6320,217741.44,105462.0,42144.53,17831.11,231.46,324.7
6321,98720.164,62469.0,22614.56,14372.84,182.56,324.7
6322,5508.16,5521.0,2238.62,76.12,53.79,324.7
6323,176104.33,99025.0,37220.95,19256.63,234.72,324.7
6324,7257.6,6484.0,5831.83,34.6,60.31,324.7
6325,188883.52,98483.0,24846.26,13153.19,251.02,324.8
6326,179124.95,92632.0,32693.541,14682.51,247.76,325.0
6327,168397.6,94766.0,19159.75,14692.891,81.5,325.0
6328,165986.23,87169.0,29939.38,19792.93,246.13,325.0
6329,194588.8,95465.0,35700.28,16377.91,368.38,325.1
6330,219453.92,112012.0,35234.91,17206.58,339.04,325.1
6331,203791.84,99462.0,32781.77,13841.73,226.56999,325.2
6332,181044.64,99412.0,25718.18,9513.2705,171.15,325.2
6333,207368.0,102048.0,33600.06,17403.8,342.3,325.2
6334,185515.69,98308.0,30321.71,13859.03,197.23,325.4
6335,184433.77,99642.0,28724.92,7620.65,290.13998,325.6
6336,194261.77,96028.0,30998.14,15689.37,200.49,325.7
6337,170000.33,91284.0,35338.71,12871.2,299.92,325.8
6338,181298.88,91573.0,40232.88,12673.98,185.81999,325.8
6339,116144.0,66987.0,21875.85,28320.1,286.88,325.8
6340,170942.23,91517.0,21088.701,11296.9,156.48,325.9
6341,146437.77,84896.0,26015.74,13391.93,215.16,326.0
6342,193422.88,103550.0,20384.59,12604.78,135.29,326.1
6343,181448.95,94184.0,27887.6,9553.061,154.85,326.1
6344,185586.23,99494.0,28920.41,2733.4001,189.08,326.2
6345,139811.84,74447.0,40461.242,14822.641,3406.7,326.2
6346,172278.4,96328.0,18805.1,7461.49,158.11,326.2
6347,213970.4,97208.0,60560.38,21884.5,479.22,326.3
6348,156684.64,89721.0,21787.621,4399.39,118.99,326.4
6349,222837.44,104910.0,43903.94,38860.992,438.47,326.4
6350,203530.88,91565.0,44441.97,9890.41,407.5,326.5
6351,190312.64,96808.0,38558.242,16049.21,254.28,326.5
6352,9676.8,5429.0,17355.36,65.74,102.69,326.6
6353,231952.0,103952.0,50801.45,38497.69,337.41,326.6
6354,161378.56,86048.0,27449.91,14967.96,247.76,326.6
6355,189103.05,95232.0,37696.7,23086.85,391.2,326.6
6356,106945.44,64440.0,24533.13,11926.62,277.1,326.7
6357,240442.72,102001.0,35022.12,21308.41,273.84,326.8
6358,225256.64,107741.0,39054.75,12744.91,293.4,326.8
6359,262143.0,92925.0,63958.1,31297.43,435.21,326.8
6360,123431.84,68728.0,35480.57,28029.46,298.29,326.9
6361,166952.8,97425.0,20448.6,15030.24,96.17,326.9
6362,26205.76,25509.0,2494.66,1283.66,47.27,326.9
6363,175274.4,94440.0,33779.98,6001.37,207.01,326.9
6364,189040.33,87997.0,41680.89,19910.57,485.74,326.9
6365,163577.12,82956.0,48417.51,30560.451,474.33,326.9
6366,228995.2,103113.0,26619.51,20676.96,352.08,327.1
6367,226517.77,103079.0,40597.91,29216.24,458.03,327.2
6368,171935.69,80887.0,40248.45,17229.07,404.24,327.2
6369,192792.33,104186.0,17692.71,17858.791,236.35,327.2
6370,152317.77,83215.0,29444.6,14748.25,330.88998,327.2
6371,234330.88,110783.0,55396.332,15095.98,448.25,327.3
6372,201780.33,98204.0,44331.25,12909.26,312.96,327.3
6373,82388.32,42922.0,27032.98,152.24,218.42,327.3
6374,158932.48,83520.0,35376.77,22823.89,366.75,327.5
6375,149952.33,85130.0,25493.281,18185.76,218.42,327.5
6376,210175.84,103244.0,28629.77,12699.93,229.83,327.5
6377,207864.16,100255.0,46547.38,12054.64,246.13,327.5
6378,145131.84,88422.0,21554.07,7601.62,102.69,327.6
6379,219561.44,92724.0,39255.43,16343.311,159.74,327.6
6380,226458.4,103203.0,59825.13,31236.88,326.0,327.6
6381,203228.48,103516.0,20955.49,19017.89,231.46,327.7
6382,185312.95,100267.0,33151.992,15303.58,187.45,327.7
6383,96828.48,43953.0,68438.8,525.92,583.54,327.8
6384,169140.16,93418.0,32340.621,12442.16,184.19,327.8
6385,139384.0,81106.0,18848.35,10930.14,138.55,327.8
6386,175283.36,94809.0,28115.96,14071.82,280.36,327.9
6387,155049.44,92000.0,34670.93,13632.4,187.45,327.9
6388,203171.36,103426.0,45948.8,23296.18,405.87,328.0
6389,197897.28,98960.0,47761.84,17848.41,404.24,328.0
6390,262143.0,107873.0,77651.055,31742.041,598.21,328.1
6391,119595.84,69322.0,38111.902,8049.69,366.75,328.1
6392,73226.72,45704.0,27754.39,205.87,203.75,328.1
6393,149001.44,80677.0,33601.79,11018.37,281.99,328.2
6394,211840.16,98820.0,35144.95,16293.141,207.01,328.2
6395,198860.48,97825.0,43961.03,5989.2603,352.08,328.3
6396,212200.8,107517.0,59966.992,27901.44,303.18,328.3
6397,80379.04,40360.0,60162.48,562.25,607.99,328.3
6398,140409.92,81222.0,27167.92,17777.48,285.25,328.3
6399,52452.96,32354.0,28633.23,650.48,268.95,328.3
6400,31233.44,29401.0,3906.34,1394.38,52.16,328.4
6401,146646.08,83504.0,26212.96,9386.98,171.15,328.4
6402,202573.28,103374.0,32811.18,22266.83,402.61,328.5
6403,215305.44,91304.0,67018.47,23562.6,682.97,328.5
6404,51300.48,11449.0,103343.28,276.8,889.98,328.5
6405,204718.08,93033.0,44803.54,31615.75,314.59,328.5
6406,212998.23,98976.0,50002.19,21031.61,418.91,328.6
6407,116439.68,74856.0,15803.55,14658.29,239.61,328.7
6408,236670.56,101255.0,93008.26,41992.29,676.45,328.7
6409,166242.72,92442.0,22083.451,17376.121,257.54,328.8
6410,178454.08,103105.0,25993.25,9528.84,220.05,328.8
6411,162388.8,91245.0,31326.84,20858.61,218.42,328.8
6412,234047.52,111852.0,54655.89,21607.701,286.88,328.9
6413,180297.6,95911.0,25628.22,12537.311,140.18,328.9
6414,185048.64,93172.0,40215.582,27263.07,301.55,329.0
6415,36415.68,15204.0,37978.69,233.55,347.19,329.0
6416,212302.72,103233.0,39447.46,10746.76,268.95,329.0
6417,203704.48,104863.0,34952.92,19730.65,283.62,329.0
6418,183556.8,92493.0,56076.22,24846.26,361.86,329.0
6419,180743.36,94268.0,23808.26,18142.51,285.25,329.0
6420,262143.0,115107.0,71378.07,39454.38,526.49,329.1
6421,230135.36,88479.0,54796.02,25844.47,373.27,329.1
6422,243424.16,115000.0,51498.64,27140.24,502.04,329.1
6423,187878.88,98209.0,29404.81,16422.89,236.35,329.2
6424,180779.2,86589.0,63736.66,6477.12,303.18,329.2
6425,108902.08,65593.0,43211.94,21099.08,332.52,329.3
6426,159424.16,80834.0,27894.52,16509.39,202.12,329.3
6427,262143.0,105365.0,142081.44,50059.28,1255.1,329.3
6428,72448.32,14356.0,226854.9,802.72003,1054.61,329.4
6429,196745.92,100539.0,24173.291,16979.95,203.75,329.4
6430,84656.32,53188.0,25161.121,9404.28,239.61,329.4
6431,193933.6,99337.0,27595.23,6480.58,202.12,329.4
6432,181783.84,100100.0,27226.74,12475.03,241.24,329.5
6433,108439.52,69304.0,19140.72,7760.7803,102.69,329.5
6434,170810.08,98517.0,30461.84,13938.61,260.8,329.6
6435,163754.08,91272.0,37480.45,11419.73,321.11,329.6
6436,192438.4,103573.0,29307.93,6470.2,278.73,329.6
6437,216823.05,103396.0,46177.16,20958.951,456.4,329.6
6438,199495.52,96364.0,52062.62,17268.86,448.25,329.6
6439,219763.05,100208.0,76166.71,11402.43,635.7,329.7
6440,148625.12,86473.0,37734.76,19817.15,321.11,329.7
6441,157519.05,84712.0,34368.18,18562.9,265.69,329.8
6442,154835.52,92564.0,33677.91,15241.3,285.25,329.8
6443,262143.0,103407.0,115787.17,56832.23,1004.08,329.8
6444,182784.0,85975.0,45784.45,25782.19,394.46,329.8
6445,221830.56,106299.0,36963.18,19796.39,322.74,329.9
6446,173587.69,88606.0,22623.21,7963.19,242.87,329.9
6447,213333.12,103124.0,43608.11,14419.55,358.6,329.9
6448,52252.48,31136.0,20740.97,202.41,407.5,330.1
6449,147545.44,80929.0,25823.71,21144.06,291.77,330.1
6450,117043.36,70601.0,24903.35,8914.69,229.83,330.1
6451,175850.08,85058.0,35721.04,13049.391,136.92,330.1
6452,91964.32,61004.0,13646.24,18767.041,202.12,330.2
6453,176924.16,88425.0,39438.81,19616.47,234.72,330.2
6454,238873.6,112145.0,49426.1,16210.101,373.27,330.3
6455,153772.64,73893.0,46009.35,30070.86,519.97,330.4
6456,82675.04,48403.0,30088.16,8364.55,226.56999,330.5
6457,261235.52,105264.0,46805.152,22882.71,433.58,330.5
6458,172178.72,96808.0,24832.42,4112.21,125.51,330.8
6459,189193.77,100923.0,29064.0,10369.62,164.63,330.9
6460,215621.28,100889.0,43571.78,26119.541,211.9,330.9
6461,156545.77,91449.0,29223.16,8278.05,228.2,330.9
6462,139678.56,73706.0,21185.58,11817.63,203.75,331.0
6463,187748.95,95440.0,28901.38,9999.4,200.49,331.0
6464,211740.48,100721.0,43551.02,18850.08,340.67,331.0
6465,175362.88,98617.0,38686.26,11350.53,311.33,331.1
6466,163150.4,94661.0,33389.0,14852.05,343.93,331.1
6467,173253.92,98251.0,14952.391,13689.49,127.14,331.1
6468,170470.72,91149.0,34018.72,8888.74,352.08,331.2
6469,191223.2,98564.0,31101.94,20061.08,228.2,331.2
6470,252919.52,100556.0,94144.87,12928.29,826.41,331.2
6471,173522.72,85058.0,39315.98,18644.21,332.52,331.3
6472,220343.2,103152.0,54693.95,20510.88,394.46,331.3
6473,250010.88,106181.0,78282.5,31375.281,559.09,331.3
6474,182025.77,98196.0,22882.71,12416.21,122.25,331.4
6475,262143.0,110757.0,85116.0,28235.33,557.46,331.4
6476,200406.08,104267.0,28446.39,18130.4,260.8,331.5
6477,256295.2,115388.0,59340.73,24303.041,425.43,331.5
6478,189232.95,96016.0,51356.78,17692.71,410.76,331.5
6479,175703.36,93216.0,37788.39,11744.97,249.39,331.5
6480,262143.0,103290.0,101132.34,40028.742,780.77,331.6
6481,231546.56,103116.0,43945.46,27693.84,355.34,331.6
6482,262143.0,108476.0,49848.22,21071.4,387.94,331.6
6483,246705.77,27700.0,262143.0,1406.49,2546.06,331.7
6484,187406.23,97100.0,51725.27,23152.59,246.13,332.0
6485,66260.32,42557.0,12513.09,-3.46,81.5,332.1
6486,92833.44,56298.0,37798.77,20194.291,443.36,332.2
6487,185792.33,88568.0,44834.68,12475.03,247.76,332.2
6488,173139.69,93384.0,19116.5,13013.061,154.85,332.6
6489,165193.28,91673.0,24356.67,11245.0,177.67,332.6
6490,171616.48,84646.0,46472.992,13239.69,370.01,332.8
6491,180862.08,103508.0,24071.22,16239.51,159.74,332.8
6492,159465.6,96468.0,25970.76,12419.67,268.95,332.8
6493,169347.36,93589.0,30012.041,11020.101,197.23,332.9
6494,114980.32,66806.0,23067.82,16639.14,312.96,333.0
6495,203089.6,104524.0,31676.3,14864.16,182.56,333.1
6496,160289.92,96517.0,10919.76,5380.3003,180.93,333.1
6497,168661.92,92774.0,22104.21,12959.43,198.86,333.1
6498,152185.6,85263.0,26742.34,19732.38,311.33,333.1
6499,185496.64,87055.0,57053.67,5167.5103,632.44,333.4
6500,136004.95,70884.0,34318.01,28780.281,311.33,333.4
6501,208902.4,96105.0,37316.1,22505.57,392.83,333.4
6502,196144.48,95368.0,51545.35,17786.13,454.77,333.4
6503,168170.23,96685.0,25406.781,11236.351,143.44,333.5
6504,24978.24,21104.0,2944.46,2795.68,14.67,333.5
6505,164783.36,91359.0,17819.0,16393.48,295.03,333.5
6506,115329.76,55012.0,47938.3,1051.84,495.52,333.6
6507,67429.6,43235.0,31619.21,269.88,304.81,333.6
6508,154663.05,91668.0,23569.52,6563.62,154.85,333.8
6509,167903.69,98154.0,33738.46,2966.95,200.49,333.8
6510,139969.77,81359.0,22637.05,10028.811,255.91,333.8
6511,189704.48,104180.0,29427.3,11359.18,291.77,333.9
6512,153852.16,83604.0,39731.18,12206.88,291.77,333.9
6513,187614.56,96816.0,28567.49,14213.68,265.69,334.0
6514,15769.6,14283.0,3662.4102,1363.24,9.78,334.0
6515,177868.33,95637.0,23349.81,12795.08,233.09,334.0
6516,183346.23,97652.0,25062.51,25493.281,286.88,334.1
6517,198404.64,101553.0,27863.38,14557.95,216.79,334.1
6518,137907.84,71652.0,43640.98,50844.7,299.92,334.2
6519,167300.0,93461.0,26519.17,11872.99,179.3,334.2
6520,262143.0,107018.0,51547.082,33087.98,396.09,334.2
6521,247261.28,105300.0,52491.66,27157.541,607.99,334.2
6522,131409.6,74029.0,33632.93,26408.451,326.0,334.2
6523,175465.92,95641.0,31797.4,16569.94,202.12,334.3
6524,202786.08,109225.0,35458.082,14964.5,317.85,334.3
6525,189337.12,105014.0,28207.65,6985.74,348.82,334.3
6526,262143.0,101848.0,115339.1,36876.68,829.67,334.4
6527,91828.8,59882.0,16680.66,31242.07,262.43,334.4
6528,204954.4,102315.0,25834.09,9186.3,171.15,334.5
6529,215193.44,103636.0,50168.27,7930.3203,402.61,334.5
6530,204627.36,92216.0,35305.84,12793.351,371.63998,334.5
6531,260133.44,114705.0,39601.43,20339.61,391.2,334.6
6532,243171.05,108668.0,31935.8,24567.73,220.05,334.6
6533,163430.4,96277.0,30491.25,12654.95,203.75,334.6
6534,162879.36,94365.0,22349.871,12609.97,141.81,334.6
6535,186734.23,96713.0,43680.77,13796.75,311.33,334.7
6536,180192.33,99927.0,35774.67,18280.91,172.78,334.7
6537,242789.12,104308.0,77320.62,17511.06,482.48,334.7
6538,146148.8,85701.0,30290.57,7710.61,247.76,334.7
6539,213353.28,99605.0,44528.47,37634.42,414.02,334.7
6540,138780.33,75737.0,33766.14,9769.311,306.44,334.7
6541,252729.12,113063.0,50550.6,30406.48,444.99,334.8
6542,185721.77,99012.0,26325.41,17819.0,161.37,334.8
6543,225024.8,104456.0,43895.29,23232.17,303.18,334.8
6544,179894.4,92556.0,27576.201,20260.03,229.83,334.8
6545,262143.0,113245.0,50988.29,37229.6,418.91,334.8
6546,262143.0,108920.0,48796.38,37200.19,448.25,334.8
6547,132978.72,79209.0,20715.02,9501.16,270.58,334.9
6548,233597.28,116385.0,57276.84,23199.3,308.07,334.9
6549,262143.0,103489.0,125831.555,11452.601,769.36,334.9
6550,216351.52,102464.0,52690.61,7715.8003,477.59,334.9
6551,223722.23,99010.0,45607.992,13357.33,223.31,334.9
6552,238722.4,102508.0,66698.42,22969.21,467.81,335.0
6553,191466.23,98109.0,18908.9,15365.86,264.06,335.0
6554,46004.0,22731.0,172027.73,1980.85,1864.72,335.0
6555,195324.64,102441.0,19697.78,18379.52,216.79,335.0
6556,159202.4,83476.0,36383.63,12303.76,239.61,335.0
6557,253098.72,109725.0,41703.38,19199.541,391.2,335.0
6558,213815.84,98592.0,30536.23,9274.53,182.56,335.0
6559,197795.36,104989.0,23420.74,21929.48,332.52,335.0
6560,200065.6,90013.0,50093.88,6764.3003,308.07,335.1
6561,174974.23,101187.0,28932.52,6945.95,176.04,335.3
6562,254681.28,110208.0,72898.74,25858.31,446.62,335.3
6563,215822.88,107890.0,39445.73,16644.33,200.49,335.3
6564,160170.08,92933.0,19175.32,9328.16,135.29,335.3
6565,262143.0,77676.0,72220.58,19687.4,736.76,335.3
6566,262143.0,119836.0,102208.4,41744.902,746.54,335.4
6567,168407.69,90344.0,27411.85,22751.23,255.91,335.4
6568,188394.08,100340.0,36568.742,13208.55,242.87,335.4
6569,196969.92,100200.0,22310.08,22612.83,197.23,335.4
6570,257914.72,93238.0,85759.56,35985.73,467.81,335.4
6571,112706.72,15921.0,227861.77,316.59,1408.32,335.4
6572,182908.33,99861.0,31020.63,12293.38,226.56999,335.5
6573,194383.84,102589.0,28539.81,15360.67,326.0,335.5
6574,257324.48,110656.0,71893.61,28871.97,541.16,335.6
6575,261853.77,113966.0,58377.12,28183.43,361.86,335.6
6576,262143.0,114004.0,43452.41,17687.52,356.97,335.6
6577,120918.56,71725.0,27327.08,28873.701,272.21,335.6
6578,210016.8,107504.0,38402.54,8120.62,277.1,335.7
6579,257810.56,108440.0,115896.164,5345.7,780.77,335.7
6580,191525.6,98289.0,24140.42,5644.99,99.43,335.7
6581,218958.88,105164.0,66475.25,7836.9,557.46,335.8
6582,232148.0,111584.0,48094.0,17222.15,306.44,335.8
6583,229028.8,102265.0,47164.992,22917.31,516.71,335.8
6584,216871.2,94037.0,31319.92,16076.891,425.43,335.8
6585,262143.0,119284.0,107996.984,21240.94,930.73,335.9
6586,238589.12,112329.0,47661.5,14485.29,330.88998,335.9
6587,158195.52,92250.0,34575.78,18509.27,397.72,335.9
6588,181059.2,100038.0,29249.11,12668.79,109.21,335.9
6589,203789.6,99279.0,38219.16,12687.82,286.88,335.9
6590,182936.33,96044.0,43895.29,17312.11,335.78,336.0
6591,262143.0,101923.0,89688.39,35648.38,630.81,336.0
6592,157162.88,85374.0,39904.18,8568.69,223.31,336.1
6593,230888.0,104448.0,42604.71,9843.7,399.35,336.1
6594,156133.6,91485.0,30352.85,22361.98,156.48,336.1
6595,169075.2,96128.0,26929.18,11328.04,231.46,336.2
6596,229461.12,99789.0,42442.09,27546.791,314.59,336.2
6597,254345.28,115081.0,63584.42,22246.07,418.91,336.2
6598,90587.84,50849.0,55046.87,320.05002,431.95,336.2
6599,188819.69,99276.0,32525.73,6850.8003,265.69,336.3
6600,204837.92,105999.0,30762.86,7096.46,314.59,336.3
6601,172621.12,91753.0,50792.8,14902.22,319.48,336.3
6602,197482.88,99849.0,39521.85,24706.13,259.17,336.3
6603,212615.2,100977.0,40070.26,17116.621,308.07,336.3
6604,207976.16,107085.0,43201.56,26231.99,322.74,336.3
6605,200220.16,103883.0,32482.48,14343.43,228.2,336.4
6606,238906.08,97669.0,87399.6,36964.91,883.46,336.4
6607,225944.33,107867.0,30403.02,14485.29,423.8,336.5
6608,221273.92,110428.0,44635.73,3812.92,280.36,336.5
6609,232503.05,99308.0,36653.51,15857.18,259.17,336.5
6610,262143.0,102260.0,89973.84,49868.98,1026.9,336.5
6611,191649.92,100596.0,27244.041,16135.71,304.81,336.5
6612,246798.72,106783.0,31890.82,20630.25,314.59,336.5
6613,147338.23,87197.0,28806.23,15708.4,324.37,336.5
6614,188954.08,100061.0,30958.35,17094.13,197.23,336.5
6615,198176.16,94648.0,31434.1,15248.22,171.15,336.5
6616,241943.52,110548.0,62179.66,25365.26,404.24,336.5
6617,20520.64,16369.0,8376.66,51.9,13.04,336.5
6618,203090.72,103325.0,27321.89,15781.061,233.09,336.6
6619,188184.64,98862.0,38968.25,10137.8,326.0,336.7
6620,102839.52,18104.0,183485.53,764.66003,854.12,336.7
6621,197388.8,97418.0,39431.89,21111.19,392.83,336.7
6622,262143.0,123872.0,99487.11,26086.67,862.27,336.7
6623,262143.0,108240.0,93089.57,31416.8,769.36,336.7
6624,194956.16,106045.0,30882.23,11883.37,316.22,336.7
6625,215482.4,104740.0,39475.14,25837.55,383.05,336.7
6626,262143.0,116900.0,73829.484,31494.65,536.27,336.8
6627,262143.0,109332.0,30665.98,19460.77,237.98,336.8
6628,223114.08,106944.0,39956.082,11366.101,345.56,336.9
6629,262143.0,95777.0,104777.45,40758.8,757.95,336.9
6630,259305.77,106913.0,80178.58,20045.51,933.99,336.9
6631,187826.23,100760.0,37859.32,19208.19,430.32,336.9
6632,261839.2,111745.0,54597.07,21818.76,497.15,336.9
6633,262143.0,101200.0,73030.22,25344.5,593.32,336.9
6634,169816.64,95340.0,27311.51,14469.72,164.63,337.0
6635,216685.28,103403.0,34468.52,16831.17,237.98,337.1
6636,228248.16,108977.0,30385.72,30171.201,352.08,337.2
6637,227458.56,107511.0,48946.89,15464.47,363.49,337.2
6638,200195.52,99470.0,30105.46,5814.5303,280.36,337.2
6639,148921.92,73966.0,34767.81,17322.49,337.41,337.3
6640,161972.16,90556.0,21263.43,24602.33,326.0,337.4
6641,178956.95,99001.0,32366.57,12940.4,308.07,337.4
6642,150776.64,65214.0,23756.36,16976.49,195.6,337.4
6643,171196.48,95145.0,25275.3,9397.36,229.83,337.5
6644,170344.16,88545.0,40902.39,11424.92,392.83,337.6
6645,185157.28,102199.0,35172.63,14573.5205,260.8,337.6
6646,207905.6,103673.0,20112.98,12589.21,130.4,337.6
6647,36108.8,24358.0,6785.06,51.9,132.03,337.7
6648,238824.33,103959.0,38862.72,21047.18,404.24,337.7
6649,215100.48,106340.0,59345.92,13300.24,427.06,337.8
6650,144021.92,87855.0,22775.451,9582.47,237.98,337.8
6651,173009.77,103339.0,28657.451,14966.23,361.86,337.8
6652,102027.52,50238.0,36291.94,233.55,402.61,337.8
6653,161628.33,88268.0,22534.98,15436.79,197.23,337.9
6654,256189.92,112253.0,60788.742,18773.96,386.31,337.9
6655,210743.69,105214.0,44689.36,13679.11,422.17,338.0
6656,179669.28,99763.0,30254.24,15592.49,252.65,338.0
6657,148607.2,79672.0,40101.402,6305.85,296.66,338.0
6658,180400.64,86525.0,40291.7,17720.39,145.06999,338.0
6659,212474.08,100617.0,31925.42,9871.38,277.1,338.1
6660,257921.44,103932.0,46896.84,27100.451,345.56,338.1
6661,145872.16,83236.0,23799.61,7333.47,308.07,338.1
6662,179490.08,96629.0,35208.96,12808.92,317.85,338.1
6663,168548.8,94986.0,30922.02,10694.86,234.72,338.1
6664,195224.95,97019.0,34188.26,16059.59,314.59,338.2
6665,262143.0,107352.0,57662.63,29273.33,497.15,338.3
6666,146511.69,83469.0,28506.94,6413.11,322.74,338.3
6667,192110.23,98329.0,49206.39,35824.84,461.29,338.4
6668,215130.72,106917.0,40828.0,9561.71,400.98,338.4
6669,262143.0,101476.0,46988.53,38897.32,583.54,338.5
6670,262143.0,104204.0,77433.07,40615.21,682.97,338.5
6671,262143.0,100953.0,101467.96,69442.2,795.44,338.6
6672,141774.08,61778.0,31413.34,9606.69,221.68,338.6
6673,156560.33,90524.0,17203.121,12985.38,104.32,338.6
6674,142256.8,76181.0,40120.43,14796.69,308.07,338.7
6675,241949.12,108229.0,54121.32,37618.85,371.63998,338.7
6676,178110.23,97929.0,22436.371,14421.28,381.42,338.7
6677,12043.36,5241.0,25123.06,17.3,57.05,338.8
6678,208742.23,104576.0,29982.63,14398.79,379.79,338.9
6679,204681.12,94591.0,39400.75,15234.38,360.23,338.9
6680,204572.48,100745.0,25306.44,17374.39,203.75,339.0
6681,181367.2,89953.0,31691.871,18019.68,321.11,339.0
6682,177605.12,104485.0,37348.97,12667.061,205.38,339.0
6683,229521.6,107201.0,42528.59,23233.9,360.23,339.1
6684,170306.08,104332.0,27328.81,16040.561,270.58,339.2
6685,176694.56,92033.0,41084.04,9212.25,352.08,339.3
6686,122851.68,79195.0,20522.99,10694.86,190.71,339.3
6687,178470.88,97571.0,31330.3,12833.141,241.24,339.3
6688,205989.28,98933.0,27237.121,13914.391,257.54,339.3
6689,143642.23,90120.0,21962.35,10423.25,184.19,339.5
6690,180561.92,90768.0,34404.51,14608.12,244.5,339.5
6691,224620.48,111185.0,30671.17,15990.391,381.42,339.5
6692,24758.72,18541.0,7096.46,12.110001,73.35,339.6
6693,206870.72,100129.0,29178.18,18036.98,319.48,339.6
6694,198579.36,98080.0,61631.25,13955.91,412.38998,339.7
6695,163212.0,95198.0,29800.98,13647.97,264.06,339.8
6696,139620.33,86596.0,29365.02,10020.16,195.6,339.8
6697,193418.4,99797.0,35729.69,16142.63,239.61,339.8
6698,117959.52,70732.0,22761.61,14360.73,115.73,339.8
6699,174648.33,81970.0,37068.71,15710.13,298.29,339.9
6700,116532.64,74116.0,25559.02,11072.0,193.97,339.9
6701,77089.6,46696.0,50422.582,38684.53,264.06,339.9
6702,212403.52,114809.0,70492.31,24280.55,490.63,340.0
6703,189252.0,96827.0,29636.63,18512.73,122.25,340.0
6704,167582.23,96156.0,37115.42,20462.44,304.81,340.0
6705,103564.164,55796.0,63631.13,375.41,498.78,340.0
6706,207623.36,100060.0,40859.14,9108.45,433.58,340.0
6707,58526.72,37796.0,17303.46,233.55,205.38,340.0
6708,244274.23,107970.0,37096.39,17324.22,249.39,340.0
6709,172029.77,86081.0,36165.652,19635.5,242.87,340.0
6710,196975.52,97935.0,28387.57,13602.99,373.27,340.1
6711,247321.77,109605.0,31977.32,23135.291,407.5,340.1
6712,162077.44,90992.0,30806.11,12134.22,228.2,340.1
6713,204268.95,100480.0,45630.48,17701.36,427.06,340.2
6714,111123.04,67133.0,29271.6,9080.7705,348.82,340.2
6715,189246.4,102816.0,21875.85,16727.371,231.46,340.3
6716,199128.16,101597.0,38938.84,22173.41,277.1,340.3
6717,152986.4,82617.0,26043.42,14743.061,286.88,340.3
6718,199040.8,96111.0,41521.73,21360.31,397.72,340.3
6719,187976.33,102849.0,32281.8,20834.39,259.17,340.3
6720,212282.56,103009.0,34485.82,18953.88,322.74,340.4
6721,161136.64,92128.0,29211.05,8381.85,136.92,340.4
6722,94255.84,59965.0,27967.18,40035.66,301.55,340.4
6723,195063.69,100771.0,40520.06,14305.37,335.78,340.4
6724,262143.0,106571.0,51187.242,45578.582,523.23,340.4
6725,105191.52,60536.0,12476.76,13438.641,141.81,340.5
6726,262143.0,124036.0,109759.85,51566.11,1098.62,340.5
6727,197714.72,96800.0,56484.5,34260.92,405.87,340.5
6728,136326.4,79769.0,41654.94,10596.25,304.81,340.5
6729,189715.69,96537.0,24944.871,11874.72,187.45,340.6
6730,237433.28,97977.0,43921.242,18308.59,303.18,340.6
6731,199834.88,104252.0,25796.031,18284.371,236.35,340.6
6732,261694.72,109780.0,39407.67,17884.74,461.29,340.7
6733,188696.48,101889.0,39966.46,19820.61,197.23,340.7
6734,240727.2,102557.0,41296.832,17042.23,519.97,340.7
6735,197102.08,101983.0,33146.8,15748.19,257.54,340.7
6736,201791.52,94076.0,26392.88,19054.22,278.73,340.7
6737,179111.52,97607.0,34586.16,6414.84,337.41,340.8
6738,232556.8,103034.0,55768.28,15824.311,384.68,340.8
6739,197387.69,101321.0,29991.281,17838.03,202.12,340.8
6740,20961.92,6058.0,33423.6,93.42,339.04,340.8
6741,183367.52,98039.0,37395.68,11092.76,174.41,340.8
6742,185358.88,96970.0,33799.01,15668.61,290.13998,340.9
6743,233114.56,104045.0,60157.29,16410.78,489.0,340.9
6744,238557.77,97564.0,45704.87,72525.06,621.02997,340.9
6745,262143.0,103595.0,57162.66,30280.19,594.95,340.9
6746,98476.0,30161.0,210319.56,617.61,997.56,341.0
6747,117794.88,75858.0,21747.83,17132.19,233.09,341.0
6748,262143.0,95848.0,73102.88,28257.82,586.8,341.1
6749,185968.16,96226.0,25896.371,18355.3,259.17,341.1
6750,208455.52,104150.0,42521.67,11549.48,277.1,341.1
6751,149917.6,87017.0,24232.11,14576.98,101.06,341.1
6752,188173.44,89801.0,50209.79,16142.63,379.79,341.1
6753,169680.0,94218.0,36328.27,18365.68,273.84,341.1
6754,165331.05,91465.0,29837.31,10788.28,371.63998,341.1
6755,199374.56,90749.0,54870.41,82725.14,528.12,341.2
6756,173716.48,94376.0,27053.74,8551.39,251.02,341.2
6757,189599.2,92388.0,48324.09,14359.0,278.73,341.3
6758,160699.84,92698.0,27557.17,14935.09,153.22,341.3
6759,146616.95,86663.0,20360.371,9940.58,290.13998,341.3
6760,84058.24,22420.0,199654.11,563.98,1035.05,341.3
6761,124178.88,72673.0,25316.82,16926.32,260.8,341.4
6762,195860.0,97789.0,45170.3,32435.77,418.91,341.4
6763,217159.05,27524.0,262143.0,6340.45,4218.44,341.4
6764,91243.04,38765.0,53540.04,672.97003,321.11,341.4
6765,218156.95,109241.0,49848.22,17116.621,410.76,341.4
6766,185487.69,102592.0,29845.96,13817.51,234.72,341.6
6767,42926.24,27250.0,2477.36,5634.61,39.12,341.6
6768,192354.4,93431.0,42417.87,22720.09,444.99,341.8
6769,209364.95,101516.0,28955.01,22704.52,361.86,341.8
6770,165981.77,85917.0,32169.35,9293.561,438.47,341.9
6771,216994.4,105358.0,54273.562,25586.701,350.45,341.9
6772,252595.84,113149.0,67475.19,25213.02,443.36,342.1
6773,162048.33,90285.0,19237.6,13158.38,130.4,342.1
6774,181640.48,98656.0,32089.77,13248.34,151.59,342.1
6775,170119.05,80381.0,74236.03,48990.14,616.14,342.2
6776,219264.64,105328.0,35494.41,13173.95,319.48,342.2
6777,53467.68,20093.0,95380.09,416.93,588.43,342.3
6778,244189.12,107052.0,49438.21,24600.6,511.82,342.3
6779,153138.72,86650.0,17659.84,8947.561,179.3,342.3
6780,130407.2,76327.0,33579.3,14677.32,260.8,342.3
6781,188890.23,94472.0,37688.05,16267.19,197.23,342.5
6782,220810.23,108313.0,39490.71,8250.37,229.83,342.6
6783,181366.08,99109.0,33190.05,15030.24,244.5,342.6
6784,262143.0,96151.0,77649.32,27164.46,568.87,342.6
6785,158366.88,88984.0,19841.371,10575.49,151.59,342.7
6786,209536.33,110110.0,49810.16,27126.4,254.28,342.7
6787,147919.52,87203.0,14481.83,10168.94,84.76,342.8
6788,64291.36,37584.0,31664.19,346.0,290.13998,342.8
6789,119108.64,69805.0,58429.02,20841.31,462.92,342.8
6790,148612.8,83945.0,26370.39,14232.71,216.79,342.8
6791,240652.16,104983.0,40194.82,34236.7,343.93,342.9
6792,194601.12,95105.0,45227.39,20732.32,366.75,342.9
6793,152055.69,86713.0,33966.82,30736.91,306.44,343.0
6794,224137.77,96620.0,53754.562,29648.74,495.52,343.0
6795,200867.52,99081.0,37867.97,20611.22,272.21,343.0
6796,262143.0,105412.0,100571.82,56671.34,795.44,343.1
6797,117325.6,67596.0,78140.64,9636.101,629.18,343.1
6798,209104.0,101011.0,33285.2,34842.2,288.51,343.1
6799,9442.72,7634.0,849.43,-10.38,22.82,343.1
6800,262143.0,105449.0,172648.81,64439.04,1230.65,343.2
6801,262143.0,103362.0,80431.164,21123.3,655.26,343.2
6802,165291.84,87849.0,29032.86,8589.45,296.66,343.2
6803,156257.92,83616.0,27892.791,10021.89,312.96,343.3
6804,116053.28,72817.0,24908.541,9445.8,132.03,343.3
6805,58752.96,12982.0,163420.98,849.43,1092.1,343.3
6806,195471.36,96501.0,47588.84,20358.64,286.88,343.3
6807,187043.36,96313.0,53022.77,9921.55,480.85,343.4
6808,226337.44,94305.0,46950.47,30432.43,283.62,343.4
6809,202575.52,105787.0,35586.1,18194.41,415.65,343.5
6810,175010.08,95558.0,18452.18,19528.24,220.05,343.5
6811,173219.2,99854.0,28778.55,12293.38,189.08,343.5
6812,8711.36,6316.0,29005.18,102.07,236.35,343.6
6813,132153.28,80096.0,35919.992,17590.64,277.1,343.6
6814,226748.48,102192.0,51124.96,22237.42,303.18,343.6
6815,169507.52,90343.0,36643.13,9675.89,278.73,343.6
6816,165522.56,85528.0,41459.45,12466.38,254.28,343.6
6817,177011.52,77480.0,49576.61,13879.79,295.03,343.6
6818,192348.8,105502.0,28648.8,22590.34,322.74,343.7
6819,238024.64,102603.0,54072.88,10514.94,389.57,343.7
6820,166576.48,100385.0,20244.46,11063.351,151.59,343.7
6821,204613.92,100145.0,28349.51,17671.95,224.94,343.7
6822,201204.64,102881.0,31771.451,15237.84,220.05,343.8
6823,217087.36,99974.0,45668.54,20427.84,374.9,343.8
6824,184296.0,89092.0,33473.77,11258.84,299.92,343.9
6825,150581.77,88246.0,21067.94,9492.51,101.06,343.9
6826,225638.56,107756.0,49125.082,14682.51,391.2,343.9
6827,171269.28,92712.0,29399.621,8912.96,231.46,343.9
6828,221800.33,96833.0,41812.37,21941.59,213.53,343.9
6829,262143.0,112471.0,61498.04,24735.541,638.96,344.0
6830,168234.08,89413.0,31411.61,11587.54,268.95,344.0
6831,207605.44,101964.0,48002.31,13262.18,363.49,344.0
6832,170066.4,86085.0,55847.86,24519.291,264.06,344.1
6833,173672.8,93973.0,35352.55,10710.43,228.2,344.1
6834,227248.0,107237.0,41279.53,23623.15,195.6,344.1
6835,204202.88,102980.0,29742.16,40196.55,275.47,344.1
6836,189145.6,100057.0,31427.18,9343.73,249.39,344.2
6837,262143.0,96737.0,111924.08,27041.63,896.5,344.2
6838,168945.28,90271.0,37108.5,13028.63,335.78,344.2
6839,10502.24,9916.0,688.54,627.99,19.56,344.2
6840,262143.0,142136.0,238072.22,96040.95,1807.67,344.3
6841,181194.72,100721.0,16716.99,19282.58,161.37,344.6
6842,208202.4,102771.0,42663.53,14632.34,503.67,344.7
6843,218198.4,101904.0,52771.92,17927.99,295.03,344.9
6844,150437.28,72840.0,30513.74,5788.58,177.67,344.9
6845,230854.4,94656.0,27155.81,12551.15,226.56999,345.0
6846,186597.6,100942.0,22554.01,3972.08,231.46,345.0
6847,164892.0,87648.0,33458.2,18516.19,213.53,345.1
6848,92373.12,57253.0,49391.5,12395.45,433.58,345.1
6849,177700.33,86644.0,47891.59,23384.41,513.45,345.1
6850,170066.4,94956.0,24240.76,15822.58,190.71,345.2
6851,224209.44,100616.0,45761.96,23351.541,278.73,345.3
6852,204053.92,95915.0,30461.84,23737.33,431.95,345.4
6853,166649.28,91310.0,41566.71,14592.55,226.56999,345.5
6854,227057.6,105991.0,36892.25,23503.78,312.96,345.5
6855,214418.4,102280.0,34229.78,17396.88,286.88,345.7
6856,215368.16,108865.0,43506.04,17332.871,392.83,345.7
6857,193108.16,96831.0,31968.67,17128.73,174.41,345.8
6858,195353.77,97920.0,33425.332,13846.92,431.95,346.0
6859,175566.72,89789.0,40338.41,19945.17,422.17,346.0
6860,220665.77,100897.0,52147.39,18289.56,489.0,346.1
6861,193352.33,100028.0,45670.27,18549.06,412.38998,346.1
6862,48731.2,33870.0,31387.39,240.47,242.87,346.2
6863,143084.48,88921.0,23512.43,10840.18,182.56,346.2
6864,80058.72,48069.0,20367.291,133.21,145.06999,346.3
6865,170722.72,99620.0,28915.22,12774.32,174.41,346.3
6866,215216.95,105389.0,61487.66,23578.17,308.07,346.3
6867,175340.48,95777.0,29314.85,11459.5205,246.13,346.4
6868,23875.041,11383.0,12532.12,72.66,158.11,346.4
6869,196660.8,96601.0,34247.082,18384.71,270.58,346.5
6870,160741.28,85895.0,39971.652,18782.61,309.7,346.6
6871,262143.0,98348.0,60892.54,22759.88,518.34,346.6
6872,107321.76,63781.0,28280.31,11667.12,332.52,346.8
6873,202873.44,103624.0,29913.43,17076.83,350.45,346.8
6874,163432.64,92344.0,20000.53,16912.48,246.13,346.9
6875,188557.6,96286.0,25401.59,18419.31,283.62,346.9
6876,173457.77,95000.0,40701.71,12376.42,231.46,346.9
6877,210972.16,107168.0,48164.93,29847.69,373.27,347.0
6878,205078.72,96404.0,46199.652,19628.58,322.74,347.0
6879,197961.12,100833.0,17249.83,22384.47,273.84,347.1
6880,193905.6,105277.0,25161.121,12037.34,255.91,347.1
6881,168426.72,90325.0,39949.16,5773.0103,381.42,347.1
6882,189026.88,100681.0,35373.31,15159.99,288.51,347.1
6883,195931.69,98681.0,34001.42,17924.53,236.35,347.1
6884,154170.23,80550.0,51320.45,14525.08,663.41,347.2
6885,175742.56,97769.0,18254.96,15182.48,184.19,347.2
6886,131057.92,76036.0,28922.14,5383.7603,229.83,347.2
6887,229380.48,105881.0,44320.87,23894.76,288.51,347.2
6888,201152.0,105089.0,29586.46,11336.69,259.17,347.2
6889,226408.0,103199.0,61754.082,24188.86,681.34,347.3
6890,243978.56,112993.0,35992.652,9182.84,233.09,347.3
6891,157166.23,94008.0,32605.31,10078.98,158.11,347.3
6892,209818.56,105708.0,39362.69,15095.98,208.64,347.4
6893,262143.0,108667.0,53486.41,21301.49,547.68,347.4
6894,196064.95,95749.0,34248.81,23154.32,360.23,347.4
6895,209049.12,99632.0,45566.47,20843.041,391.2,347.5
6896,262143.0,104560.0,98494.09,56100.44,914.43,347.5
6897,165516.95,93301.0,27024.33,20540.291,135.29,347.5
6898,185679.2,98906.0,19647.61,16663.36,153.22,347.6
6899,225097.6,105231.0,40296.89,12388.53,299.92,347.7
6900,189082.88,99424.0,30138.33,20490.121,244.5,347.7
6901,173033.28,89753.0,28204.19,11539.101,187.45,347.7
6902,187443.2,98340.0,39023.61,12014.851,343.93,347.8
6903,164066.56,89706.0,30797.46,5369.92,210.27,347.8
6904,172368.0,89097.0,33160.64,20559.32,306.44,347.8
6905,262143.0,95869.0,70412.734,25766.621,464.55,347.8
6906,211053.92,97844.0,43900.48,26398.07,242.87,347.8
6907,227476.48,107079.0,45208.36,20713.291,464.55,347.8
6908,228989.6,99789.0,66201.914,4767.88,518.34,347.9
6909,168743.69,91385.0,24245.951,12089.24,234.72,347.9
6910,173203.52,88172.0,36828.242,14087.391,277.1,347.9
6911,192663.52,99033.0,20042.05,11691.34,293.4,348.0
6912,145462.23,80217.0,30601.97,13518.22,151.59,348.0
6913,220864.0,98898.0,45765.42,18858.73,337.41,348.0
6914,170583.84,88379.0,20401.89,6568.81,207.01,348.1
6915,178838.23,89565.0,44523.28,13251.8,479.22,348.1
6916,262143.0,103845.0,49822.27,39018.42,539.52997,348.1
6917,240168.33,114160.0,33037.81,17102.78,412.38998,348.3
6918,59628.8,40714.0,34925.242,188.57,234.72,348.3
6919,180277.44,101085.0,24074.68,18594.041,96.17,348.4
6920,178595.2,94655.0,38980.36,25702.61,314.59,348.4
6921,199767.69,103401.0,32665.861,19670.1,197.23,348.5
6922,170480.8,94945.0,33068.95,8189.8203,192.34,348.5
6923,212955.69,99405.0,22569.58,16742.94,324.37,348.6
6924,218329.44,108468.0,27749.201,18844.89,156.48,348.6
6925,262143.0,110820.0,63734.93,29468.82,506.93,348.6
6926,167622.56,91865.0,19727.19,12642.84,158.11,348.6
6927,174610.23,94437.0,21699.39,9760.66,143.44,348.6
6928,255194.23,110070.0,53578.1,18652.86,516.71,348.8
6929,22468.32,6422.0,41935.2,58.82,299.92,348.8
6930,169746.08,91543.0,26688.71,20668.31,193.97,348.8
6931,207263.84,92604.0,27624.64,11246.73,249.39,348.9
6932,189743.69,100546.0,39144.71,16395.21,218.42,348.9
6933,98473.76,66076.0,23465.72,6854.2603,205.38,349.6
6934,155209.6,88446.0,31082.91,18611.34,233.09,349.7
6935,13413.12,12561.0,1572.5701,51.9,-21.19,349.9
6936,46933.6,23634.0,19976.31,275.07,145.06999,349.9
6937,175635.05,95249.0,31055.23,11620.41,172.78,350.0
6938,6095.04,6112.0,2539.6401,74.39,-3.26,350.0
6939,236265.12,103877.0,52079.92,26206.041,570.5,350.1
6940,123894.4,74508.0,31134.81,11615.22,273.84,350.3
6941,185138.23,94845.0,26789.05,16087.2705,218.42,350.3
6942,176809.92,101726.0,39682.742,3998.03,195.6,350.3
6943,214222.4,99921.0,47856.992,24367.05,228.2,350.4
6944,107910.88,75070.0,24264.98,16789.65,193.97,350.4
6945,186484.48,100012.0,31259.371,13419.61,210.27,350.4
6946,207618.88,102795.0,39642.95,10160.29,427.06,350.5
6947,169912.95,96856.0,20912.24,19414.06,264.06,350.5
6948,180867.69,100045.0,22408.69,15692.83,205.38,350.5
6949,227311.84,104984.0,49578.34,22605.91,484.11,350.5
6950,173657.12,96225.0,31226.5,10942.25,242.87,350.6
6951,200111.52,84496.0,66283.22,30396.1,559.09,350.6
6952,176330.56,97389.0,34847.39,14682.51,239.61,350.6
6953,262143.0,102012.0,50887.95,45054.39,578.65,350.7
6954,168769.44,98202.0,35292.0,12523.47,314.59,350.7
6955,221175.36,104710.0,37032.38,28124.61,303.18,350.7
6956,227804.64,102929.0,40440.48,10122.23,337.41,350.7
6957,161734.72,95112.0,14206.76,22348.14,220.05,350.7
6958,19367.041,6557.0,68860.92,245.66,575.39,350.7
6959,173008.64,89960.0,23927.63,14096.04,244.5,350.7
6960,198270.23,99029.0,29025.94,23323.86,130.4,350.7
6961,166218.08,92649.0,28603.82,17137.38,265.69,350.8
6962,262143.0,98032.0,68947.42,42142.8,674.82,350.8
6963,149802.23,89596.0,26133.38,7044.56,236.35,350.8
6964,161134.4,88080.0,41461.18,8271.13,339.04,350.8
6965,223325.77,113646.0,44723.96,18469.48,392.83,350.9
6966,193880.95,96403.0,41411.01,21621.541,352.08,350.9
6967,171960.33,95751.0,36373.25,12180.93,210.27,350.9
6968,134625.12,85916.0,19711.621,5786.85,141.81,351.0
6969,206335.36,109809.0,29461.9,19225.49,308.07,351.0
6970,203919.52,103912.0,27795.91,10331.561,290.13998,351.0
6971,188418.72,97235.0,27662.701,13016.5205,272.21,351.0
6972,206276.0,99582.0,36120.67,10518.4,384.68,351.0
6973,262143.0,97337.0,200252.69,82761.47,1522.42,351.1
6974,234101.28,102939.0,69065.06,27314.97,405.87,351.1
6975,235164.16,102260.0,53733.8,25124.791,428.69,351.1
6976,208055.69,91605.0,47337.992,18571.55,304.81,351.1
6977,185827.05,99728.0,31463.51,11495.851,215.16,351.1
6978,86189.6,18984.0,262143.0,1285.39,1670.75,351.1
6979,182095.2,96133.0,33818.04,6601.68,288.51,351.2
6980,225932.0,104860.0,48272.19,16838.09,348.82,351.2
6981,216823.05,102571.0,56536.402,18978.1,330.88998,351.2
6982,155611.69,91400.0,33577.57,15044.08,138.55,351.2
6983,262143.0,105001.0,85470.65,54962.1,658.52,351.2
6984,174920.48,86813.0,34994.44,17663.3,259.17,351.2
6985,168677.6,94900.0,32364.84,4326.73,381.42,351.2
6986,186112.64,101472.0,33290.39,11663.66,272.21,351.2
6987,184889.6,99712.0,43554.48,11570.24,255.91,351.2
6988,194224.8,107716.0,40307.27,14699.811,285.25,351.2
6989,194228.16,102248.0,19453.85,7774.62,159.74,351.3
6990,223323.52,108249.0,30806.11,11738.05,264.06,351.3
6991,197083.05,101857.0,26958.59,15744.73,149.96,351.4
6992,228006.23,107043.0,50669.97,15144.42,365.12,351.4
6993,154724.64,77942.0,50251.312,21216.72,361.86,351.5
6994,167650.56,81536.0,60191.89,14462.8,348.82,351.6
6995,10440.64,5552.0,8118.89,43.25,151.59,351.6
6996,182273.28,102453.0,21123.3,7933.7803,267.32,351.7
6997,181586.72,95459.0,24491.61,13468.05,242.87,351.7
6998,211882.72,99444.0,44419.48,8715.74,339.04,351.7
6999,259119.84,97596.0,77215.09,34805.87,503.67,351.7
7000,215079.2,101265.0,43440.3,16336.391,290.13998,351.9
7001,163626.4,85864.0,30771.51,7193.34,387.94,352.0
7002,196776.16,97732.0,35921.72,11841.851,306.44,352.0
7003,112277.76,68729.0,30731.72,17552.58,272.21,352.1
7004,147175.84,84152.0,30174.66,17623.51,182.56,352.2
7005,204569.12,99724.0,49069.72,11812.44,233.09,352.3
7006,190289.12,91621.0,41322.78,16350.23,332.52,352.4
7007,181227.2,99608.0,35035.96,5131.18,295.03,352.4
7008,184685.77,95932.0,37099.85,8682.87,464.55,352.4
7009,152844.16,98685.0,12305.49,12637.65,198.86,352.5
7010,157799.05,87352.0,31238.61,12061.561,277.1,352.6
7011,187979.69,103746.0,28655.72,9753.74,102.69,352.6
7012,228189.92,111026.0,36489.16,16928.05,299.92,352.6
7013,185262.56,86892.0,62575.832,49178.71,549.31,352.7
7014,116560.64,65564.0,32556.871,10885.16,324.37,352.7
7015,180616.8,95473.0,21183.85,11177.53,197.23,352.8
7016,163532.33,94724.0,18604.42,12926.561,22.82,352.8
7017,35458.082,18405.0,21922.56,121.1,203.75,352.8
7018,181164.48,94736.0,20159.69,18338.0,220.05,352.8
7019,159923.69,78153.0,42801.93,17222.15,498.78,352.8
7020,179347.84,92178.0,48080.16,16900.371,430.32,352.9
7021,188820.8,104092.0,27282.1,11981.98,221.68,353.0
7022,194784.8,92733.0,43660.01,21199.42,290.13998,353.0
7023,196459.2,98461.0,29600.3,18284.371,218.42,353.0
7024,183594.88,94845.0,35089.59,17770.56,180.93,353.0
7025,229115.05,101412.0,51832.53,26474.19,542.79,353.1
7026,145905.77,75713.0,22849.84,10748.49,239.61,353.1
7027,57028.16,31744.0,41584.01,261.23,303.18,353.2
7028,218988.0,86238.0,77922.664,32914.98,565.61,353.2
7029,228812.64,108572.0,51552.27,15293.2,425.43,353.2
7030,152946.08,91017.0,20192.56,10601.44,202.12,353.3
7031,142847.05,81360.0,41551.14,20332.69,381.42,353.4
7032,104680.8,67771.0,54123.05,11203.48,427.06,353.4
7033,213857.28,110024.0,62008.39,13694.68,387.94,353.4
7034,198403.52,94828.0,44696.28,10840.18,469.44,353.4
7035,249704.0,106757.0,81441.484,10947.44,645.48,353.6
7036,262143.0,122316.0,125784.84,39371.34,844.34,353.6
7037,155266.72,96821.0,17825.92,12860.82,81.5,353.6
7038,215939.36,96637.0,49213.31,23085.121,368.38,353.7
7039,172216.8,99998.0,33856.1,9495.97,234.72,353.7
7040,229353.6,99666.0,53624.812,17121.81,431.95,353.7
7041,206254.72,98593.0,35958.05,12717.23,440.1,353.7
7042,262143.0,104016.0,111095.414,40763.992,792.18,353.7
7043,176787.52,93188.0,38826.39,14194.65,207.01,353.7
7044,166908.0,96334.0,17689.25,14701.54,192.34,353.8
7045,226534.56,100297.0,46178.89,12921.37,303.18,353.8
7046,177605.12,102522.0,26214.69,13137.62,239.61,353.8
7047,262143.0,109253.0,55626.42,13481.891,342.3,353.8
7048,211522.08,107961.0,31103.67,17256.75,373.27,353.8
7049,209802.88,100363.0,33337.1,10938.79,321.11,353.8
7050,187411.84,103448.0,27174.84,12113.46,273.84,353.8
7051,181364.95,89625.0,37656.91,24190.59,420.54,353.9
7052,159111.69,91585.0,26593.56,15073.49,176.04,353.9
7053,184683.52,99401.0,28081.36,11149.851,275.47,353.9
7054,195357.12,101321.0,55366.92,16903.83,472.7,353.9
7055,234675.84,98513.0,55456.88,26930.91,490.63,353.9
7056,197581.44,101628.0,31416.8,19760.06,252.65,354.0
7057,187079.2,93967.0,36086.07,16820.791,254.28,354.0
7058,123326.56,73021.0,26560.69,17121.81,308.07,354.0
7059,167446.72,76844.0,23467.451,35658.76,414.02,354.0
7060,262143.0,122620.0,116470.52,90901.12,1054.61,354.0
7061,199552.64,103361.0,29288.9,25991.52,220.05,354.0
7062,145472.33,85599.0,30512.01,16211.83,285.25,354.1
7063,96401.76,53394.0,25275.3,10831.53,203.75,354.1
7064,203428.95,103054.0,40857.41,9982.101,339.04,354.1
7065,186393.77,96483.0,37802.23,13052.851,221.68,354.1
7066,199195.36,104227.0,36759.04,10535.7,252.65,354.3
7067,228145.12,106213.0,69502.75,35973.62,519.97,354.4
7068,222527.2,89191.0,79624.984,32551.68,638.96,354.4
7069,190700.16,101880.0,44097.7,17130.46,257.54,354.4
7070,210386.4,107292.0,50490.05,17675.41,489.0,354.5
7071,153752.48,92913.0,30909.91,18571.55,249.39,354.5
7072,192547.05,97920.0,30835.52,22043.66,280.36,354.5
7073,262143.0,112877.0,63650.16,43895.29,575.39,354.5
7074,229113.92,105183.0,65587.76,11703.45,345.56,354.5
7075,187640.33,101951.0,38149.96,11727.67,187.45,354.5
7076,262143.0,95165.0,116342.5,51554.0,785.66,354.6
7077,193458.72,99533.0,29780.22,13359.061,216.79,354.6
7078,142226.56,79963.0,29930.73,10599.71,306.44,354.6
7079,262143.0,92553.0,54562.47,25913.67,409.13,354.6
7080,262143.0,99145.0,80105.92,45436.72,681.34,354.6
7081,231427.84,105237.0,36873.22,23858.43,384.68,354.7
7082,119299.04,74329.0,27811.48,14898.76,172.78,354.7
7083,22607.2,7657.0,141067.66,188.57,865.52997,354.8
7084,186337.77,88753.0,53481.22,9724.33,454.77,354.8
7085,221924.64,91689.0,86954.99,53678.44,731.87,354.8
7086,198041.77,98053.0,39964.73,21452.0,422.17,354.8
7087,122501.12,75749.0,24924.11,11347.07,220.05,354.8
7088,237068.16,105806.0,32529.19,17819.0,216.79,354.9
7089,213085.6,104644.0,56162.72,21552.34,518.34,354.9
7090,233596.16,109353.0,44187.66,21322.25,394.46,354.9
7091,98981.12,58968.0,22223.58,24285.74,339.04,354.9
7092,28390.88,6699.0,102097.68,311.4,479.22,355.0
7093,6613.6,6805.0,304.48,520.73,16.3,355.0
7094,142208.64,65065.0,25448.3,13865.95,260.8,355.2
7095,262143.0,102899.0,118560.36,85752.64,1113.29,355.2
7096,40892.32,26362.0,4198.71,76.12,70.09,355.4
7097,14612.64,13557.0,7368.0703,13.84,70.09,355.5
7098,9418.08,8805.0,5224.6,60.55,184.19,355.7
7099,172700.64,92057.0,39360.96,11694.8,224.94,355.9
7100,27341.44,16371.0,7219.29,-12.110001,102.69,356.0
7101,201457.77,89489.0,25898.1,22811.78,268.95,356.1
7102,168919.52,87907.0,40795.13,12099.62,337.41,356.2
7103,170638.72,92421.0,30230.02,6885.4,228.2,356.4
7104,232861.44,99110.0,62760.94,20417.46,541.16,356.4
7105,226875.05,107753.0,37809.152,14516.43,316.22,356.5
7106,40781.44,12516.0,48410.59,105.53,210.27,356.6
7107,188506.08,101564.0,32001.541,17787.86,252.65,356.7
7108,184576.0,94642.0,24993.31,18412.39,268.95,356.8
7109,117468.96,76037.0,23183.73,7738.29,207.01,356.9
7110,170487.52,100397.0,22794.48,3515.36,156.48,357.0
7111,159564.16,85185.0,30472.22,16682.39,210.27,357.2
7112,222303.2,101489.0,38816.01,21348.201,358.6,357.3
7113,7305.7603,6569.0,802.72003,472.29,-13.04,357.4
7114,21104.16,15359.0,3242.02,-46.71,73.35,357.4
7115,94034.08,49813.0,46931.44,4973.75,329.26,357.4
7116,180317.77,97308.0,31598.451,12523.47,213.53,357.5
7117,209444.48,98243.0,42654.88,18273.99,267.32,357.5
7118,201938.23,100183.0,29223.16,18327.621,299.92,357.7
7119,219773.12,105390.0,41788.152,24008.94,343.93,357.7
7120,169749.44,91388.0,36733.09,9892.14,249.39,357.7
7121,164557.12,87880.0,37423.36,9297.0205,285.25,357.8
7122,186756.64,96009.0,38995.93,19464.23,270.58,357.9
7123,158966.08,85739.0,33074.14,16557.83,251.02,357.9
7124,223631.52,106192.0,47260.14,22808.32,370.01,358.0
7125,225925.28,99913.0,55219.87,13073.61,379.79,358.0
7126,233317.28,108112.0,53232.1,27334.0,324.37,358.1
7127,178087.84,96644.0,34574.05,8188.0903,203.75,358.2
7128,169542.23,89421.0,35385.42,16902.1,259.17,358.2
7129,237965.28,104753.0,64314.48,23867.08,397.72,358.3
7130,242439.69,103339.0,47796.44,19682.21,397.72,358.3
7131,182669.77,100121.0,25007.15,21481.41,169.52,358.4
7132,152773.6,90692.0,23576.44,12670.5205,237.98,358.4
7133,155384.33,90395.0,22313.541,9257.23,237.98,358.4
7134,9316.16,6188.0,607.23,5.19,1.63,358.4
7135,198983.69,97941.0,24432.791,13746.58,182.56,358.5
7136,208966.23,101249.0,28980.96,14644.45,275.47,358.5
7137,222222.56,95442.0,38155.152,18831.05,177.67,358.5
7138,222224.8,111737.0,34534.26,16329.47,482.48,358.6
7139,39014.082,25957.0,13464.59,-22.49,47.27,358.6
7140,62932.8,28384.0,31544.82,290.64,167.89,358.6
7141,121560.32,67826.0,46023.19,18604.42,270.58,358.6
7142,250057.92,106406.0,49112.97,29062.27,400.98,358.7
7143,179911.2,93881.0,31172.871,10566.84,252.65,358.7
7144,237808.48,111561.0,32539.57,23332.51,358.6,358.8
7145,179437.44,96391.0,29705.83,19732.38,288.51,358.8
7146,175749.28,97381.0,37274.582,10272.74,280.36,358.8
7147,226027.2,96625.0,60335.48,27920.47,495.52,358.8
7148,180986.4,99667.0,21640.57,7162.2,166.26,358.9
7149,173770.23,71869.0,38674.152,28309.72,482.48,358.9
7150,200352.33,97660.0,35996.11,21772.05,322.74,358.9
7151,192080.0,101473.0,50062.742,23022.84,321.11,358.9
7152,192119.2,102480.0,36016.87,13045.93,317.85,358.9
7153,157802.4,88340.0,41212.06,12343.55,286.88,359.0
7154,159090.4,96797.0,21867.201,13547.63,74.98,359.0
7155,162202.88,90590.0,26678.33,15469.66,208.64,359.0
7156,137177.6,78579.0,33883.78,15192.86,286.88,359.0
7157,205254.56,105822.0,40353.98,15819.12,417.28,359.1
7158,262143.0,112853.0,83598.79,24707.86,606.36,359.1
7159,190665.44,100240.0,26962.05,14099.5,233.09,359.2
7160,187773.6,89325.0,37447.582,20682.15,306.44,359.2
7161,206204.33,100257.0,37760.71,13438.641,210.27,359.2
7162,197529.92,96797.0,57958.46,23483.02,544.42,359.2
7163,184933.28,102348.0,31402.96,15187.67,231.46,359.2
7164,202031.2,102598.0,35317.95,17813.81,319.48,359.2
7165,187100.48,95952.0,26474.19,14564.87,236.35,359.3
7166,176113.28,93793.0,21323.98,13113.4,220.05,359.5
7167,162806.56,86245.0,29238.73,13213.74,231.46,359.5
7168,6199.2,6269.0,4717.71,27.68,105.95,359.5
7169,45531.36,16236.0,92660.53,598.58,847.6,359.5
7170,77665.28,60991.0,16396.94,4750.58,89.65,359.6
7171,74305.28,48848.0,19702.97,411.74,171.15,359.6
7172,178221.12,94461.0,22346.41,23384.41,192.34,359.6
7173,179756.64,104709.0,29207.59,14282.88,376.53,359.7
7174,147211.69,74737.0,36234.85,21253.05,352.08,359.7
7175,206347.69,101588.0,42340.02,17260.21,262.43,359.7
7176,196072.8,103237.0,25778.73,18528.3,281.99,359.7
7177,175780.64,93209.0,17210.041,7663.9,215.16,359.8
7178,212905.28,106981.0,46464.34,7672.5503,389.57,359.8
7179,262143.0,108053.0,65108.55,33124.31,590.06,359.9
7180,157989.44,87052.0,30153.9,10378.2705,280.36,359.9
7181,56866.88,35694.0,21965.81,230.09,151.59,359.9
7182,213435.05,97249.0,49645.812,9902.5205,454.77,360.0
7183,196896.0,99869.0,23720.03,14300.18,251.02,360.0
7184,211247.69,103881.0,33807.66,26562.42,314.59,360.0
7185,262143.0,109099.0,98552.914,71988.76,1206.2,360.0
7186,161680.95,95276.0,29238.73,6859.45,89.65,360.1
7187,190557.92,103607.0,29956.68,15260.33,285.25,360.1
7188,262143.0,93318.0,85629.81,31461.781,668.3,360.2
7189,104543.04,63568.0,21349.93,14673.86,163.0,360.3
7190,187296.48,95288.0,25297.791,24976.01,179.3,360.4
7191,177496.48,101873.0,34241.89,9001.19,293.4,360.4
7192,192319.69,101092.0,27131.59,11442.22,347.19,360.6
7193,186416.16,101164.0,28572.68,14836.48,246.13,360.7
7194,73312.96,29624.0,109443.26,242.2,865.52997,360.7
7195,34585.6,22965.0,2904.67,-41.52,34.23,360.7
7196,169522.08,88349.0,27489.701,15973.09,267.32,360.7
7197,218018.08,101805.0,46320.75,22144.0,277.1,360.8
7198,210899.36,108069.0,37233.06,9445.8,268.95,360.8
7199,197662.08,97540.0,31217.85,30205.8,200.49,360.8
7200,203110.88,108728.0,31126.16,12514.82,226.56999,360.9
7201,179403.84,96488.0,34534.26,20408.81,259.17,360.9
7202,194488.0,98285.0,43751.7,44320.87,402.61,360.9
7203,56417.76,37275.0,21386.26,112.450005,180.93,360.9
7204,194585.44,108703.0,34489.28,19796.39,193.97,360.9
7205,56891.52,45732.0,16613.19,9051.36,78.24,361.0
7206,162285.77,89218.0,27181.76,5316.29,187.45,361.0
7207,183002.4,94228.0,29989.55,16566.48,295.03,361.0
7208,197914.08,102581.0,25939.621,14938.55,210.27,361.1
7209,7585.7603,6247.0,7831.71,24.220001,-16.3,361.1
7210,12201.28,5468.0,24190.59,12.110001,136.92,361.1
7211,208829.6,103338.0,38468.28,17277.51,329.26,361.1
7212,262143.0,85297.0,64151.86,30166.01,689.49,361.2
7213,120494.08,73849.0,28174.781,4520.49,145.06999,361.2
7214,158409.44,93293.0,18701.3,20692.53,309.7,361.2
7215,160739.05,91093.0,31932.34,14730.95,283.62,361.3
7216,194363.69,90510.0,29707.56,23778.85,363.49,361.4
7217,205724.95,104341.0,30100.27,21123.3,495.52,361.4
7218,161992.33,96844.0,25777.0,9743.36,210.27,361.4
7219,202160.0,97381.0,52680.23,24728.621,383.05,361.4
7220,122392.484,72373.0,19334.48,18151.16,207.01,361.4
7221,160078.23,85403.0,22732.201,11722.48,200.49,361.4
7222,191241.12,104417.0,30920.291,15177.29,295.03,361.4
7223,165278.4,91881.0,27250.96,24216.541,167.89,361.4
7224,188152.16,94820.0,44507.71,21106.0,345.56,361.4
7225,240317.28,105821.0,35139.76,18324.16,255.91,361.5
7226,153041.28,79296.0,40300.35,19227.22,298.29,361.5
7227,181330.23,97605.0,34461.6,17831.11,314.59,361.5
7228,51870.56,29848.0,25595.35,140.13,192.34,361.6
7229,17864.0,7709.0,38321.23,107.26,122.25,361.6
7230,172007.36,97392.0,28283.77,11452.601,283.62,361.6
7231,225599.36,106657.0,52173.34,16704.88,444.99,361.6
7232,167095.05,93881.0,29698.91,11314.2,195.6,361.6
7233,219227.69,99080.0,35433.86,15464.47,308.07,361.6
7234,198226.56,103947.0,50377.6,18862.19,366.75,361.6
7235,189132.16,99751.0,23957.041,14495.67,169.52,361.7
7236,194374.88,94327.0,50856.812,13575.311,472.7,361.7
7237,73806.88,40373.0,40419.72,335.62,381.42,361.7
7238,177690.23,99592.0,26778.67,12359.12,237.98,361.8
7239,171058.72,92029.0,31927.15,16587.24,326.0,361.8
7240,143637.77,81349.0,28690.32,17298.27,202.12,361.8
7241,188657.28,99237.0,40810.7,10271.01,303.18,361.8
7242,262143.0,107310.0,75697.88,52920.7,743.27997,361.8
7243,148165.92,88757.0,18905.44,6700.29,53.79,361.8
7244,209506.08,107653.0,39333.28,13511.3,329.26,361.8
7245,22348.48,7928.0,39274.46,200.68001,295.03,361.8
7246,123063.36,71799.0,22787.56,8464.89,234.72,361.9
7247,146503.84,82788.0,37354.16,14153.13,241.24,361.9
7248,165071.2,93896.0,24322.07,11066.811,91.28,361.9
7249,168418.88,97469.0,32228.17,10596.25,128.77,361.9
7250,262143.0,102312.0,60031.0,32902.87,661.77997,362.0
7251,259713.44,109142.0,68388.63,64112.07,588.43,362.0
7252,192057.6,95340.0,39573.75,24649.041,314.59,362.0
7253,199525.77,103340.0,42253.52,21135.41,368.38,362.0
7254,235889.92,106678.0,62873.39,24600.6,505.3,362.0
7255,177308.33,103383.0,39042.64,15620.17,317.85,362.0
7256,113859.2,64323.0,62442.62,4968.56,469.44,362.0
7257,262143.0,109256.0,38781.41,21142.33,321.11,362.1
7258,179247.05,95008.0,29980.9,15971.36,334.15,362.1
7259,234290.56,107184.0,52924.16,22483.08,306.44,362.1
7260,168116.48,90656.0,73365.84,34129.44,590.06,362.2
7261,143907.69,80817.0,58866.71,22813.51,356.97,362.2
7262,180003.05,85484.0,80322.17,40872.98,666.67,362.2
7263,201521.6,86864.0,65352.48,43717.1,502.04,362.2
7264,192689.28,79297.0,57460.22,26892.85,489.0,362.3
7265,191179.52,98683.0,51393.11,25373.91,241.24,362.3
7266,188574.4,93629.0,33119.12,22124.97,203.75,362.3
7267,261885.12,101609.0,32999.75,17723.85,381.42,362.3
7268,140049.28,88941.0,12629.0,9909.44,65.2,362.3
7269,262143.0,111301.0,262143.0,98682.664,2629.19,362.3
7270,218402.23,106386.0,37798.77,15941.95,281.99,362.5
7271,45925.6,13104.0,102924.625,330.43,839.45,362.5
7272,262143.0,103238.0,67445.78,35103.43,629.18,362.5
7273,129396.96,74346.0,27062.39,8239.99,295.03,362.5
7274,262143.0,120533.0,117818.19,49611.21,878.57,362.6
7275,182786.23,77799.0,73727.414,18645.94,500.41,362.7
7276,57121.12,12968.0,163344.88,320.05002,749.8,362.8
7277,197124.48,103325.0,32491.13,19524.78,153.22,362.8
7278,159623.52,81749.0,41231.09,11392.05,396.09,362.9
7279,262143.0,114650.0,59800.91,19683.94,484.11,362.9
7280,139042.4,84161.0,25899.83,15042.351,104.32,362.9
7281,190039.36,98433.0,31304.35,15294.93,335.78,363.1
7282,210658.56,101749.0,44158.25,13047.66,387.94,363.1
7283,262143.0,101592.0,65888.78,16351.96,400.98,363.1
7284,243659.36,110664.0,61735.05,19247.98,412.38998,363.2
7285,262143.0,110150.0,76415.83,39276.19,549.31,363.3
7286,154514.08,74808.0,75223.86,25136.9,681.34,363.3
7287,198404.64,96553.0,34615.57,15121.93,251.02,363.3
7288,262143.0,112612.0,113391.125,23045.33,831.3,363.4
7289,185521.28,58961.0,120254.03,1757.68,1023.64,363.5
7290,49982.24,25306.0,24982.93,325.24,99.43,363.6
7291,234839.36,121374.0,47744.54,26993.19,458.03,363.6
7292,212739.52,89741.0,29726.59,15947.141,306.44,363.7
7293,143129.28,91813.0,32754.09,4954.72,189.08,363.8
7294,144005.12,89044.0,24956.98,10170.67,242.87,363.9
7295,182967.69,93702.0,22880.98,14454.15,158.11,364.0
7296,148481.77,80165.0,34437.38,12386.8,213.53,364.0
7297,185955.84,100141.0,32331.97,14393.601,255.91,364.2
7298,223289.92,108074.0,35693.36,10482.07,228.2,364.2
7299,200992.95,96230.0,36551.44,14211.95,270.58,364.3
7300,156581.6,84836.0,40703.44,5546.38,218.42,364.3
7301,182259.84,112054.0,29230.08,22221.85,358.6,364.3
7302,88852.96,50237.0,49249.64,268.15,458.03,364.3
7303,172223.52,95481.0,24507.18,15663.42,321.11,364.4
7304,210365.12,101776.0,59524.11,10940.5205,348.82,364.4
7305,183137.92,93904.0,21675.17,16936.7,84.76,364.4
7306,121862.72,76537.0,24356.67,12511.36,394.46,364.5
7307,221648.0,105316.0,30709.23,19275.66,252.65,364.6
7308,186406.08,96260.0,40719.01,18422.77,327.63,364.6
7309,155301.44,85323.0,40563.31,11753.62,239.61,364.6
7310,206718.4,95566.0,101796.664,26129.92,780.77,364.7
7311,198499.84,100279.0,25578.05,26334.06,288.51,364.7
7312,155625.12,93035.0,24405.11,14198.11,132.03,364.7
7313,56110.88,33844.0,29089.951,326.97,180.93,364.9
7314,129225.6,79603.0,16872.69,11471.63,231.46,365.3
7315,183767.36,96417.0,32863.082,18580.201,257.54,365.3
7316,152989.77,88469.0,22645.701,9412.93,151.59,365.3
7317,262143.0,106365.0,90913.234,29420.38,471.07,365.4
7318,59564.96,32069.0,31880.44,254.31,312.96,365.6
7319,203268.8,106985.0,24000.291,17320.76,143.44,365.8
7320,151380.33,85368.0,23977.8,18884.68,205.38,365.8
7321,211413.44,106182.0,22534.98,14974.88,303.18,366.0
7322,64952.16,31109.0,30695.39,211.06,326.0,366.1
7323,204458.23,104145.0,26721.58,13774.26,182.56,366.1
7324,149093.28,66964.0,39338.47,287.18,366.75,366.1
7325,18737.6,15341.0,942.85004,-20.76,-3.26,366.2
7326,168405.44,94641.0,36394.01,19680.48,203.75,366.3
7327,168666.4,97347.0,13798.48,14307.101,202.12,366.3
7328,58550.242,37132.0,39137.79,192.03,363.49,366.4
7329,205056.33,97380.0,63321.46,26875.55,330.88998,366.4
7330,175791.84,89585.0,39687.93,7376.72,224.94,366.5
7331,180406.23,96957.0,24323.8,12672.25,303.18,366.5
7332,71404.48,51157.0,17607.94,181.65001,163.0,366.6
7333,155740.48,90119.0,32127.83,6511.72,229.83,366.6
7334,179095.84,102160.0,22785.83,16230.86,171.15,366.7
7335,207194.4,102605.0,43288.06,24571.19,283.62,366.7
7336,137301.92,73621.0,31868.33,12450.811,156.48,366.8
7337,219934.4,102236.0,49061.07,19846.56,456.4,366.8
7338,196222.88,94837.0,45151.27,23124.91,502.04,366.8
7339,231731.36,111944.0,41878.11,21633.65,345.56,366.9
7340,164729.6,93920.0,28103.85,15210.16,252.65,366.9
7341,157749.77,98481.0,20702.91,8110.24,143.44,366.9
7342,170569.28,94293.0,35902.69,12950.78,268.95,367.0
7343,262143.0,97428.0,79362.02,42279.47,604.73,367.0
7344,159438.72,96919.0,16488.63,9611.88,153.22,367.1
7345,199675.84,98883.0,40539.09,14538.92,180.93,367.1
7346,200434.08,97865.0,37964.85,7009.96,262.43,367.1
7347,156772.0,90250.0,21363.77,10530.51,215.16,367.1
7348,243561.92,108985.0,42992.23,11103.14,247.76,367.1
7349,179042.08,82479.0,47959.06,49114.7,443.36,367.2
7350,262143.0,92981.0,59998.13,34112.14,484.11,367.3
7351,173382.72,95229.0,35577.45,6558.43,171.15,367.3
7352,262143.0,106796.0,70187.83,40423.18,627.55,367.3
7353,157274.88,94305.0,21917.371,12350.47,197.23,367.3
7354,69759.2,39790.0,28292.42,155.7,246.13,367.3
7355,150151.69,81360.0,23337.701,14459.34,257.54,367.4
7356,202091.69,100120.0,51410.41,17675.41,353.71,367.4
7357,190568.0,97052.0,41068.47,13948.99,314.59,367.4
7358,212172.8,88576.0,69103.12,38694.91,599.84,367.4
7359,62667.36,38180.0,28835.64,164.35,259.17,367.4
7360,193350.08,104080.0,28629.77,14718.84,285.25,367.5
7361,103286.4,52220.0,37909.492,465.37,208.64,367.5
7362,156881.77,87956.0,15481.7705,20687.34,184.19,367.5
7363,199559.36,100203.0,25242.43,16286.22,164.63,367.5
7364,160776.0,92201.0,28159.21,16078.62,151.59,367.6
7365,156988.16,90841.0,24498.53,9509.811,272.21,367.6
7366,89936.0,42306.0,42568.38,141.86,348.82,367.6
7367,182687.69,97200.0,41312.402,15749.92,309.7,367.6
7368,188704.33,100537.0,45843.27,3354.47,322.74,367.6
7369,191045.12,101125.0,29524.18,11753.62,368.38,367.7
7370,203950.88,97114.0,55501.86,12302.03,477.59,367.7
7371,22153.6,7561.0,35129.38,103.8,273.84,367.7
7372,58807.84,31592.0,22900.01,316.59,285.25,367.7
7373,229858.72,104097.0,44893.5,25308.17,295.03,367.7
7374,165184.33,93507.0,19735.84,15028.51,112.47,367.7
7375,140697.77,86518.0,28745.68,12859.09,290.13998,367.7
7376,222942.72,106693.0,43294.98,13635.86,312.96,367.8
7377,211282.4,97824.0,61741.97,21884.5,365.12,367.8
7378,222836.33,109696.0,32288.72,15519.83,342.3,367.8
7379,166797.12,98812.0,27939.5,9954.42,185.81999,367.8
7380,184009.28,97792.0,34176.15,16748.13,242.87,367.8
7381,181404.16,91297.0,32101.88,16744.67,265.69,367.8
7382,175788.48,91013.0,39675.82,8018.5503,303.18,367.8
7383,183583.69,94952.0,28871.97,8369.74,337.41,367.8
7384,180745.6,94589.0,33949.52,5641.5303,312.96,367.9
7385,199379.05,104004.0,31034.47,17080.291,252.65,367.9
7386,219685.77,99976.0,38945.76,29046.701,414.02,367.9
7387,199326.4,104819.0,25465.6,24811.66,267.32,367.9
7388,262143.0,116960.0,108336.06,34337.04,885.09,368.0
7389,262143.0,115410.0,68994.13,22259.91,638.96,368.0
7390,230714.4,102020.0,42485.34,17860.52,384.68,368.0
7391,262143.0,138189.0,150811.02,89264.54,1429.51,368.1
7392,262143.0,127529.0,61930.54,32792.15,555.83,368.1
7393,143076.64,85729.0,25590.16,11565.05,167.89,368.1
7394,215078.08,97872.0,43807.06,26913.61,314.59,369.1
7395,31389.121,22394.0,6688.18,29.41,32.6,369.5
7396,198381.12,99851.0,31001.6,19523.05,360.23,370.0
7397,181949.6,100976.0,27955.07,20138.93,264.06,370.1
7398,168435.69,99801.0,21730.53,11725.94,114.1,370.6
7399,187428.64,97710.0,36859.38,12341.82,198.86,370.6
7400,141114.4,87177.0,22467.51,10956.09,213.53,370.7
7401,27283.2,6673.0,83368.7,169.54001,599.84,370.8
7402,173465.6,98733.0,37352.43,17116.621,101.06,370.8
7403,173867.69,101369.0,27041.63,13222.391,145.06999,370.9
7404,93353.12,56005.0,31435.83,233.55,326.0,370.9
7405,224000.0,106061.0,46857.05,27299.4,384.68,371.0
7406,156652.16,86014.0,42182.59,7833.44,229.83,371.0
7407,182182.56,94192.0,18540.41,19241.06,133.66,371.0
7408,182806.4,98684.0,37397.41,23868.81,249.39,371.0
7409,212178.4,111960.0,50291.1,24214.81,572.13,371.1
7410,203848.95,104484.0,50462.37,21131.951,277.1,371.2
7411,250779.2,107985.0,61338.88,7684.66,400.98,371.2
7412,218747.2,103541.0,44748.18,17393.42,436.84,371.3
7413,176260.0,99032.0,40776.1,11886.83,246.13,371.4
7414,136573.92,77779.0,54849.652,29126.281,277.1,371.6
7415,182328.16,93604.0,18305.13,9437.15,277.1,372.2
7416,134799.84,57769.0,80815.22,18139.05,637.33,372.2
7417,107892.96,63317.0,34337.04,8589.45,335.78,372.2
7418,210691.05,109129.0,46857.05,19981.5,350.45,372.3
7419,206872.95,103183.0,38258.95,19917.49,345.56,372.3
7420,177338.56,94363.0,38480.39,18919.28,241.24,372.4
7421,187794.88,94632.0,21187.31,21180.39,254.28,372.4
7422,249156.33,108311.0,69421.44,17007.63,361.86,372.5
7423,113105.44,70199.0,37587.71,19171.86,288.51,372.5
7424,169146.88,97849.0,26816.73,14267.311,202.12,372.5
7425,225625.12,103276.0,49090.48,16441.92,355.34,372.6
7426,222463.36,104792.0,47002.37,32525.73,374.9,372.6
7427,251130.88,103630.0,70805.44,7305.79,376.53,372.6
7428,125539.68,73586.0,34423.54,25534.8,334.15,372.6
7429,233808.97,107953.0,37115.42,21472.76,317.85,372.7
7430,236054.56,107271.0,51349.86,20417.46,407.5,372.7
7431,174988.8,100514.0,14386.68,19036.92,164.63,372.7
7432,145279.69,82920.0,13692.95,17891.66,179.3,372.7
7433,262143.0,112989.0,41935.2,28192.08,484.11,372.8
7434,203358.4,104996.0,42852.1,12648.03,428.69,372.8
7435,174210.4,84637.0,53489.87,18974.64,415.65,372.8
7436,262143.0,107592.0,47337.992,16497.28,409.13,372.8
7437,257700.8,111209.0,40701.71,17514.52,404.24,372.8
7438,205336.33,98739.0,24026.24,20934.73,288.51,372.9
7439,184178.4,100645.0,25723.371,14339.97,252.65,373.0
7440,227215.52,101565.0,61850.96,29399.621,373.27,373.0
7441,194489.12,102744.0,20657.93,12739.72,210.27,373.0
7442,200911.2,95066.0,43087.38,10687.94,454.77,373.1
7443,244922.72,104501.0,51306.61,27119.48,593.32,373.1
7444,225519.84,104869.0,52014.18,31141.73,208.64,373.2
7445,164178.56,88601.0,35080.94,6643.2,296.66,373.2
7446,19020.96,10110.0,23747.71,171.27,86.39,373.2
7447,262143.0,106864.0,71807.11,33958.17,433.58,373.3
7448,205952.33,99857.0,40142.92,21972.73,257.54,373.3
7449,262143.0,118937.0,72137.54,15616.71,448.25,373.3
7450,168193.77,92945.0,26188.74,13961.101,234.72,373.4
7451,201205.77,101584.0,51417.332,18203.06,410.76,373.4
7452,215564.16,97253.0,36042.82,19249.71,197.23,373.4
7453,190277.92,93846.0,28930.791,14089.12,246.13,373.4
7454,155556.8,92069.0,19933.06,22213.201,205.38,373.5
7455,182019.05,85436.0,30171.201,15834.69,366.75,373.6
7456,52831.52,13188.0,154091.11,306.21,1048.09,373.6
7457,42404.32,14936.0,98329.74,198.95,495.52,373.7
7458,82295.36,50444.0,46414.17,430.77002,326.0,373.7
7459,41992.16,23865.0,18466.02,136.67,233.09,373.7
7460,133971.05,77456.0,20868.99,4091.45,83.13,373.7
7461,204132.33,100621.0,22564.39,14009.54,70.09,373.8
7462,178839.36,99239.0,30133.14,3906.34,247.76,373.8
7463,179497.92,99659.0,29529.371,17248.1,205.38,373.8
7464,202162.23,97318.0,36778.07,10054.76,290.13998,373.9
7465,114310.56,71715.0,21708.041,7831.71,216.79,373.9
7466,188703.2,99031.0,29392.701,10167.21,237.98,373.9
7467,194124.0,93213.0,40248.45,17168.52,420.54,373.9
7468,193180.95,101089.0,37053.14,4947.8003,339.04,374.0
7469,181739.05,99224.0,31520.6,13144.54,242.87,374.0
7470,150160.64,93155.0,28404.871,4390.74,190.71,374.0
7471,186533.77,98920.0,29065.73,11063.351,239.61,374.0
7472,191264.64,87837.0,45694.492,23685.43,490.63,374.1
7473,167989.92,91560.0,35119.0,17364.01,348.82,374.1
7474,182134.4,95113.0,53610.97,11521.8,340.67,374.1
7475,187215.84,97329.0,35741.8,15687.641,278.73,374.1
7476,61678.4,33208.0,31186.71,337.35,332.52,374.1
7477,204358.56,101668.0,51206.27,29128.01,407.5,374.1
7478,210562.23,102984.0,44431.59,13367.71,378.16,374.2
7479,90903.68,52462.0,33721.16,16256.811,210.27,374.2
7480,183152.48,95588.0,26835.76,14023.38,267.32,374.3
7481,8077.44,8217.0,1325.18,577.82,39.12,374.3
7482,5875.52,5876.0,6757.38,102.07,182.56,374.4
7483,169862.56,92313.0,29685.07,12736.26,286.88,374.4
7484,187204.64,92604.0,42706.78,17675.41,405.87,374.4
7485,174665.12,100128.0,18666.701,15768.95,275.47,374.4
7486,243845.28,103503.0,57299.332,24861.83,547.68,374.5
7487,176044.95,95361.0,56714.59,9345.46,330.88998,374.5
7488,128657.76,73757.0,40540.82,21119.84,329.26,374.6
7489,165948.16,90926.0,35189.93,16531.88,228.2,374.6
7490,165035.36,83177.0,38073.84,11251.92,203.75,374.6
7491,187931.52,96025.0,30339.01,14872.811,192.34,374.6
7492,176488.48,99492.0,22730.47,17938.371,228.2,374.6
7493,262143.0,109852.0,58429.02,28162.67,400.98,374.7
7494,197023.69,95456.0,46739.41,21358.58,363.49,374.7
7495,129148.32,81890.0,30387.451,7980.49,35.86,374.8
7496,262143.0,111344.0,49263.48,19125.15,298.29,374.8
7497,224411.05,99732.0,46609.66,13528.601,404.24,374.8
7498,144511.36,78149.0,61842.312,16331.2,539.52997,374.8
7499,183617.28,94381.0,68696.57,29415.19,513.45,374.8
7500,183694.56,97693.0,34812.79,13547.63,159.74,374.8
7501,192763.2,101971.0,30833.791,13040.74,296.66,374.9
7502,194188.95,96670.0,27944.69,13582.23,190.71,374.9
7503,210351.69,95055.0,49737.5,27076.23,500.41,374.9
7504,207384.8,105471.0,31562.121,6231.46,314.59,375.0
7505,175316.95,93217.0,27847.81,17810.35,234.72,375.0
7506,155460.48,89092.0,26865.17,15936.76,158.11,375.0
7507,190391.05,100960.0,28321.83,17201.39,252.65,375.1
7508,162489.6,87108.0,52266.76,32883.84,427.06,375.1
7509,228712.97,110532.0,37316.1,16614.92,295.03,375.2
7510,203595.84,105062.0,42359.05,29965.33,345.56,375.2
7511,178157.28,93464.0,34409.7,7525.5,337.41,375.3
7512,231614.88,108860.0,55944.742,17279.24,376.53,375.5
7513,180978.56,96837.0,20457.25,20538.56,301.55,375.5
7514,181960.8,96492.0,41976.72,25337.58,503.67,375.6
7515,84348.32,57416.0,16940.16,11447.41,127.14,375.7
7516,262143.0,112913.0,47012.75,39053.02,381.42,375.8
7517,194746.72,96565.0,56891.05,16291.41,528.12,375.9
7518,104007.68,57593.0,40826.27,356.38,456.4,376.0
7519,180868.8,95252.0,33072.41,9025.41,223.31,376.1
7520,120022.56,61661.0,39717.34,25481.17,329.26,376.1
7521,61178.88,32261.0,32371.76,335.62,453.13998,376.2
7522,256120.48,103584.0,58110.7,35179.55,418.91,376.2
7523,238561.12,114683.0,39271.0,24780.52,431.95,376.3
7524,165670.4,88737.0,35797.16,12675.71,275.47,376.3
7525,262143.0,112669.0,68469.94,26546.85,674.82,376.3
7526,185277.12,94325.0,38665.5,23842.86,443.36,376.4
7527,174875.69,83749.0,52443.22,24071.22,404.24,376.4
7528,247479.69,102492.0,33688.29,21351.66,275.47,376.4
7529,238107.52,101086.0,86866.76,14717.11,539.52997,376.5
7530,197598.23,101903.0,42841.72,18163.27,262.43,376.5
7531,262143.0,108292.0,46824.18,34895.832,443.36,376.6
7532,187137.44,101260.0,42113.39,9902.5205,172.78,376.6
7533,262143.0,100852.0,47223.81,19436.55,431.95,376.6
7534,87877.44,58472.0,12570.18,9476.94,136.92,376.7
7535,262143.0,112277.0,48680.47,29332.15,430.32,376.7
7536,187075.84,92135.0,35978.81,17654.65,303.18,376.7
7537,193868.64,100384.0,34541.18,18516.19,228.2,376.8
7538,255332.0,111096.0,47697.832,14329.59,169.52,376.8
7539,238452.48,104554.0,54982.86,18735.9,451.51,376.8
7540,148505.28,73659.0,26806.35,7850.74,128.77,376.9
7541,224260.97,106897.0,66516.77,23221.791,493.88998,376.9
7542,203250.88,108020.0,35449.43,12187.851,400.98,376.9
7543,173341.28,88177.0,19128.61,22432.91,479.22,376.9
7544,157780.0,85542.0,30871.85,4608.72,229.83,376.9
7545,210343.84,100072.0,33451.28,19459.041,298.29,377.0
7546,15254.4,7929.0,46426.28,65.74,149.96,377.0
7547,146506.08,81836.0,32101.88,10027.08,211.9,377.0
7548,209483.69,97580.0,44146.14,13087.45,420.54,377.1
7549,222853.12,96553.0,45883.06,24223.46,311.33,377.1
7550,163561.44,85777.0,31468.701,7876.69,143.44,377.1
7551,179312.0,97545.0,33558.54,13198.17,343.93,377.1
7552,179674.88,99196.0,34442.57,9985.561,135.29,377.1
7553,136927.84,84338.0,33769.6,3267.97,404.24,377.2
7554,224450.23,94283.0,40078.91,24728.621,322.74,377.3
7555,104209.28,48828.0,35264.32,565.71,309.7,377.3
7556,236434.23,98308.0,58797.51,9489.05,474.33,377.3
7557,224945.28,104104.0,59480.86,13215.47,400.98,377.3
7558,194029.92,104205.0,23950.121,16962.65,363.49,377.4
7559,189945.28,102729.0,20801.52,16407.32,252.65,377.4
7560,211010.23,89997.0,42449.01,16147.82,285.25,377.5
7561,262143.0,102788.0,100860.734,43410.89,876.94,377.5
7562,160543.05,89885.0,28237.06,3461.73,224.94,377.5
7563,233428.16,110548.0,32084.58,20341.34,182.56,377.6
7564,182381.92,96321.0,35426.94,14954.12,117.36,377.7
7565,235879.84,95808.0,77725.44,18318.97,539.52997,377.7
7566,225376.48,107416.0,35513.44,22336.03,402.61,377.8
7567,173271.84,88980.0,40558.12,19720.27,384.68,377.8
7568,146714.4,74284.0,42071.87,23571.25,493.88998,377.9
7569,196590.23,95784.0,60724.73,24389.541,356.97,377.9
7570,219063.05,106377.0,25237.24,18222.09,277.1,377.9
7571,243831.84,104204.0,45108.02,32127.83,312.96,377.9
7572,155520.95,87742.0,25610.92,6503.0703,105.95,377.9
7573,236429.77,108306.0,39113.57,21491.791,268.95,378.0
7574,8132.32,8433.0,50856.812,48.440002,208.64,378.0
7575,262143.0,93864.0,84280.414,39987.22,836.19,378.0
7576,262143.0,118780.0,71262.164,62856.09,1085.58,378.0
7577,15664.32,5805.0,40641.16,39.79,187.45,378.1
7578,185520.16,99245.0,35788.51,7655.25,268.95,378.1
7579,237102.88,102872.0,54732.01,17204.85,469.44,378.1
7580,187579.84,96657.0,28522.51,14817.45,239.61,378.2
7581,139618.08,70722.0,25135.17,38805.63,273.84,378.2
7582,133330.4,79571.0,23605.85,17322.49,242.87,378.3
7583,106598.24,64684.0,24384.35,20417.46,281.99,378.4
7584,123399.36,76631.0,56467.2,29970.52,400.98,378.4
7585,215712.0,102716.0,54780.45,6857.72,446.62,378.5
7586,189977.77,90317.0,38667.23,14272.5,187.45,378.6
7587,170798.88,93444.0,21313.6,12898.88,154.85,378.6
7588,199040.8,102300.0,35593.02,26065.91,334.15,378.6
7589,180836.33,98458.0,26853.06,13912.66,255.91,378.7
7590,174164.48,94333.0,19100.93,16281.03,288.51,378.7
7591,238629.44,105394.0,55820.18,17843.22,298.29,378.8
7592,185802.4,101376.0,31114.05,5158.86,392.83,378.8
7593,194605.6,93357.0,40900.66,23688.89,342.3,378.9
7594,178633.28,96257.0,34629.41,12404.101,306.44,378.9
7595,223661.77,107082.0,36210.63,13002.68,312.96,378.9
7596,150494.4,83439.0,34686.5,17235.99,275.47,378.9
7597,239303.69,99945.0,46763.63,26439.59,456.4,379.0
7598,187065.77,105872.0,24837.61,18498.89,169.52,379.0
7599,233321.77,96052.0,62482.41,27275.18,489.0,379.0
7600,199690.4,99218.0,43360.72,9909.44,264.06,379.0
7601,251357.12,109731.0,39892.07,21349.93,428.69,379.1
7602,171542.56,91526.0,37035.84,31380.47,324.37,379.1
7603,168407.69,85184.0,42974.93,18478.13,355.34,379.2
7604,178995.05,92619.0,43217.13,17886.47,366.75,379.2
7605,135955.69,83269.0,23024.57,15554.43,216.79,379.2
7606,216527.36,105842.0,44943.67,26508.791,340.67,379.2
7607,192249.12,95908.0,43151.39,12347.01,169.52,379.2
7608,218725.92,93004.0,47831.04,24886.05,371.63998,379.3
7609,218538.88,102472.0,46429.742,20829.201,412.38998,379.3
7610,187776.95,103912.0,47644.2,14431.66,311.33,379.3
7611,7722.4,7560.0,4183.14,65.74,132.03,379.4
7612,169479.52,92431.0,58363.28,21817.03,487.37,379.4
7613,262143.0,114344.0,64226.25,23304.83,466.18,379.5
7614,180405.12,99223.0,29249.11,18028.33,110.84,379.5
7615,191011.52,99874.0,39762.32,16768.89,257.54,379.5
7616,167257.44,95398.0,30631.38,10407.68,60.31,379.5
7617,248333.12,105528.0,41992.29,27320.16,374.9,379.5
7618,173187.84,97864.0,32222.98,20009.18,224.94,379.5
7619,201031.05,101564.0,32617.42,17092.4,193.97,379.6
7620,138634.72,76405.0,34546.37,15383.16,355.34,379.6
7621,262143.0,115691.0,73950.58,38956.14,568.87,379.6
7622,262143.0,101320.0,87005.164,12950.78,572.13,379.7
7623,262143.0,120809.0,178672.67,81730.39,1229.02,379.7
7624,236071.36,103728.0,29553.59,8404.34,241.24,379.7
7625,262143.0,114733.0,46711.73,25071.16,409.13,379.7
7626,186150.72,94654.0,30781.89,9264.15,295.03,379.8
7627,48204.8,32878.0,9755.47,-25.95,52.16,379.9
7628,163738.4,88159.0,36413.04,21417.4,264.06,380.0
7629,173632.48,94168.0,28849.48,11305.55,329.26,380.0
7630,118564.32,66501.0,31055.23,14604.66,184.19,380.1
7631,205653.28,102050.0,45595.88,7682.93,352.08,380.2
7632,223616.97,106229.0,39988.95,36515.11,309.7,380.3
7633,217528.64,104392.0,43390.13,19941.71,247.76,380.4
7634,125254.08,78748.0,48915.75,14903.95,414.02,380.5
7635,114551.36,68649.0,26815.0,12696.47,309.7,380.5
7636,32700.64,29556.0,6878.48,1411.68,47.27,380.5
7637,231974.4,110797.0,47784.332,20436.49,277.1,380.5
7638,150186.4,92392.0,20775.57,6428.68,244.5,380.6
7639,175356.16,98620.0,32875.19,15812.2,200.49,380.6
7640,182173.6,97212.0,38777.95,19535.16,262.43,380.7
7641,262143.0,92225.0,44483.492,26334.06,343.93,380.7
7642,31394.72,25393.0,7439.0,-17.3,61.94,380.7
7643,177935.52,98656.0,31660.73,16329.47,324.37,380.8
7644,194044.48,107622.0,27491.43,8937.18,277.1,380.8
7645,175520.8,84169.0,52417.27,15113.28,389.57,380.8
7646,230790.56,99888.0,50467.562,24668.07,381.42,380.8
7647,159748.95,93712.0,24304.77,9620.53,299.92,380.8
7648,161327.05,89578.0,29942.84,9227.82,91.28,380.8
7649,171958.08,94545.0,19628.58,8691.5205,177.67,380.9
7650,238703.36,97821.0,77258.34,32646.83,521.6,380.9
7651,200532.64,94233.0,39085.89,22192.44,290.13998,380.9
7652,216069.28,105844.0,37694.97,21031.61,278.73,380.9
7653,187699.69,96272.0,53361.85,15576.92,352.08,381.1
7654,235802.56,112804.0,49884.55,25408.51,353.71,381.1
7655,164222.23,92874.0,28316.64,11987.17,143.44,381.1
7656,262143.0,101328.0,58110.7,32859.62,355.34,381.1
7657,173755.69,97960.0,27271.72,12058.101,145.06999,381.1
7658,79552.48,51262.0,15294.93,4581.04,180.93,381.2
7659,206084.48,88237.0,21330.9,20505.69,228.2,381.2
7660,183940.95,98732.0,27922.201,7961.46,153.22,381.2
7661,207169.77,97949.0,43179.07,25820.25,474.33,381.2
7662,218575.84,107509.0,33082.79,18310.32,326.0,381.3
7663,183728.16,94837.0,36855.92,12033.88,283.62,381.3
7664,225654.23,107689.0,43052.78,15469.66,339.04,381.3
7665,165900.0,97574.0,30152.17,22592.07,259.17,381.3
7666,214309.77,107879.0,35662.22,7489.17,244.5,381.3
7667,185510.08,97986.0,22936.34,8120.62,190.71,381.3
7668,112969.92,59886.0,39783.082,28804.5,239.61,381.4
7669,200043.2,99946.0,52060.89,12532.12,397.72,381.4
7670,213859.52,101850.0,45448.832,19055.951,443.36,381.4
7671,175556.64,89726.0,48808.492,18094.07,392.83,381.4
7672,244110.72,104593.0,29394.43,24161.18,218.42,381.4
7673,10832.64,5249.0,23213.14,77.85,176.04,381.4
7674,168082.88,92233.0,33096.63,16933.24,440.1,381.4
7675,262143.0,110538.0,47748.0,14680.78,479.22,381.5
7676,236902.4,105928.0,53405.1,20732.32,495.52,381.5
7677,199556.0,102581.0,34262.65,19232.41,322.74,381.5
7678,178204.33,101660.0,25349.69,11653.28,118.99,381.5
7679,195385.12,97048.0,24932.76,15006.0205,203.75,381.5
7680,192516.8,91109.0,29816.55,17786.13,172.78,381.6
7681,126837.76,79174.0,17159.871,16488.63,221.68,381.6
7682,153882.4,88976.0,26527.82,9859.2705,239.61,381.6
7683,16123.5205,14289.0,1212.73,1624.47,17.93,381.6
7684,262143.0,101552.0,96440.58,30124.49,632.44,381.6
7685,262143.0,104636.0,63080.992,25891.18,506.93,381.6
7686,195200.33,96868.0,42985.31,25967.3,291.77,381.7
7687,262143.0,107661.0,166154.39,71827.87,1331.71,381.7
7688,262143.0,114376.0,83124.77,24285.74,534.64,381.7
7689,234836.0,91689.0,95470.055,59999.86,891.61,381.7
7690,88749.92,29980.0,155046.06,292.37,1033.42,381.7
7691,262143.0,102182.0,54905.01,37482.18,604.73,381.8
7692,185865.12,100355.0,33849.18,9852.351,272.21,381.8
7693,223433.28,104529.0,27309.781,15845.07,285.25,381.8
7694,176055.05,96847.0,36169.11,18792.99,339.04,381.8
7695,172896.64,81813.0,36999.51,18893.33,254.28,381.8
7696,198638.72,101241.0,26776.94,15836.42,200.49,381.8
7697,242512.48,88785.0,65738.27,61811.17,808.48,381.9
7698,214818.23,105417.0,30762.86,5058.52,298.29,381.9
7699,70601.44,40924.0,27711.14,119.37,314.59,381.9
7700,203172.48,95804.0,37362.81,10873.05,358.6,381.9
7701,52242.4,25828.0,34444.3,197.22,278.73,381.9
7702,239756.16,118323.0,54190.52,17447.05,373.27,382.0
7703,232018.08,107245.0,54488.082,18012.76,573.76,382.0
7704,163666.72,87440.0,16192.8,15632.28,197.23,382.0
7705,226024.97,104345.0,38634.36,12473.3,234.72,382.0
7706,235541.6,105933.0,96364.46,49292.89,523.23,382.1
7707,165861.92,102201.0,18701.3,16270.65,146.7,382.1
7708,260520.97,114540.0,61913.242,27979.291,404.24,382.1
7709,208843.05,102257.0,40096.21,18490.24,436.84,382.1
7710,172773.44,92255.0,45696.22,16132.25,461.29,382.1
7711,149111.2,86775.0,27967.18,8639.62,247.76,382.1
7712,184051.84,103266.0,33280.01,26230.26,246.13,382.2
7713,230548.64,106040.0,42251.79,20697.72,267.32,382.2
7714,220953.6,103736.0,31280.13,21152.71,303.18,382.2
7715,219595.05,107944.0,45990.32,18184.03,409.13,382.4
7716,196633.92,95009.0,39532.23,21080.05,283.62,382.6
7717,194070.23,97668.0,32577.63,17675.41,316.22,382.6
7718,187057.92,104296.0,46073.36,9169.0,329.26,382.6
7719,262143.0,113557.0,61008.45,15443.71,640.59,382.7
7720,182971.05,100163.0,28285.5,13997.43,265.69,382.8
7721,60230.242,35913.0,49670.03,278.53,431.95,382.8
7722,225424.64,101512.0,37890.46,23979.53,189.08,383.1
7723,203840.0,104453.0,38146.5,22983.05,228.2,383.2
7724,201062.4,93121.0,40478.54,4487.62,257.54,383.4
7725,176370.88,104404.0,28154.02,18891.6,252.65,383.4
7726,30945.6,16216.0,23884.38,13.84,91.28,383.7
7727,175834.4,94330.0,33435.71,19481.53,350.45,383.8
7728,219133.6,101812.0,34267.84,33468.582,435.21,383.8
7729,198926.56,94702.0,56420.492,13786.37,290.13998,383.8
7730,98847.84,65684.0,36200.25,18538.68,239.61,383.9
7731,226608.48,101522.0,39125.68,17609.67,280.36,384.0
7732,213213.28,105701.0,49773.832,20638.9,255.91,384.2
7733,195632.64,105823.0,30255.97,16825.98,366.75,384.3
7734,18671.52,10772.0,6478.85,15.57,44.01,384.4
7735,176684.48,94077.0,36499.54,20365.56,324.37,384.5
7736,191280.33,95801.0,47490.23,14794.96,391.2,384.6
7737,13316.8,13309.0,2941.0,543.22003,50.53,384.8
7738,150027.36,87825.0,14386.68,16109.76,101.06,384.9
7739,112225.12,72108.0,18685.73,10168.94,91.28,385.0
7740,166212.48,95180.0,29095.14,10347.13,143.44,385.0
7741,211874.88,107458.0,43993.902,19862.13,427.06,385.1
7742,111268.64,72377.0,17405.53,13613.37,215.16,385.2
7743,168479.36,93023.0,20133.74,13090.91,151.59,385.2
7744,149599.52,81084.0,26430.94,26823.65,211.9,385.2
7745,189418.88,100815.0,39831.52,9264.15,259.17,385.2
7746,216529.6,107441.0,37416.44,16132.25,244.5,385.3
7747,262143.0,106393.0,68900.71,34174.42,405.87,385.4
7748,170730.56,81633.0,31442.75,35764.29,405.87,385.5
7749,106084.164,66279.0,36755.582,6388.89,319.48,385.5
7750,162282.4,94012.0,23967.42,21842.98,172.78,385.7
7751,144228.0,87717.0,18407.201,8473.54,50.53,385.7
7752,234029.6,105713.0,42419.6,28517.32,415.65,385.8
7753,174228.33,96014.0,30778.43,13556.28,207.01,385.9
7754,155919.69,82416.0,38092.87,8132.73,299.92,386.0
7755,229793.77,109393.0,30589.86,22391.39,361.86,386.1
7756,126229.6,70016.0,45376.17,7594.7,389.57,386.2
7757,201387.2,96856.0,40061.61,20164.88,400.98,386.2
7758,204368.64,96208.0,40658.46,29501.69,374.9,386.2
7759,20632.64,11329.0,49794.59,117.64,342.3,386.3
7760,163590.56,96240.0,29380.59,9698.38,120.62,386.4
7761,161127.69,88081.0,29849.42,8196.74,275.47,386.6
7762,165303.05,94142.0,37220.95,8551.39,262.43,386.6
7763,180569.77,104004.0,25777.0,6682.99,242.87,386.6
7764,154686.56,91013.0,25546.91,10307.34,241.24,386.7
7765,168377.44,96326.0,35300.65,11094.49,304.81,386.8
7766,195244.0,103221.0,46040.492,10573.76,249.39,386.8
7767,6373.92,6460.0,5318.02,-3.46,48.9,386.9
7768,155805.44,89312.0,24124.85,7184.69,91.28,386.9
7769,208188.95,103453.0,50521.19,14833.0205,433.58,387.0
7770,205660.0,106911.0,24050.46,9663.78,277.1,387.0
7771,186462.08,101060.0,36665.62,20770.38,273.84,387.1
7772,133626.08,83545.0,20599.11,13795.0205,241.24,387.1
7773,172071.2,89997.0,33875.13,16275.84,280.36,387.3
7774,170638.72,98606.0,28998.26,11435.3,153.22,387.4
7775,262143.0,105433.0,71955.89,23427.66,446.62,387.5
7776,21837.76,16153.0,3799.08,55.36,60.31,387.6
7777,169949.92,93956.0,37181.16,19872.51,371.63998,387.6
7778,137356.8,83680.0,19360.43,10646.42,177.67,387.7
7779,181546.4,95169.0,26097.05,18467.75,224.94,387.7
7780,41681.92,30329.0,12148.061,188.57,133.66,387.8
7781,126434.56,27242.0,145662.55,121.1,658.52,387.9
7782,45687.04,34657.0,4222.93,4323.27,34.23,387.9
7783,164073.28,94672.0,25320.281,13848.65,226.56999,388.0
7784,230772.64,100284.0,90698.71,18716.871,709.05,388.1
7785,201957.28,93744.0,35743.53,15405.65,360.23,388.2
7786,134358.56,75761.0,40601.37,23579.9,358.6,388.3
7787,7108.64,5290.0,16362.34,74.39,133.66,388.3
7788,228040.97,107028.0,53268.43,11563.32,418.91,388.4
7789,243134.08,106620.0,39184.5,13158.38,324.37,388.5
7790,183784.16,98397.0,38084.22,22069.61,255.91,388.5
7791,126358.4,76670.0,15862.37,8348.98,207.01,388.5
7792,257628.0,110065.0,66047.94,13869.41,471.07,388.5
7793,236924.8,107644.0,42758.68,22887.9,350.45,388.6
7794,157084.48,92813.0,31285.32,20369.02,314.59,388.6
7795,142079.84,74904.0,24515.83,14116.8,223.31,388.7
7796,166732.16,96240.0,30461.84,9400.82,172.78,388.7
7797,216770.4,98824.0,58361.55,25278.76,363.49,388.7
7798,184428.16,100001.0,36418.23,20114.71,317.85,388.8
7799,143078.88,91505.0,19332.75,9149.97,182.56,388.8
7800,217142.23,106628.0,44860.63,24631.74,497.15,388.8
7801,168478.23,89660.0,55078.01,32508.43,630.81,388.9
7802,195974.23,95092.0,33511.832,6234.92,591.69,388.9
7803,237774.88,110118.0,53401.64,26517.44,399.35,388.9
7804,201757.92,99117.0,40814.16,20768.65,291.77,389.0
7805,22748.32,19822.0,2134.82,-48.440002,24.45,389.0
7806,230789.44,104979.0,47779.14,37373.19,293.4,389.0
7807,257846.4,108214.0,50114.64,16732.56,550.94,389.0
7808,183336.16,101213.0,55311.562,16109.76,259.17,389.1
7809,196683.2,104752.0,26053.8,19305.07,260.8,389.1
7810,201208.0,99781.0,36210.63,14703.2705,291.77,389.1
7811,222688.48,107321.0,59127.94,22045.39,314.59,389.2
7812,109485.6,63921.0,26031.31,11521.8,316.22,389.2
7813,137831.69,84099.0,20633.71,11419.73,120.62,389.2
7814,173355.84,95657.0,31048.31,15538.86,218.42,389.2
7815,197752.8,109281.0,24367.05,16448.84,133.66,389.2
7816,38262.56,23822.0,15838.15,102.07,163.0,389.2
7817,203014.56,111624.0,36553.17,20590.46,277.1,389.2
7818,195586.72,90036.0,58245.64,23771.93,392.83,389.3
7819,234802.4,103744.0,43606.38,12186.12,387.94,389.3
7820,207253.77,104813.0,28690.32,14213.68,283.62,389.3
7821,254664.48,109179.0,68073.77,18109.64,466.18,389.3
7822,170226.56,92654.0,32556.871,14215.41,278.73,389.4
7823,193794.72,100581.0,19813.69,14277.69,203.75,389.4
7824,262143.0,110425.0,65528.94,20891.48,451.51,389.4
7825,223478.08,105212.0,41499.242,9708.76,386.31,389.4
7826,211675.52,109160.0,28404.871,20566.24,218.42,389.4
7827,27025.6,7568.0,68618.72,69.2,260.8,389.4
7828,233477.44,103947.0,36371.52,22337.76,215.16,389.5
7829,174092.8,92489.0,18901.98,19549.0,224.94,389.5
7830,148032.64,78944.0,33880.32,10260.63,252.65,389.5
7831,230517.28,110345.0,48619.92,20611.22,355.34,389.6
7832,186951.52,98328.0,37264.2,20097.41,198.86,389.6
7833,193949.28,102182.0,32124.371,18535.22,324.37,389.6
7834,231869.12,105093.0,25986.33,28346.05,280.36,389.7
7835,227113.6,98205.0,36189.87,22472.701,303.18,389.7
7836,262143.0,127997.0,87131.45,43369.37,746.54,389.7
7837,203472.64,104647.0,32380.41,7849.0103,314.59,389.7
7838,184775.36,92336.0,39243.32,14523.351,363.49,389.7
7839,170797.77,94399.0,26654.11,15871.0205,251.02,389.7
7840,211139.05,106725.0,28432.55,11002.8,322.74,389.7
7841,168198.23,99127.0,29844.23,8733.04,265.69,389.8
7842,201984.16,93884.0,53218.26,19507.48,391.2,389.9
7843,40564.16,12093.0,87010.35,256.04,334.15,389.9
7844,184830.23,103505.0,33570.65,9495.97,255.91,389.9
7845,164104.64,96184.0,24482.96,12952.51,192.34,389.9
7846,262143.0,109653.0,60485.992,36466.67,474.33,390.0
7847,138681.77,81785.0,19529.97,8158.68,151.59,390.1
7848,133554.4,83988.0,27084.88,11027.0205,236.35,390.1
7849,205432.64,102256.0,34189.992,24963.9,348.82,390.1
7850,178103.52,95774.0,23263.31,17433.21,233.09,390.3
7851,100807.84,62347.0,20607.76,14030.3,242.87,390.3
7852,198513.28,96524.0,41229.36,12819.3,335.78,390.3
7853,189029.12,103608.0,23572.98,14876.2705,298.29,390.4
7854,190139.05,94984.0,71314.06,11367.83,469.44,390.5
7855,161468.16,95843.0,22457.13,13161.84,176.04,390.5
7856,190662.08,92314.0,36219.28,19716.81,371.63998,390.6
7857,200790.23,97113.0,51381.0,15841.61,281.99,390.6
7858,176476.16,95464.0,26873.82,17194.47,141.81,390.7
7859,212028.33,104066.0,50057.55,21728.8,259.17,390.7
7860,179452.0,93384.0,29095.14,12755.29,122.25,390.7
7861,121817.92,69704.0,36541.06,12803.73,177.67,390.7
7862,165876.48,85808.0,40018.36,17258.48,283.62,390.7
7863,188004.33,96853.0,33229.84,17360.55,255.91,390.8
7864,188768.16,100474.0,28391.031,16064.78,254.28,390.9
7865,207880.95,99234.0,36342.11,32683.16,281.99,390.9
7866,256404.97,116091.0,59153.89,27515.65,301.55,391.0
7867,202390.72,103444.0,30612.35,13331.38,145.06999,391.0
7868,51269.12,30837.0,14296.72,-10.38,-1.63,391.1
7869,171460.8,88589.0,28496.56,16659.9,285.25,391.1
7870,204200.64,108576.0,23929.36,21353.39,207.01,391.1
7871,156166.08,90316.0,28228.41,13845.19,213.53,391.1
7872,186253.77,104181.0,24846.26,15488.69,163.0,391.1
7873,80006.08,48215.0,30057.02,283.72,169.52,391.1
7874,188242.88,95200.0,29712.75,15952.33,260.8,391.1
7875,173994.23,88063.0,20554.13,11478.55,200.49,391.1
7876,199108.0,99789.0,33158.91,18614.8,211.9,391.1
7877,183341.77,91437.0,35485.76,12751.83,30.97,391.1
7878,173759.05,96053.0,28859.86,12013.12,146.7,391.2
7879,192464.16,101157.0,43033.75,14457.61,272.21,391.2
7880,193061.12,104396.0,37451.04,13997.43,244.5,391.2
7881,235637.92,101342.0,40255.37,24486.42,386.31,391.2
7882,160231.69,87666.0,26162.791,8585.99,236.35,391.2
7883,191969.12,104063.0,25832.36,14845.13,180.93,391.3
7884,194498.08,101879.0,37122.34,10210.46,254.28,391.3
7885,141995.84,82200.0,49033.39,25865.23,420.54,391.3
7886,147533.12,77373.0,26562.42,11494.12,247.76,391.3
7887,187800.48,94021.0,45120.13,11904.13,343.93,391.4
7888,241866.23,104510.0,55937.82,8442.4,404.24,391.4
7889,214413.92,108511.0,39847.09,21325.71,472.7,391.4
7890,262143.0,121055.0,50481.402,37347.242,489.0,391.4
7891,122081.12,75453.0,21652.68,8092.94,128.77,391.5
7892,178604.16,102724.0,32171.08,11739.78,249.39,391.5
7893,191424.8,103437.0,28724.92,11964.68,200.49,391.6
7894,209021.12,103132.0,46429.742,18332.81,280.36,391.6
7895,186493.44,83375.0,41568.44,16343.311,384.68,391.6
7896,150223.36,79996.0,33837.07,21021.23,228.2,391.6
7897,219359.84,102878.0,48154.55,18158.08,371.63998,391.6
7898,68781.44,46676.0,21363.77,268.15,583.54,391.6
7899,214156.33,108077.0,49097.402,10857.48,329.26,391.6
7900,219912.0,104421.0,39712.152,11118.71,301.55,391.7
7901,153791.69,84509.0,31463.51,6283.36,213.53,391.7
7902,253337.28,118976.0,68779.61,42345.21,591.69,391.7
7903,136153.92,81629.0,28304.531,13549.36,205.38,391.8
7904,192848.33,94688.0,42424.79,20664.85,378.16,391.8
7905,262143.0,111304.0,94063.56,49907.04,907.91,391.8
7906,234600.8,108369.0,40265.75,22206.28,281.99,391.8
7907,216015.52,103594.0,23519.35,9407.74,216.79,391.8
7908,199803.52,101072.0,38272.79,16457.49,322.74,391.8
7909,156932.16,97185.0,19948.63,11232.89,84.76,391.8
7910,262143.0,99923.0,140448.33,67956.13,1067.65,391.8
7911,262143.0,98572.0,76806.81,60742.03,1113.29,391.8
7912,203516.33,101213.0,31537.9,10411.14,363.49,391.8
7913,235509.12,108181.0,51083.44,19661.451,366.75,391.8
7914,188056.95,97725.0,34977.14,15800.09,309.7,391.9
7915,262143.0,120177.0,192744.48,153047.9,1776.7,392.0
7916,218937.6,109190.0,25661.09,12542.5,182.56,392.0
7917,128069.76,68433.0,110820.34,15481.7705,431.95,392.0
7918,206260.33,90481.0,54271.832,9736.44,472.7,392.1
7919,241663.52,110676.0,49270.402,13772.53,415.65,392.1
7920,188093.92,107301.0,42732.73,20417.46,322.74,392.1
7921,244528.48,108169.0,33529.13,23595.47,443.36,392.1
7922,262143.0,113620.0,98319.36,39224.29,1044.83,392.1
7923,262143.0,110897.0,55245.82,41509.62,596.58,392.1
7924,239996.97,110956.0,29979.17,13793.29,249.39,392.1
7925,223296.64,103437.0,33864.75,21685.55,363.49,392.2
7926,262143.0,109241.0,63947.723,30216.18,550.94,392.2
7927,262143.0,132344.0,71023.42,37679.402,692.75,392.2
7928,262143.0,123460.0,69319.37,51733.92,635.7,392.2
7929,207084.64,107164.0,48235.86,15149.61,278.73,392.3
7930,152389.44,92268.0,15217.08,12163.63,81.5,392.3
7931,174138.72,89784.0,33679.64,9431.96,290.13998,392.4
7932,192513.44,95535.0,39862.66,16772.35,337.41,392.4
7933,30649.92,21268.0,14042.41,404.82,174.41,392.5
7934,262143.0,110369.0,42971.47,18464.291,500.41,392.6
7935,223048.0,99962.0,56074.492,16125.33,436.84,392.6
7936,255738.56,95597.0,33641.582,28679.94,400.98,392.7
7937,205987.05,97844.0,52993.36,23585.09,586.8,392.7
7938,11049.92,8804.0,6490.96,29.41,50.53,392.7
7939,155594.88,86565.0,25659.36,12336.63,130.4,392.8
7940,91350.56,73252.0,18235.93,7231.4,88.02,392.8
7941,262143.0,101972.0,72208.47,51585.14,775.88,392.8
7942,178520.16,88198.0,33660.61,16054.4,257.54,392.8
7943,235836.16,114564.0,48855.2,23671.59,479.22,392.9
7944,156265.77,88252.0,28254.36,8054.88,215.16,392.9
7945,194788.16,94068.0,46993.72,14194.65,264.06,393.0
7946,168359.52,93349.0,37765.902,21650.951,306.44,393.1
7947,204314.88,96764.0,30771.51,9945.7705,208.64,393.1
7948,212117.92,100924.0,52822.09,6208.97,436.84,393.1
7949,262143.0,99870.0,56532.94,43459.332,467.81,393.1
7950,39756.64,14550.0,56534.67,131.48,516.71,393.2
7951,199395.84,102048.0,35679.52,24410.3,332.52,393.2
7952,246302.56,102989.0,54105.75,16313.9,288.51,393.2
7953,191472.95,99660.0,51015.97,17023.2,290.13998,393.3
7954,164595.2,89556.0,37042.76,17168.52,228.2,393.3
7955,252763.84,92253.0,135689.1,25216.48,971.48,393.3
7956,161900.48,93373.0,28908.3,7567.02,148.33,393.3
7957,167306.72,84432.0,41966.34,28678.21,268.95,393.3
7958,157483.2,82692.0,30368.42,13559.74,304.81,393.3
7959,228288.48,112481.0,58951.48,20377.67,446.62,393.4
7960,201040.0,94480.0,30143.52,10791.74,291.77,393.4
7961,235299.69,103369.0,35426.94,20471.09,402.61,393.4
7962,262143.0,104200.0,100023.414,19666.64,999.19,393.4
7963,133265.44,17593.0,262143.0,1319.99,2356.98,393.4
7964,167534.08,89821.0,35378.5,10798.66,251.02,393.5
7965,182440.16,94242.0,22830.81,19074.98,237.98,393.6
7966,170133.6,85724.0,31965.21,12817.57,231.46,393.7
7967,190177.12,99498.0,44943.67,24104.09,407.5,393.7
7968,218739.36,107205.0,33376.89,14019.92,257.54,393.8
7969,123114.88,68144.0,40845.3,17753.26,262.43,393.8
7970,166997.6,91045.0,31024.09,6407.92,218.42,393.8
7971,262143.0,105521.0,67783.13,45983.402,868.79,393.9
7972,155783.05,91791.0,16372.72,11620.41,171.15,394.0
7973,160620.33,84728.0,33714.242,12798.54,360.23,394.0
7974,182930.72,103317.0,32048.25,19630.31,239.61,394.1
7975,241027.36,111904.0,55958.582,23270.23,304.81,394.1
7976,99998.08,62701.0,78687.32,38108.44,526.49,394.3
7977,170269.12,92938.0,21903.53,14537.19,278.73,394.3
7978,177246.72,99584.0,31908.121,13703.33,383.05,394.3
7979,180300.95,89621.0,44659.95,19675.291,322.74,394.3
7980,193459.84,91856.0,45414.23,11995.82,208.64,394.4
7981,185288.33,102333.0,43250.0,4439.18,262.43,394.4
7982,199788.95,101972.0,37717.46,15575.19,239.61,394.6
7983,146478.08,78484.0,21915.64,14279.42,120.62,394.6
7984,189370.72,103980.0,35046.34,18997.13,262.43,394.6
7985,125351.52,75745.0,32709.111,14047.601,296.66,394.7
7986,191751.84,103017.0,32613.96,19109.58,141.81,394.7
7987,239004.64,106860.0,44436.78,26534.74,339.04,394.7
7988,261359.84,119396.0,75369.18,41421.39,524.86,394.7
7989,185195.36,84200.0,57641.87,29266.41,482.48,394.9
7990,174064.8,95413.0,31830.27,6127.66,237.98,394.9
7991,166544.0,89201.0,34956.38,20907.05,273.84,395.1
7992,185843.84,104276.0,31188.44,14532.0,233.09,395.1
7993,166240.48,95749.0,17985.08,10933.601,193.97,395.1
7994,193254.88,99945.0,30776.701,15049.2705,185.81999,395.2
7995,14250.88,7929.0,23439.77,38.06,252.65,395.2
7996,163553.6,93284.0,25171.5,12218.99,308.07,395.2
7997,188151.05,101613.0,34376.832,8871.44,166.26,395.4
7998,192961.44,89758.0,42365.97,17685.791,291.77,395.5
7999,155682.23,93857.0,26801.16,10755.41,163.0,395.5
8000,262143.0,107726.0,67092.86,25536.531,343.93,395.5
8001,12044.48,7124.0,1790.55,1005.13,32.6,395.5
8002,223840.97,111958.0,43314.01,14942.01,373.27,395.5
8003,173237.12,91602.0,38104.98,11706.91,353.71,395.7
8004,236069.12,107224.0,35089.59,22981.32,356.97,395.7
8005,237427.69,105868.0,35297.19,15748.19,335.78,395.7
8006,206094.56,100284.0,23728.68,12411.0205,247.76,395.8
8007,179381.44,97183.0,27347.84,13333.11,291.77,395.9
8008,262143.0,113105.0,44576.91,17749.8,298.29,395.9
8009,204612.8,102145.0,50823.94,34980.6,427.06,395.9
8010,65936.64,29796.0,43775.92,323.51,443.36,396.0
8011,234200.97,100029.0,39388.64,21891.42,467.81,396.0
8012,188416.48,97340.0,36951.07,23290.99,353.71,396.2
8013,53025.28,30912.0,25770.08,174.73,262.43,396.3
8014,200295.2,108236.0,45794.832,32648.56,418.91,396.3
8015,227214.4,105819.0,45696.22,18735.9,278.73,396.4
8016,155224.16,96318.0,12855.63,8006.44,61.94,396.4
8017,52218.88,30860.0,15589.03,153.97,177.67,396.4
8018,249805.92,116188.0,76517.9,15142.69,503.67,396.4
8019,177100.0,97684.0,37091.2,13976.67,314.59,396.6
8020,196992.33,90565.0,56541.59,30833.791,536.27,396.6
8021,133303.52,75016.0,33093.17,17161.6,379.79,396.8
8022,191596.16,96968.0,28880.621,19749.68,205.38,396.9
8023,165285.12,92871.0,27475.86,24093.71,259.17,397.0
8024,175551.05,94929.0,31634.781,11973.33,358.6,397.1
8025,158375.84,84857.0,22180.33,17154.68,249.39,397.1
8026,144187.69,88427.0,30249.05,15599.41,180.93,397.2
8027,134992.48,73053.0,37565.22,29098.6,319.48,397.2
8028,16552.48,15077.0,1726.54,1811.31,53.79,397.3
8029,136356.64,87064.0,23323.86,20829.201,211.9,397.3
8030,193905.6,92957.0,37348.97,15739.54,329.26,397.4
8031,187759.05,95400.0,29666.041,24256.33,311.33,397.4
8032,131545.12,80596.0,45886.52,17310.38,396.09,397.4
8033,262143.0,106586.0,85050.26,22550.55,717.2,397.4
8034,95088.0,60240.0,29477.47,11353.99,249.39,397.4
8035,144161.92,91373.0,28479.26,15156.53,213.53,397.5
8036,170979.2,90561.0,35696.82,15083.87,270.58,397.5
8037,259346.08,104597.0,39513.2,33970.28,268.95,397.5
8038,133906.08,80744.0,20554.13,9734.71,112.47,397.7
8039,161909.44,82262.0,46298.26,9598.04,378.16,397.7
8040,167385.12,97380.0,36184.68,4051.6602,246.13,397.8
8041,229480.16,105196.0,36783.26,9693.19,298.29,397.9
8042,229955.05,106848.0,44090.78,27086.61,386.31,398.0
8043,6749.12,5017.0,10900.73,-8.65,58.68,398.0
8044,189968.8,104717.0,31364.9,15002.561,221.68,398.1
8045,154299.05,89947.0,27823.59,8925.07,143.44,398.1
8046,211201.77,83203.0,67542.664,38559.97,433.58,398.1
8047,60051.04,38791.0,31466.97,214.52,218.42,398.1
8048,235530.4,103485.0,43438.57,15031.97,264.06,398.2
8049,200676.0,100712.0,34992.71,5726.3003,205.38,398.2
8050,159191.2,95521.0,20443.41,9134.4,197.23,398.2
8051,239453.77,107511.0,33290.39,22702.791,278.73,398.3
8052,59851.68,46945.0,4319.81,-24.220001,17.93,398.3
8053,172949.28,94008.0,36392.28,14620.23,224.94,398.3
8054,204344.0,97097.0,36485.7,22405.23,286.88,398.3
8055,246318.23,109816.0,37760.71,34008.34,303.18,398.3
8056,175866.88,100704.0,20619.871,9613.61,133.66,398.4
8057,224160.16,105497.0,29633.17,24335.91,231.46,398.4
8058,201293.12,98057.0,47644.2,20144.121,462.92,398.4
8059,54437.6,23458.0,31167.68,237.01001,213.53,398.4
8060,205294.88,106900.0,43805.332,9736.44,454.77,398.5
8061,262143.0,110693.0,41940.39,22680.3,348.82,398.5
8062,217256.48,98845.0,42493.992,19592.25,368.38,398.5
8063,206904.33,100073.0,42703.32,17251.56,180.93,398.5
8064,262143.0,112521.0,71231.02,18218.63,502.04,398.6
8065,73888.64,45737.0,40675.76,294.1,321.11,398.6
8066,195830.88,108509.0,44563.07,6183.02,308.07,398.6
8067,178998.4,89700.0,46374.38,15101.17,241.24,398.6
8068,162351.84,86229.0,32434.041,15770.68,164.63,398.6
8069,219121.28,102290.0,39682.742,15535.4,270.58,398.7
8070,196357.28,101256.0,27339.19,22278.94,228.2,398.7
8071,262143.0,99469.0,65769.414,13172.22,456.4,398.7
8072,217308.0,113053.0,35411.37,12052.91,337.41,398.7
8073,180579.84,99788.0,27553.71,14037.22,286.88,398.7
8074,174354.88,100141.0,24036.621,13113.4,184.19,398.7
8075,186099.2,96288.0,46341.51,11257.11,360.23,398.7
8076,188974.23,98188.0,47943.492,8004.71,262.43,398.7
8077,224431.2,97629.0,57740.48,18912.36,360.23,398.8
8078,166296.48,97516.0,35579.18,10137.8,140.18,398.8
8079,169174.88,96853.0,21720.15,8573.88,176.04,398.8
8080,194057.92,103388.0,31101.94,18863.92,308.07,398.8
8081,170088.8,88030.0,34094.84,14346.891,128.77,398.8
8082,247639.84,101374.0,57737.02,29145.31,508.56,398.8
8083,204579.2,101757.0,35625.89,2724.75,343.93,398.9
8084,262143.0,123756.0,149117.36,59671.16,1202.94,398.9
8085,210219.52,104433.0,54216.47,13039.01,379.79,398.9
8086,194685.12,94617.0,64286.8,10194.89,529.75,398.9
8087,171943.52,91899.0,27996.59,11847.04,177.67,399.0
8088,234296.16,97512.0,44128.84,10409.41,260.8,399.0
8089,158090.23,85347.0,22514.22,24745.92,220.05,399.0
8090,49405.44,9963.0,27185.22,361.57,684.6,399.0
8091,262143.0,104397.0,70085.76,36909.55,697.64,399.0
8092,144450.88,83856.0,21900.07,13265.641,133.66,399.0
8093,147657.44,71744.0,39426.7,10592.79,433.58,399.0
8094,209937.28,106114.0,46671.94,22393.121,358.6,399.1
8095,97602.4,62049.0,27650.59,15921.19,322.74,399.1
8096,245048.16,115761.0,33622.55,4222.93,396.09,399.1
8097,159234.88,88932.0,24932.76,11805.5205,167.89,399.2
8098,153086.08,87707.0,40810.7,20772.11,326.0,399.3
8099,204918.56,99055.0,33023.97,11736.32,383.05,399.4
8100,186567.36,88554.0,62373.42,13194.71,352.08,399.6
8101,206101.28,98870.0,44928.1,18568.09,321.11,399.7
8102,178554.88,89651.0,37115.42,25389.48,329.26,399.7
8103,262143.0,93797.0,59186.76,39405.94,647.11,399.7
8104,197452.64,99832.0,41663.59,34089.65,291.77,399.7
8105,166894.56,94176.0,27974.1,13146.2705,154.85,399.8
8106,171990.56,92809.0,41831.402,16782.73,306.44,399.8
8107,169512.0,86777.0,61193.562,7013.42,360.23,399.8
8108,216602.4,96952.0,54846.19,38845.42,334.15,399.9
8109,177233.28,88858.0,36030.71,10011.51,244.5,400.0
8110,6379.52,5187.0,9174.19,131.48,63.57,400.0
8111,208068.0,95179.0,44966.16,18798.18,425.43,400.0
8112,176037.12,96804.0,30396.1,18076.77,130.4,400.1
8113,179956.0,87564.0,32721.22,7075.7,122.25,400.1
8114,262143.0,97578.0,73959.234,34864.69,531.38,400.2
8115,196944.16,99224.0,19843.1,14267.311,176.04,400.2
8116,190795.36,97200.0,28188.621,17595.83,272.21,400.3
8117,214450.88,103868.0,34382.02,7416.5103,205.38,400.3
8118,186230.23,100054.0,28612.47,14163.51,317.85,400.3
8119,28605.92,18766.0,30922.02,65.74,208.64,400.3
8120,130640.164,79490.0,28797.58,17748.07,265.69,400.4
8121,247245.6,111292.0,50690.73,16447.11,577.02,400.4
8122,183592.64,85529.0,59685.0,11627.33,400.98,400.7
8123,179827.2,84736.0,60562.11,26775.21,438.47,400.7
8124,219391.2,93042.0,85570.99,9643.0205,769.36,400.9
8125,184150.4,92104.0,28757.791,12682.63,229.83,400.9
8126,104322.4,60224.0,32807.72,9091.15,308.07,401.1
8127,193999.69,96891.0,25150.74,18753.201,280.36,401.1
8128,8107.68,7664.0,3489.4102,200.68001,114.1,401.2
8129,202485.92,106953.0,33695.21,28278.58,241.24,401.2
8130,157112.48,95800.0,18189.22,9054.82,237.98,401.2
8131,198220.95,105196.0,63103.48,12156.71,577.02,401.3
8132,169207.36,101886.0,26347.9,6868.1,88.02,401.3
8133,27434.4,18249.0,1707.51,-15.57,-17.93,401.3
8134,224107.52,113348.0,45870.95,18270.53,464.55,401.4
8135,154097.44,90541.0,30063.94,17485.11,208.64,401.5
8136,85186.08,24415.0,62864.742,128.02,402.61,401.5
8137,231828.8,112340.0,69353.97,28712.81,343.93,401.5
8138,201013.12,99245.0,24747.65,12680.9,247.76,401.5
8139,210049.28,109540.0,33103.55,15140.96,296.66,401.6
8140,48871.2,11082.0,91113.914,110.72,518.34,401.6
8141,11478.88,10606.0,4913.2,36.33,102.69,401.6
8142,192865.12,97424.0,41378.14,4280.02,396.09,401.7
8143,150162.88,77771.0,53076.402,23785.77,335.78,401.7
8144,206115.84,101525.0,44296.652,19834.451,286.88,401.7
8145,262143.0,99497.0,59686.73,25408.51,449.88,401.7
8146,196189.28,97736.0,38297.01,16372.72,314.59,401.8
8147,199141.6,100573.0,38445.79,23834.21,335.78,401.8
8148,228357.92,111682.0,32044.791,19126.88,314.59,401.9
8149,209400.8,102188.0,37480.45,10395.57,321.11,402.0
8150,105063.84,62263.0,29167.8,19427.9,182.56,402.0
8151,192150.56,93560.0,37108.5,15416.03,278.73,402.1
8152,166192.33,88120.0,40366.09,10589.33,205.38,402.1
8153,119472.64,69825.0,29894.4,14789.7705,278.73,402.1
8154,192254.72,92013.0,38233.0,14914.33,370.01,402.2
8155,257340.16,98628.0,74777.52,22188.98,487.37,402.2
8156,219766.4,103293.0,40104.86,23657.75,265.69,402.2
8157,201442.08,104049.0,38760.652,16786.19,335.78,402.2
8158,195548.64,105830.0,28036.38,14516.43,327.63,402.2
8159,162532.16,91005.0,25839.281,15260.33,187.45,402.3
8160,170642.08,85921.0,34523.88,22147.46,345.56,402.3
8161,182404.33,99512.0,31375.281,15393.54,161.37,402.3
8162,161249.77,86891.0,23619.69,5925.25,218.42,402.4
8163,160079.36,80152.0,51777.17,21401.83,392.83,402.4
8164,185637.77,91233.0,59468.75,24330.72,550.94,402.4
8165,159927.05,78438.0,38549.59,23164.701,345.56,402.4
8166,262143.0,107457.0,94923.37,18023.14,663.41,402.4
8167,262143.0,90564.0,80884.42,32966.88,629.18,402.4
8168,181385.12,88345.0,38703.56,9682.811,321.11,402.5
8169,195261.92,99465.0,54302.97,14192.92,550.94,402.5
8170,207101.44,101228.0,40329.76,9681.08,247.76,402.5
8171,204488.48,20184.0,262143.0,679.89,2371.65,402.6
8172,174699.84,82673.0,39364.42,12750.101,422.17,402.6
8173,248765.44,105881.0,59930.66,24102.36,451.51,402.6
8174,205051.84,98214.0,46865.7,18810.291,360.23,402.6
8175,216917.12,99562.0,70340.07,25401.59,531.38,402.6
8176,241474.23,111894.0,46279.23,27353.031,299.92,402.6
8177,196007.84,91907.0,31916.77,28328.75,236.35,402.6
8178,208737.77,102589.0,50654.402,10660.26,356.97,402.6
8179,166796.0,87783.0,44531.93,22528.06,355.34,402.7
8180,202347.05,92268.0,37393.95,7037.64,374.9,402.7
8181,242776.8,100877.0,46917.6,27699.031,519.97,402.7
8182,245955.36,108793.0,48789.46,20263.49,370.01,402.7
8183,229616.8,100320.0,28456.77,19036.92,202.12,402.8
8184,8525.44,8116.0,3556.8801,83.04,9.78,402.8
8185,188890.23,106764.0,30200.61,16865.77,220.05,402.8
8186,249817.12,120862.0,85150.6,28141.91,686.23,402.9
8187,105053.76,55712.0,47805.09,262.96,371.63998,402.9
8188,215471.2,106944.0,36549.71,10547.811,296.66,403.0
8189,212544.64,109296.0,27020.871,21659.6,246.13,403.1
8190,179362.4,95337.0,35420.02,8864.5205,221.68,403.1
8191,244908.16,109560.0,51541.89,28743.951,365.12,403.2
8192,188674.08,104773.0,32927.09,16467.871,207.01,403.2
8193,163828.0,93202.0,45838.082,16616.65,281.99,403.2
8194,14693.28,8705.0,1290.58,1643.5,37.49,403.3
8195,153948.48,87413.0,40369.55,12156.71,228.2,403.3
8196,170468.48,97309.0,23247.74,13622.0205,120.62,403.3
8197,256880.97,99952.0,51910.38,24194.05,418.91,403.3
8198,229250.56,101676.0,45481.7,25045.21,435.21,403.4
8199,117285.28,66485.0,47036.97,19459.041,374.9,403.4
8200,262143.0,93829.0,164984.9,70763.92,1048.09,403.4
8201,142959.05,74804.0,40777.832,12853.9,231.46,403.5
8202,200196.64,87880.0,77232.39,16578.59,656.89,403.6
8203,178312.95,93604.0,29942.84,9720.87,236.35,403.7
8204,231306.88,103805.0,40182.71,16004.23,295.03,403.7
8205,213076.64,101454.0,35708.93,13042.47,247.76,403.7
8206,159949.44,87658.0,28837.371,10277.93,249.39,403.7
8207,229265.12,86441.0,85842.6,29861.531,883.46,403.8
8208,177523.36,92791.0,30681.55,15467.93,239.61,403.8
8209,190993.6,99848.0,37803.96,17287.89,237.98,403.8
8210,173414.08,90462.0,40293.43,10992.42,321.11,403.8
8211,170950.08,94902.0,25195.72,11651.55,205.38,403.8
8212,194130.72,97927.0,19510.94,10591.061,117.36,403.9
8213,161081.77,92364.0,25296.06,11720.75,233.09,404.0
8214,62136.48,43342.0,31965.21,166.08,301.55,404.0
8215,262143.0,109204.0,50628.45,29275.06,387.94,404.0
8216,196468.16,91897.0,39700.04,10862.67,254.28,404.0
8217,174031.2,89413.0,26484.57,12506.17,220.05,404.1
8218,213416.0,103224.0,42589.14,21901.8,334.15,404.1
8219,37663.36,34829.0,1468.77,1678.1,3.26,404.1
8220,184265.77,102466.0,35553.23,17246.371,172.78,404.2
8221,251294.4,105729.0,52912.05,28107.31,386.31,404.2
8222,204792.0,99768.0,43777.652,13137.62,379.79,404.3
8223,142240.0,86205.0,37715.73,7067.0503,265.69,404.3
8224,258565.44,113185.0,90847.49,26930.91,681.34,404.4
8225,117490.24,72720.0,38066.92,16208.37,203.75,404.4
8226,125403.04,67457.0,44102.89,15964.44,356.97,404.4
8227,173565.28,95444.0,28216.3,7432.08,296.66,404.5
8228,244801.77,103878.0,57847.742,33157.18,526.49,404.5
8229,190223.05,96791.0,39118.76,14284.61,241.24,404.5
8230,158133.92,92807.0,31972.13,14419.55,337.41,404.6
8231,212858.23,100013.0,46587.17,19286.041,376.53,404.6
8232,225541.12,99892.0,43243.082,12808.92,275.47,404.6
8233,226296.0,102641.0,73938.47,5667.48,371.63998,404.6
8234,165213.44,96093.0,22081.72,7748.67,127.14,404.7
8235,207366.88,100612.0,46765.36,19415.791,422.17,404.7
8236,215169.92,105293.0,45654.7,18536.951,233.09,404.7
8237,176702.4,99532.0,25389.48,11911.05,205.38,404.8
8238,229244.97,101825.0,48900.18,15507.72,311.33,404.8
8239,169003.52,93252.0,21915.64,27641.94,270.58,404.8
8240,144786.88,79136.0,18912.36,19697.78,125.51,404.8
8241,181819.69,94525.0,30833.791,18957.34,257.54,404.8
8242,182224.0,95045.0,33124.31,9345.46,301.55,404.8
8243,191537.92,103028.0,33165.832,19263.55,251.02,404.9
8244,207622.23,97314.0,31645.16,14222.33,322.74,404.9
8245,230394.08,103036.0,39381.72,18884.68,306.44,405.0
8246,193828.33,95812.0,34892.37,15933.3,342.3,405.0
8247,174482.56,98024.0,32805.992,10855.75,141.81,405.0
8248,205344.16,100813.0,41867.73,24391.27,298.29,405.0
8249,210894.88,96612.0,31757.61,13656.62,312.96,405.1
8250,212804.48,108313.0,26631.621,8603.29,335.78,405.1
8251,262143.0,103445.0,67324.68,34876.8,795.44,405.1
8252,190300.33,88252.0,50291.1,11945.65,510.19,405.1
8253,212713.77,107033.0,37366.27,19817.15,195.6,405.1
8254,262143.0,106932.0,60086.36,31830.27,637.33,405.2
8255,233120.16,104097.0,58155.68,12018.311,593.32,405.2
8256,192877.44,100657.0,37591.17,15338.18,304.81,405.2
8257,182212.8,93586.0,45758.5,10786.55,446.62,405.3
8258,182565.6,99155.0,49062.8,30492.98,533.01,405.3
8259,197862.56,97448.0,44448.89,15585.57,301.55,405.3
8260,203104.16,97584.0,29422.11,16957.46,246.13,405.3
8261,221717.44,108561.0,46734.22,19138.99,425.43,405.4
8262,211169.28,104648.0,32063.82,17184.09,363.49,405.4
8263,262143.0,107937.0,106978.01,40049.5,673.19,405.4
8264,190531.05,96368.0,48504.01,6819.66,396.09,405.4
8265,143712.8,73991.0,51344.67,28318.371,278.73,405.5
8266,262143.0,111557.0,147242.03,73902.14,1162.19,405.5
8267,5505.92,5693.0,1532.78,723.14,6.52,405.6
8268,221941.44,103210.0,52957.03,26209.5,326.0,405.6
8269,262143.0,107676.0,90043.04,19524.78,648.74,405.6
8270,155329.44,83365.0,41058.09,9956.15,348.82,405.7
8271,210266.56,102892.0,42807.12,18507.541,277.1,405.7
8272,183895.05,101839.0,25221.67,23792.69,231.46,405.7
8273,209534.08,88501.0,38042.7,30700.58,500.41,405.7
8274,190152.48,101829.0,31896.01,14398.79,352.08,405.7
8275,145741.12,80921.0,23432.85,13556.28,267.32,405.7
8276,191400.16,103648.0,29951.49,10250.25,187.45,405.7
8277,181610.23,96669.0,33729.81,17834.57,299.92,405.7
8278,262143.0,107526.0,119267.93,54034.82,868.79,405.7
8279,203622.72,101645.0,39144.71,15007.75,198.86,405.7
8280,198397.92,109429.0,32145.13,29088.22,264.06,405.7
8281,144992.95,53732.0,46377.84,10222.57,278.73,405.9
8282,213132.64,105668.0,44710.12,21138.871,321.11,405.9
8283,106357.44,23149.0,217445.44,325.24,1522.42,405.9
8284,176897.28,93941.0,34075.81,18735.9,299.92,406.0
8285,197563.52,102683.0,38843.69,20877.64,242.87,406.0
8286,170934.4,96146.0,16078.62,12440.43,138.55,406.1
8287,178362.23,88700.0,47616.52,21323.98,418.91,406.2
8288,215736.64,98001.0,29536.291,17353.63,172.78,406.2
8289,25949.28,6209.0,64015.19,114.18,326.0,406.3
8290,9176.16,5648.0,3882.12,-8.65,42.38,406.4
8291,35891.52,25192.0,31790.48,17.3,195.6,406.4
8292,262143.0,86864.0,56276.902,40556.39,523.23,406.5
8293,54648.16,32556.0,17097.59,95.15,117.36,406.5
8294,204823.36,99057.0,41542.492,7496.09,415.65,406.6
8295,245047.05,111359.0,51979.582,20424.38,285.25,406.8
8296,188553.12,95236.0,38615.332,15530.21,288.51,407.1
8297,236365.92,102487.0,58261.21,13047.66,567.24,407.2
8298,177591.69,97327.0,19256.63,14869.351,187.45,407.3
8299,191994.88,94212.0,37195.0,5184.81,335.78,407.3
8300,163530.08,82937.0,36862.84,15211.891,207.01,407.3
8301,230359.36,108276.0,52393.05,19208.19,293.4,407.3
8302,262143.0,107752.0,75230.78,29093.41,617.77,407.4
8303,187996.48,98015.0,28522.51,12609.97,277.1,407.5
8304,200774.56,101836.0,37144.832,13052.851,332.52,407.5
8305,208887.84,99043.0,32738.52,28223.22,200.49,407.5
8306,160532.95,94972.0,24972.55,8636.16,169.52,407.6
8307,204537.77,104256.0,35099.97,16663.36,268.95,407.6
8308,168472.64,90300.0,27340.92,10847.101,171.15,407.6
8309,176665.44,99519.0,21356.85,6747.0,200.49,407.6
8310,184860.48,97888.0,36016.87,20140.66,301.55,407.7
8311,221747.69,102858.0,44002.55,18443.53,319.48,407.7
8312,218881.6,104777.0,37733.03,17343.25,141.81,407.7
8313,203703.36,104630.0,24218.27,8452.78,197.23,407.7
8314,245148.97,107236.0,36710.6,18739.36,327.63,407.7
8315,150178.56,90589.0,18296.48,8118.89,138.55,407.8
8316,197280.16,98185.0,31762.8,13789.83,202.12,407.8
8317,128255.68,72444.0,30389.18,16559.56,370.01,407.8
8318,118345.92,70007.0,36397.47,13424.8,120.62,407.8
8319,182674.23,100969.0,22766.8,32086.31,192.34,407.9
8320,182852.33,100424.0,74651.234,12355.66,453.13998,407.9
8321,262143.0,93829.0,61894.21,20979.71,557.46,407.9
8322,181015.52,98058.0,28280.31,11821.09,221.68,407.9
8323,188147.69,95977.0,25598.81,14097.7705,326.0,408.0
8324,227757.6,107541.0,34172.69,17990.27,176.04,408.0
8325,56153.44,38455.0,34098.3,223.17,267.32,408.1
8326,244493.77,100988.0,36767.69,15720.51,360.23,408.1
8327,262143.0,111210.0,76083.67,52873.992,756.32,408.1
8328,98076.164,44912.0,30062.21,975.72003,293.4,408.2
8329,188643.84,103049.0,32586.281,17118.35,203.75,408.3
8330,199911.05,103135.0,26430.94,16870.96,259.17,408.3
8331,192449.6,102173.0,33342.29,9940.58,249.39,408.4
8332,216200.33,107280.0,45111.48,16521.5,293.4,408.4
8333,195863.36,90268.0,30880.5,6836.96,228.2,408.5
8334,262143.0,110210.0,121067.13,19905.38,1043.2,408.5
8335,216672.95,74820.0,59719.6,39160.28,453.13998,408.6
8336,44232.16,33687.0,15516.37,221.44,586.8,408.6
8337,162172.64,98700.0,16113.22,19465.96,228.2,408.6
8338,8107.68,7567.0,2755.8901,143.59,316.22,408.7
8339,203035.84,107675.0,43986.98,13971.48,329.26,408.7
8340,122165.12,75484.0,20561.05,10483.8,86.39,408.7
8341,112011.2,61121.0,41942.12,1252.52,190.71,408.7
8342,138735.52,73125.0,38362.75,25187.07,270.58,408.8
8343,178785.6,90165.0,45343.3,28652.26,270.58,408.8
8344,194255.05,96985.0,36082.61,18716.871,314.59,408.8
8345,96221.44,61016.0,19042.11,16263.73,216.79,408.9
8346,188695.36,98972.0,38824.66,16933.24,299.92,408.9
8347,157306.23,82501.0,40514.87,20550.67,252.65,409.0
8348,171305.12,99529.0,27648.86,9788.34,249.39,409.0
8349,184867.2,95099.0,41753.55,12582.29,216.79,409.0
8350,238096.33,102019.0,43791.492,5850.86,402.61,409.1
8351,168582.4,93536.0,26297.73,10924.95,249.39,409.2
8352,204965.6,102500.0,51149.18,11324.58,348.82,409.3
8353,183963.36,94749.0,33812.85,13447.29,304.81,409.4
8354,159992.0,95407.0,26444.781,11298.63,164.63,409.4
8355,60730.88,36475.0,38585.92,406.55002,397.72,409.5
8356,202531.84,93204.0,55818.45,21898.34,391.2,409.6
8357,241540.33,106407.0,51112.85,19573.22,229.83,409.6
8358,262143.0,111759.0,82038.33,46492.02,583.54,409.6
8359,188751.36,97587.0,42905.73,9675.89,275.47,409.6
8360,194314.4,101072.0,35001.36,12760.48,304.81,409.6
8361,152125.12,93488.0,25925.781,14628.88,268.95,409.6
8362,191415.84,98988.0,30878.77,13613.37,278.73,409.6
8363,171842.72,79898.0,44924.64,7790.19,379.79,409.7
8364,177385.6,97901.0,32581.09,6008.29,255.91,409.7
8365,217526.4,108316.0,36328.27,25465.6,200.49,409.7
8366,164090.08,92460.0,33759.22,4610.45,312.96,409.8
8367,222975.2,93156.0,53221.72,12589.21,534.64,409.8
8368,197545.6,105050.0,50557.52,21235.75,409.13,409.8
8369,199704.95,96672.0,48440.0,7151.8203,322.74,409.9
8370,262143.0,103349.0,102045.78,23889.57,790.55,409.9
8371,61640.32,42961.0,20789.41,126.29,185.81999,410.3
8372,43701.28,25532.0,18190.951,88.23,187.45,411.1
8373,188923.84,98396.0,32517.08,18735.9,251.02,411.4
8374,139223.84,84685.0,30252.51,10279.66,218.42,411.6
8375,24407.041,15565.0,25040.02,183.38,236.35,411.8
8376,180359.2,83556.0,61968.6,9826.4,397.72,412.0
8377,192342.08,97508.0,35731.42,16192.8,425.43,412.0
8378,140680.95,89364.0,37585.98,10376.54,231.46,412.1
8379,168203.84,93355.0,31503.3,6883.67,86.39,412.1
8380,158519.2,75187.0,32138.21,14168.7,211.9,412.1
8381,157528.0,91661.0,22304.89,8727.85,192.34,412.1
8382,118279.84,62835.0,30856.281,15519.83,198.86,412.2
8383,193751.05,96040.0,28520.781,8473.54,252.65,412.2
8384,184982.56,93757.0,43154.85,20882.83,365.12,412.3
8385,157438.4,90832.0,28982.69,7864.58,136.92,412.3
8386,103967.36,69733.0,35205.5,7404.4,275.47,412.3
8387,76148.8,51345.0,18203.06,14487.0205,272.21,412.3
8388,259162.4,102645.0,92074.06,13923.04,607.99,412.4
8389,14127.68,10356.0,2482.55,17.3,233.09,412.4
8390,165250.4,84597.0,35916.53,25706.07,352.08,412.4
8391,262143.0,107576.0,42653.152,26176.63,410.76,412.4
8392,171326.4,95697.0,24861.83,12276.08,218.42,412.4
8393,174255.2,91634.0,38196.67,8781.48,262.43,412.5
8394,159602.23,82876.0,17102.78,24709.59,281.99,412.5
8395,42852.32,19962.0,31446.21,228.36,396.09,412.6
8396,181630.4,95749.0,21773.78,16024.99,177.67,412.7
8397,204461.6,103400.0,27200.791,15435.061,321.11,412.7
8398,188541.92,97662.0,49189.09,16196.26,273.84,412.7
8399,213788.95,103537.0,45016.332,16464.41,392.83,412.7
8400,209336.95,98401.0,42559.73,8764.18,228.2,412.8
8401,216149.92,109104.0,30383.99,15850.26,252.65,412.8
8402,261931.05,96031.0,51614.55,27699.031,443.36,412.8
8403,181905.92,90200.0,24666.34,5200.38,308.07,412.8
8404,173055.69,93339.0,27029.52,11552.94,164.63,412.8
8405,153905.92,91317.0,32049.98,17308.65,267.32,412.8
8406,199194.23,98351.0,41416.2,23927.63,247.76,412.9
8407,184150.4,97730.0,30160.82,9816.0205,197.23,412.9
8408,180675.05,94610.0,35127.65,20372.48,303.18,412.9
8409,211275.69,101820.0,39168.93,12983.65,229.83,413.0
8410,185709.44,91762.0,34985.79,25391.21,211.9,413.0
8411,189872.48,91760.0,48104.38,22604.18,182.56,413.0
8412,99914.08,63444.0,25501.93,11795.14,233.09,413.0
8413,262143.0,123555.0,98507.93,41936.93,780.77,413.0
8414,176412.33,94557.0,42281.2,20396.701,295.03,413.0
8415,196532.0,94765.0,40584.07,17926.26,321.11,413.0
8416,194490.23,105848.0,35054.992,12629.0,231.46,413.0
8417,72907.52,43937.0,39630.84,169.54001,236.35,413.1
8418,160736.8,75465.0,33435.71,12386.8,342.3,413.1
8419,201197.92,102265.0,21706.31,19626.85,207.01,413.1
8420,189563.36,90389.0,40177.52,16569.94,345.56,413.1
8421,173225.92,88407.0,26903.23,16422.89,197.23,413.2
8422,220054.23,103732.0,36182.95,10665.45,88.02,413.2
8423,90650.56,56602.0,43381.48,115.91,335.78,413.2
8424,222709.77,107346.0,48938.242,14419.55,402.61,413.2
8425,262143.0,104510.0,117290.54,39938.78,880.2,413.2
8426,195306.72,95823.0,27363.41,13165.3,283.62,413.3
8427,177886.23,99861.0,21214.99,15929.84,247.76,413.3
8428,166426.4,93631.0,28297.61,8359.36,169.52,413.3
8429,5988.64,5988.0,17798.24,-6.92,52.16,413.4
8430,173621.28,83196.0,60311.26,40392.04,521.6,413.4
8431,202618.08,101653.0,39623.92,21432.97,286.88,413.4
8432,93390.08,58221.0,48036.91,198.95,440.1,413.4
8433,191494.23,99566.0,29567.43,4873.41,233.09,413.4
8434,194539.52,99700.0,20751.35,14791.5,267.32,413.5
8435,210596.95,105591.0,40068.53,18677.08,275.47,413.5
8436,134442.56,72055.0,26489.76,26809.81,399.35,413.5
8437,180946.08,92612.0,32164.16,18498.89,252.65,413.6
8438,173753.44,91065.0,26455.16,16448.84,192.34,413.6
8439,158389.28,83616.0,56398.0,21754.75,578.65,413.6
8440,262143.0,107863.0,113891.09,61724.67,854.12,413.7
8441,162856.95,95521.0,24839.34,16786.19,236.35,414.1
8442,79149.28,48456.0,34221.13,145.32,337.41,414.3
8443,188106.23,101845.0,26991.46,17844.951,332.52,414.3
8444,66209.92,45782.0,15952.33,128.02,228.2,414.5
8445,199512.33,94343.0,26519.17,13478.43,283.62,414.7
8446,131718.72,71364.0,38973.44,16412.51,365.12,414.8
8447,98985.6,62153.0,28039.84,17547.39,203.75,414.9
8448,84042.56,53677.0,30601.97,18414.121,268.95,415.0
8449,193667.05,102549.0,26356.55,12021.7705,200.49,415.0
8450,168506.23,93472.0,33712.51,20266.951,233.09,415.0
8451,108189.76,70731.0,22483.08,12355.66,192.34,415.1
8452,146288.8,90687.0,21071.4,9260.69,218.42,415.1
8453,117074.72,76569.0,22074.8,16973.03,127.14,415.1
8454,100671.2,67708.0,23832.48,13125.51,249.39,415.1
8455,113518.72,67996.0,21159.63,12442.16,223.31,415.2
8456,202334.72,99129.0,35871.55,11578.89,267.32,415.3
8457,175884.8,88869.0,40236.34,10504.561,226.56999,415.4
8458,170173.92,93872.0,33186.59,7738.29,298.29,415.6
8459,161751.52,88188.0,25832.36,10331.561,136.92,415.6
8460,158616.64,95751.0,18763.58,9464.83,110.84,415.6
8461,181932.8,96331.0,22481.35,13801.94,182.56,415.6
8462,113516.484,60244.0,39788.27,16613.19,236.35,415.7
8463,180491.36,93958.0,28647.07,11378.21,254.28,415.7
8464,56424.48,38712.0,21823.951,190.3,177.67,415.7
8465,174336.95,94688.0,27766.5,18983.291,352.08,415.7
8466,219164.95,107884.0,29368.48,17550.85,288.51,415.7
8467,147029.12,81384.0,37914.68,20014.371,288.51,415.8
8468,195604.64,97681.0,37727.84,17760.18,161.37,415.8
8469,190037.12,91289.0,35212.42,14794.96,220.05,415.9
8470,175122.08,101586.0,28190.35,11168.88,154.85,415.9
8471,180901.28,95830.0,39528.77,13999.16,215.16,415.9
8472,189708.95,101453.0,40755.34,16127.061,229.83,415.9
8473,262143.0,106577.0,80925.94,25927.51,456.4,416.0
8474,155333.92,83936.0,30532.77,24412.03,311.33,416.0
8475,227626.56,111489.0,42039.0,6172.64,321.11,416.1
8476,145672.8,90968.0,13551.09,3627.81,151.59,416.3
8477,179536.0,95358.0,18273.99,16054.4,200.49,416.4
8478,148624.0,86101.0,35115.54,15948.87,221.68,416.4
8479,212196.33,104478.0,35388.88,19516.13,332.52,416.5
8480,42175.84,24497.0,21242.67,212.79001,195.6,416.6
8481,159941.6,91678.0,19882.89,8714.01,237.98,416.9
8482,10712.8,10440.0,6421.7603,36.33,16.3,417.1
8483,174158.88,100949.0,38513.26,11604.84,281.99,417.2
8484,166175.52,95961.0,23505.51,11546.0205,169.52,417.2
8485,190761.77,96401.0,37502.94,19652.8,228.2,417.3
8486,212733.92,105107.0,18505.81,18054.28,153.22,417.3
8487,202478.08,112865.0,23808.26,17504.14,167.89,417.4
8488,19409.6,7058.0,46294.8,115.91,180.93,417.4
8489,192480.95,100013.0,45351.95,21213.26,366.75,417.5
8490,151822.72,91284.0,24758.03,8271.13,140.18,417.5
8491,175841.12,91824.0,37404.332,33138.15,295.03,417.5
8492,164697.12,82177.0,23910.33,26048.61,329.26,417.6
8493,237009.92,110552.0,23062.63,20592.19,202.12,417.7
8494,232660.97,99980.0,42270.82,18673.621,304.81,417.7
8495,236981.92,103128.0,69694.78,18716.871,459.66,417.8
8496,236572.0,100486.0,42127.23,17820.73,508.56,417.8
8497,169876.0,98337.0,35914.8,17656.38,265.69,417.9
8498,84921.76,16256.0,170441.33,508.62,689.49,417.9
8499,231413.28,106728.0,64437.312,37783.2,511.82,417.9
8500,196356.16,99681.0,33139.88,8563.5,195.6,418.0
8501,238192.64,89261.0,96658.56,58773.29,748.17,418.0
8502,171214.4,94316.0,26271.781,9380.061,224.94,418.0
8503,130289.6,77662.0,28463.69,12564.99,151.59,418.1
8504,215214.72,99352.0,32049.98,26503.6,378.16,418.1
8505,225189.44,110288.0,33243.68,25193.99,171.15,418.1
8506,116812.64,65392.0,41457.72,17601.02,220.05,418.2
8507,238837.77,112137.0,45317.35,12762.21,365.12,418.2
8508,193240.33,100800.0,41357.38,15566.54,260.8,418.2
8509,92893.92,35980.0,30657.33,9046.17,176.04,418.3
8510,214404.95,104913.0,65067.03,14123.72,508.56,418.4
8511,165341.12,94973.0,25197.451,13739.66,141.81,418.4
8512,187432.0,98293.0,30453.19,16535.34,237.98,418.4
8513,237040.16,113304.0,56529.48,43213.67,326.0,418.4
8514,262143.0,71231.0,49279.05,30743.83,446.62,418.5
8515,180869.92,96180.0,25650.71,13115.13,247.76,418.5
8516,220928.97,107469.0,25539.99,26462.08,317.85,418.5
8517,96567.52,64091.0,34615.57,15839.88,283.62,418.5
8518,196937.44,92446.0,34620.76,17407.26,177.67,418.6
8519,55640.48,29432.0,4449.56,8314.38,101.06,418.6
8520,164185.28,93596.0,32757.55,8942.37,174.41,418.6
8521,156196.33,84761.0,18846.621,16701.42,202.12,418.6
8522,216723.36,100356.0,38274.52,10950.9,281.99,418.7
8523,183546.72,95308.0,36103.37,11774.38,241.24,418.7
8524,214198.88,105080.0,44154.79,22031.55,262.43,418.7
8525,186808.16,100084.0,34202.1,16092.46,283.62,418.8
8526,168241.92,93254.0,32364.84,10592.79,135.29,418.8
8527,204803.2,104304.0,46900.3,26467.27,304.81,418.8
8528,229202.4,105169.0,46799.96,21223.64,374.9,418.8
8529,223403.05,107000.0,40042.582,17453.97,394.46,418.9
8530,262143.0,105547.0,82349.734,31235.15,766.1,418.9
8531,163431.52,92687.0,32126.1,6103.44,231.46,418.9
8532,180439.84,92478.0,25335.85,16294.87,205.38,418.9
8533,183678.88,64841.0,64847.32,14654.83,572.13,418.9
8534,161241.92,89089.0,25019.26,19844.83,203.75,419.0
8535,258068.16,110537.0,64454.61,28766.44,396.09,419.0
8536,174644.95,100948.0,23656.02,12167.09,180.93,419.0
8537,185396.95,102357.0,26757.91,10533.97,92.909996,419.0
8538,185403.69,82896.0,56688.64,20765.19,560.72,419.0
8539,187947.2,102144.0,21074.86,19792.93,236.35,419.0
8540,175157.92,91201.0,35665.68,13205.09,298.29,419.0
8541,186372.48,93655.0,35010.01,11080.65,348.82,419.0
8542,221798.08,104454.0,36926.85,14161.78,384.68,419.1
8543,211923.05,112584.0,34587.89,21325.71,179.3,419.1
8544,170278.08,98848.0,30077.781,8020.2803,169.52,419.1
8545,262143.0,112193.0,91153.7,33132.96,638.96,419.1
8546,216825.28,103236.0,26496.68,23922.44,286.88,419.2
8547,200429.6,99824.0,38013.29,11054.7,321.11,419.2
8548,211271.2,102821.0,41068.47,11753.62,343.93,419.2
8549,60490.082,14104.0,138458.83,396.17,596.58,419.2
8550,112048.164,71048.0,21827.41,7688.12,195.6,419.3
8551,216420.95,111310.0,61171.07,22668.19,508.56,419.3
8552,215673.92,100559.0,42836.53,22178.6,474.33,419.3
8553,181208.16,91958.0,26007.09,15140.96,195.6,419.3
8554,165332.16,90322.0,36210.63,12409.29,211.9,419.3
8555,165267.2,93374.0,27740.55,13310.62,182.56,419.4
8556,262143.0,105245.0,206300.77,21439.89,1401.8,419.4
8557,196533.12,96213.0,42943.79,20059.35,330.88998,419.4
8558,231502.88,105005.0,43134.09,18782.61,399.35,419.4
8559,157120.33,95353.0,28375.46,9124.0205,221.68,419.4
8560,182510.72,98141.0,33176.21,15137.5,118.99,419.4
8561,149905.28,72042.0,43471.44,22202.82,386.31,419.4
8562,166470.08,95704.0,22145.73,10646.42,242.87,419.4
8563,168562.23,90104.0,28460.23,18825.86,281.99,419.5
8564,185142.72,90737.0,55207.76,25060.781,601.47,419.5
8565,214749.92,103066.0,49597.37,8193.28,373.27,419.5
8566,134209.6,80304.0,24493.34,16820.791,179.3,419.5
8567,245732.48,98009.0,72886.63,32039.6,528.12,419.5
8568,251101.77,106278.0,70959.414,31890.82,448.25,419.5
8569,188055.84,89461.0,46024.92,19901.92,304.81,419.6
8570,29779.68,9909.0,15720.51,86.5,221.68,419.6
8571,195927.2,96617.0,47626.902,34842.2,363.49,419.6
8572,193571.84,92604.0,57197.26,23782.31,365.12,419.6
8573,209690.88,97423.0,34048.13,18469.48,324.37,419.6
8574,235707.36,103237.0,61638.17,11054.7,537.9,419.6
8575,154782.88,90777.0,23944.93,10490.72,169.52,419.6
8576,205063.05,102190.0,43255.19,6774.68,172.78,419.7
8577,26113.92,6455.0,56948.14,221.44,254.28,419.7
8578,262143.0,54653.0,262143.0,10110.12,2024.46,419.7
8579,193874.23,100294.0,40025.28,16490.36,133.66,419.7
8580,262143.0,114895.0,190282.7,38229.54,1489.82,419.7
8581,216410.88,101548.0,40051.23,8286.7,438.47,419.7
8582,262143.0,106822.0,203294.03,85742.26,1620.22,419.8
8583,229414.08,105449.0,51822.152,29496.5,391.2,419.8
8584,262143.0,107092.0,133474.69,33712.51,863.9,419.8
8585,13110.72,6024.0,20305.01,55.36,205.38,419.9
8586,148907.36,85776.0,23363.65,12724.15,228.2,419.9
8587,200474.4,104889.0,31555.201,26133.38,340.67,419.9
8588,205002.56,92729.0,72210.2,26642.0,484.11,419.9
8589,262143.0,101544.0,74454.01,29361.56,643.85,420.0
8590,166109.44,88299.0,46249.82,22747.77,402.61,420.0
8591,255016.16,91586.0,105062.9,16154.74,1093.73,420.0
8592,192920.0,94287.0,54934.42,16931.51,410.76,420.0
8593,262143.0,111608.0,59486.05,27200.791,431.95,420.0
8594,262143.0,114158.0,116788.84,47403.73,925.84,420.1
8595,199963.69,89507.0,50649.21,10866.13,397.72,420.1
8596,196021.28,100552.0,48666.63,15023.32,347.19,420.1
8597,221966.08,102084.0,37675.94,15495.61,242.87,420.2
8598,7359.52,7192.0,548.41003,1044.92,29.34,420.4
8599,163766.4,90710.0,30003.39,13044.2,264.06,420.4
8600,29884.96,19882.0,9869.65,133.21,79.87,420.4
8601,17311.84,8088.0,29676.42,112.450005,97.8,420.4
8602,197537.77,103345.0,33532.59,15179.0205,193.97,420.6
8603,172883.2,83976.0,30100.27,17523.17,247.76,420.6
8604,197277.92,98820.0,40622.13,18472.94,309.7,420.6
8605,167397.44,90992.0,33620.82,13416.15,216.79,420.7
8606,185517.92,99029.0,19267.01,12810.65,156.48,421.0
8607,181820.8,103092.0,33972.01,18031.791,299.92,421.0
8608,17706.08,16385.0,4036.09,108.99,407.5,421.1
8609,185703.84,103667.0,16777.541,10937.061,74.98,421.1
8610,198648.8,91492.0,37752.06,9409.47,249.39,421.2
8611,170810.08,88238.0,29439.41,13519.95,193.97,421.2
8612,262143.0,132878.0,50396.63,19445.201,397.72,421.3
8613,176966.72,93053.0,28046.76,11741.51,215.16,421.3
8614,211962.23,106481.0,28520.781,12962.891,285.25,421.4
8615,224091.84,98282.0,45348.492,22085.18,386.31,421.4
8616,185437.28,103580.0,29067.46,13464.59,195.6,421.5
8617,204183.84,92701.0,43234.43,35461.54,472.7,421.6
8618,171728.48,95968.0,30074.32,18016.22,312.96,421.6
8619,154165.77,86049.0,22919.041,11971.601,182.56,421.8
8620,213578.4,113472.0,32247.201,22169.951,268.95,421.9
8621,29261.121,17050.0,4767.88,10.38,-8.15,421.9
8622,50774.082,34218.0,7916.48,-19.03,94.54,422.0
8623,208812.8,100356.0,35051.53,11385.13,210.27,422.0
8624,188389.6,100169.0,24197.51,20569.701,252.65,422.2
8625,230100.64,105750.0,42639.31,19220.3,405.87,422.3
8626,190921.92,102157.0,29877.1,13620.29,193.97,422.3
8627,187971.84,96128.0,25190.531,14078.74,342.3,422.3
8628,229215.84,107437.0,49905.312,19291.23,423.8,422.4
8629,206870.72,101052.0,38146.5,19822.34,251.02,422.5
8630,207856.33,95901.0,33722.89,8738.23,145.06999,422.5
8631,210069.44,106660.0,43120.25,11487.2,399.35,422.5
8632,163138.08,81292.0,36674.27,28515.59,295.03,422.5
8633,225884.97,102393.0,33871.67,11661.93,322.74,422.6
8634,204032.64,102073.0,50363.76,20995.28,317.85,422.6
8635,194404.0,89739.0,28269.93,15504.26,264.06,422.6
8636,177996.0,91179.0,43890.1,18727.25,224.94,422.7
8637,219997.12,106004.0,28607.281,13312.351,176.04,422.7
8638,190725.92,99057.0,33546.43,11054.7,215.16,422.7
8639,172036.48,94658.0,22927.69,14758.63,146.7,422.7
8640,231456.97,108412.0,50033.332,26107.43,311.33,422.7
8641,184429.28,94756.0,40172.332,8125.81,337.41,422.7
8642,214562.88,104708.0,36823.05,22019.44,231.46,422.8
8643,219135.84,105211.0,41383.332,15255.141,348.82,422.8
8644,115739.68,58614.0,62397.64,254.31,436.84,422.8
8645,189482.72,101636.0,24202.701,11059.89,306.44,422.8
8646,160545.28,82888.0,18216.9,15561.351,140.18,422.9
8647,246204.0,100504.0,48747.94,19241.06,244.5,422.9
8648,144259.36,83236.0,27325.35,14461.07,216.79,422.9
8649,183645.28,97237.0,30605.43,11533.91,272.21,422.9
8650,211970.08,105012.0,42817.5,26631.621,343.93,422.9
8651,128408.0,74627.0,39383.45,11966.41,376.53,423.0
8652,174264.16,94325.0,37073.902,15810.47,203.75,423.0
8653,208977.44,99737.0,47761.84,20715.02,374.9,423.0
8654,254826.88,103212.0,35830.03,38551.32,330.88998,423.0
8655,232122.23,108189.0,37613.66,14867.62,301.55,423.0
8656,149030.56,91177.0,21683.82,12834.87,159.74,423.0
8657,177443.84,92092.0,42594.332,19960.74,352.08,423.0
8658,169559.05,95264.0,18884.68,12068.48,277.1,423.1
8659,227837.12,106679.0,85823.57,37047.95,484.11,423.1
8660,170462.88,85966.0,40734.582,9696.65,278.73,423.1
8661,262143.0,106888.0,57370.26,20580.08,531.38,423.1
8662,262143.0,94794.0,58588.18,23581.63,436.84,423.1
8663,180862.08,97225.0,38698.37,12134.22,303.18,423.1
8664,117045.6,70175.0,52470.902,23879.19,462.92,423.1
8665,252857.92,106888.0,48061.13,26910.15,355.34,423.2
8666,200692.8,101152.0,40507.95,15767.22,410.76,423.3
8667,212922.08,102820.0,55133.37,25545.18,353.71,423.3
8668,187634.72,98787.0,34515.23,22571.31,387.94,423.3
8669,191726.08,102445.0,37720.92,13793.29,220.05,423.4
8670,169011.36,92804.0,27814.94,19905.38,288.51,423.5
8671,12005.28,5191.0,21142.33,98.61,68.46,423.5
8672,205020.48,102491.0,37075.63,11340.15,319.48,423.5
8673,176482.88,99709.0,19500.56,10554.73,244.5,423.6
8674,226872.8,103013.0,39271.0,26162.791,286.88,423.7
8675,213652.33,98480.0,28723.19,13736.2,218.42,423.7
8676,262143.0,97550.0,83681.83,42109.93,666.67,424.0
8677,181034.56,93084.0,41167.082,7274.65,296.66,424.0
8678,173272.95,97041.0,14611.58,8011.63,60.31,424.2
8679,116151.84,62511.0,38534.02,7061.86,381.42,424.5
8680,9816.8,7489.0,19827.53,86.5,99.43,424.6
8681,159057.92,88771.0,24593.68,14298.45,156.48,424.7
8682,173524.95,88524.0,27951.61,13819.24,345.56,424.7
8683,20891.36,13564.0,10824.61,-48.440002,-9.78,424.7
8684,148649.77,90057.0,16943.621,18670.16,220.05,424.7
8685,206898.72,100444.0,30563.91,14986.99,301.55,424.9
8686,191247.84,98041.0,30378.8,23938.01,265.69,424.9
8687,111779.36,70743.0,44682.44,28745.68,326.0,425.0
8688,232927.52,104986.0,45479.97,26955.13,378.16,425.0
8689,134460.48,78043.0,34688.23,11032.21,205.38,425.2
8690,254125.77,93473.0,46374.38,19948.63,337.41,425.2
8691,107944.48,63848.0,32321.59,6835.23,249.39,425.3
8692,151608.8,86890.0,28595.17,4153.73,146.7,425.4
8693,228495.69,99131.0,50505.62,22022.9,444.99,425.4
8694,188012.16,96755.0,16246.431,9399.09,215.16,425.4
8695,157582.88,89076.0,22278.94,7061.86,259.17,425.5
8696,238440.16,105009.0,55282.152,8492.57,444.99,425.5
8697,123985.12,75640.0,31174.6,11051.24,133.66,425.5
8698,6330.24,5048.0,5779.93,-29.41,97.8,425.6
8699,199759.84,97810.0,29688.531,7400.94,332.52,425.6
8700,167856.64,96049.0,25110.951,16398.67,290.13998,425.7
8701,195662.88,95541.0,50555.79,22363.71,475.96,425.7
8702,236288.64,104018.0,44538.85,47542.13,412.38998,425.7
8703,185152.8,100363.0,30520.66,14013.0,231.46,425.7
8704,165860.8,89796.0,23915.52,17581.99,154.85,425.9
8705,163088.8,92824.0,21100.81,10973.39,270.58,425.9
8706,194377.12,92408.0,30932.4,16163.391,386.31,426.0
8707,182700.0,100972.0,19621.66,8103.3203,210.27,426.0
8708,191374.4,93121.0,39149.902,25280.49,368.38,426.1
8709,192383.52,97725.0,28733.57,17085.48,281.99,426.2
8710,195051.36,79292.0,51059.22,25197.451,417.28,426.2
8711,224701.12,108973.0,50458.91,17270.59,472.7,426.3
8712,210315.84,100076.0,30851.09,19241.06,215.16,426.3
8713,130905.6,83444.0,17443.59,14350.351,122.25,426.4
8714,189395.36,97049.0,36494.35,17057.8,324.37,426.4
8715,125786.08,74815.0,32603.58,16666.82,272.21,426.4
8716,108802.4,67332.0,28539.81,19074.98,262.43,426.5
8717,185753.12,96410.0,33459.93,15090.79,314.59,426.5
8718,262143.0,109614.0,75889.914,48202.992,645.48,426.5
8719,12120.64,12023.0,1390.92,442.88,9.78,426.6
8720,223692.0,103992.0,63771.26,16407.32,383.05,426.6
8721,214645.77,102312.0,34497.93,19844.83,348.82,426.6
8722,196993.44,95829.0,33421.87,18229.01,350.45,426.6
8723,227837.12,105528.0,24292.66,15054.46,298.29,426.7
8724,73330.88,47260.0,22908.66,164.35,105.95,426.7
8725,247711.52,101045.0,61897.67,42872.86,580.27997,426.8
8726,191871.69,98968.0,29605.49,23550.49,378.16,426.8
8727,193468.8,98328.0,28707.621,18960.8,241.24,426.8
8728,262143.0,120815.0,66373.18,20398.43,588.43,426.9
8729,176996.95,88089.0,38044.43,41988.832,464.55,426.9
8730,262143.0,102635.0,48265.27,24240.76,420.54,426.9
8731,214130.56,102928.0,46061.25,14696.351,427.06,427.0
8732,186922.4,94925.0,64904.41,22206.28,511.82,427.1
8733,58238.88,36595.0,27671.35,183.38,153.22,427.1
8734,211303.69,98936.0,40433.56,26891.121,404.24,427.2
8735,59745.28,38016.0,35380.23,565.71,249.39,427.2
8736,185776.64,96191.0,41113.45,12632.46,281.99,427.2
8737,260161.44,94342.0,62733.26,33402.84,588.43,427.2
8738,241170.72,109274.0,26278.701,15760.3,262.43,427.3
8739,166410.72,94733.0,31058.69,9961.34,221.68,427.3
8740,120246.56,73789.0,30738.64,22204.55,268.95,427.4
8741,208376.0,95692.0,55342.7,24598.871,355.34,427.4
8742,220379.05,114108.0,32598.39,18334.541,275.47,427.4
8743,262143.0,126285.0,65765.95,30060.48,521.6,427.4
8744,262143.0,116584.0,64618.96,95698.414,454.77,427.5
8745,183088.64,96424.0,28416.98,6452.9,278.73,427.5
8746,169604.95,81932.0,46246.36,18377.791,376.53,427.6
8747,132817.44,80389.0,24059.11,21739.18,189.08,427.6
8748,242212.33,113928.0,54313.35,22002.14,326.0,427.6
8749,255318.56,105088.0,39331.55,23086.85,293.4,427.6
8750,262143.0,106254.0,110761.52,74026.7,1030.16,427.6
8751,198640.95,103933.0,34977.14,15540.59,317.85,427.6
8752,118315.68,72276.0,30143.52,26103.97,471.07,427.7
8753,156422.56,90649.0,22069.61,17097.59,348.82,427.7
8754,108868.48,60409.0,37265.93,17009.36,443.36,427.7
8755,262143.0,118560.0,79432.95,12194.7705,412.38998,427.7
8756,219387.84,100528.0,42263.902,11587.54,306.44,427.8
8757,197303.69,106748.0,23083.39,9276.26,180.93,427.8
8758,227519.05,89212.0,84619.49,14779.391,919.32,427.8
8759,145040.0,82780.0,23778.85,6459.8203,154.85,427.8
8760,191652.16,98136.0,24083.33,13741.391,270.58,427.8
8761,222629.12,99264.0,50891.41,19824.07,508.56,427.9
8762,11855.2,10501.0,3570.72,105.53,252.65,427.9
8763,168633.92,96999.0,28759.52,14006.08,220.05,427.9
8764,195418.72,97788.0,34914.86,18514.46,389.57,428.0
8765,237032.33,106648.0,50991.75,30159.09,402.61,428.0
8766,172758.88,98100.0,35900.96,7115.49,211.9,428.0
8767,190823.36,95465.0,44111.54,11194.83,252.65,428.0
8768,202892.48,101640.0,39745.02,9158.62,298.29,428.1
8769,80992.8,44972.0,28269.93,314.86002,312.96,428.1
8770,216898.08,100283.0,38549.59,18649.4,293.4,428.1
8771,72833.6,36433.0,29439.41,211.06,260.8,428.2
8772,188090.56,100180.0,40295.16,13727.55,295.03,428.2
8773,217814.23,96431.0,48005.77,19974.58,511.82,428.2
8774,8807.68,5382.0,14320.94,19.03,68.46,428.2
8775,182048.16,99760.0,41040.79,21889.69,177.67,428.3
8776,218221.92,107805.0,40995.81,18107.91,321.11,428.3
8777,160108.48,92420.0,25979.41,7390.56,255.91,428.3
8778,190089.77,87889.0,25661.09,13300.24,314.59,428.3
8779,186608.8,95683.0,34859.5,9850.62,329.26,428.3
8780,213459.69,103832.0,38153.42,13426.53,309.7,428.4
8781,211373.12,102591.0,42137.61,14096.04,378.16,428.4
8782,66557.12,39058.0,35336.98,245.66,347.19,428.4
8783,162852.48,95714.0,26706.01,9888.68,260.8,428.5
8784,188754.72,102061.0,24493.34,13149.73,215.16,428.5
8785,88846.24,54605.0,26744.07,20377.67,251.02,428.5
8786,195516.16,101324.0,29017.291,21951.97,337.41,428.6
8787,159299.84,87329.0,27219.82,24024.51,361.86,428.6
8788,235653.6,110877.0,45457.48,22109.4,327.63,428.6
8789,106730.4,57756.0,30517.201,20818.82,229.83,428.7
8790,174610.23,98533.0,23894.76,13189.5205,132.03,428.7
8791,193661.44,102809.0,28237.06,16485.17,159.74,428.7
8792,181933.92,101449.0,30046.64,15644.391,200.49,428.7
8793,141792.0,74897.0,36618.91,27899.71,319.48,428.7
8794,7010.08,7166.0,692.0,603.77,57.05,428.8
8795,95740.96,52545.0,46511.05,354.65,420.54,428.8
8796,76111.84,45405.0,42815.77,211.06,275.47,428.8
8797,195837.6,93628.0,41085.77,11630.79,386.31,428.9
8798,262143.0,105457.0,63892.36,21171.74,487.37,428.9
8799,214445.28,102870.0,51035.0,5463.34,273.84,428.9
8800,162887.2,98920.0,30877.041,21562.72,352.08,429.0
8801,184590.56,99033.0,19946.9,20758.27,241.24,429.0
8802,183419.05,98091.0,33043.0,15499.07,185.81999,429.0
8803,198885.12,100093.0,39499.36,20448.6,334.15,429.0
8804,183961.12,96550.0,31063.88,27041.63,273.84,429.0
8805,153951.84,85010.0,23095.5,19005.78,118.99,429.0
8806,68185.6,42451.0,15876.21,74.39,-1.63,429.1
8807,124921.44,78156.0,19526.51,12507.9,145.06999,429.1
8808,208210.23,97128.0,42897.082,26446.51,404.24,429.1
8809,109704.0,63773.0,19405.41,16665.09,120.62,429.1
8810,186646.88,97750.0,39021.88,10632.58,348.82,429.1
8811,206800.16,106471.0,40646.35,19107.85,293.4,429.1
8812,194320.0,95728.0,40270.94,8141.38,433.58,429.2
8813,262143.0,110729.0,62119.11,56257.87,619.4,429.2
8814,180073.6,92692.0,28128.07,16303.5205,267.32,429.2
8815,199890.88,107365.0,30986.031,13827.891,151.59,429.2
8816,178226.72,99490.0,22751.23,19836.18,125.51,429.3
8817,82238.24,33761.0,54854.84,366.76,423.8,429.3
8818,174535.2,94540.0,32937.47,8492.57,210.27,429.3
8819,153483.69,94597.0,28629.77,15608.061,169.52,429.4
8820,244618.08,110900.0,56181.75,13388.47,182.56,429.4
8821,195382.88,102300.0,39264.082,12770.86,272.21,429.4
8822,136533.6,78252.0,40580.61,25508.85,394.46,429.4
8823,209834.23,102493.0,43794.95,14568.33,257.54,429.4
8824,198569.28,94229.0,31197.09,14959.311,239.61,429.5
8825,173464.48,100485.0,21962.35,14800.15,207.01,429.5
8826,135430.4,82322.0,31987.701,15300.12,167.89,429.5
8827,230615.84,106687.0,46225.6,26863.44,487.37,429.5
8828,168918.4,89894.0,85546.77,11303.82,671.56,429.5
8829,202662.88,102887.0,38015.02,27718.06,317.85,429.5
8830,216219.36,101290.0,68743.28,53481.22,650.37,429.5
8831,35428.96,14316.0,86448.1,380.6,482.48,430.5
8832,114478.56,73177.0,24328.99,12635.92,197.23,430.7
8833,85512.0,51760.0,27899.71,159.16,220.05,431.3
8834,175417.77,92297.0,33203.89,8715.74,363.49,431.4
8835,46684.96,33281.0,9976.91,-36.33,42.38,431.6
8836,165861.92,93485.0,22771.99,18294.75,213.53,431.6
8837,262143.0,93046.0,77130.32,30979.11,498.78,431.8
8838,179674.88,99739.0,32345.81,10082.44,330.88998,431.9
8839,78802.08,49097.0,30755.94,20505.69,249.39,432.1
8840,183009.12,92303.0,35504.79,14094.311,180.93,432.2
8841,165073.44,90653.0,32065.55,16971.3,327.63,432.2
8842,164432.8,95343.0,31306.08,20173.53,285.25,432.3
8843,178903.2,99484.0,23415.55,11421.46,226.56999,432.3
8844,158247.05,92052.0,29835.58,9885.22,291.77,432.9
8845,171448.48,86422.0,43807.06,7485.71,197.23,432.9
8846,176443.69,94906.0,27147.16,14096.04,167.89,432.9
8847,101808.0,44650.0,75196.18,349.46,503.67,432.9
8848,192836.0,89162.0,61684.88,26887.66,409.13,433.0
8849,181034.56,91530.0,30326.9,14666.94,193.97,433.0
8850,190869.28,101357.0,31652.08,13620.29,223.31,433.0
8851,194909.12,97921.0,38348.91,20149.31,281.99,433.1
8852,42710.082,26065.0,71267.35,10.38,479.22,433.1
8853,157754.23,81425.0,25117.871,12881.58,211.9,433.1
8854,262143.0,105511.0,43127.17,18075.041,205.38,433.1
8855,262143.0,93441.0,63181.332,23925.9,495.52,433.2
8856,205251.2,90749.0,43886.64,19597.44,293.4,433.2
8857,187299.84,95649.0,30641.76,23052.25,316.22,433.3
8858,262143.0,109023.0,115250.875,37857.59,961.7,433.4
8859,207077.92,104026.0,26427.48,16609.73,228.2,433.4
8860,182308.0,65176.0,46850.13,17580.26,293.4,433.4
8861,164641.12,85456.0,46796.5,7982.22,249.39,433.5
8862,164824.8,82877.0,47931.38,9316.05,308.07,433.5
8863,219337.44,103908.0,30174.66,20434.76,299.92,433.5
8864,148930.88,84136.0,26449.97,17687.52,330.88998,433.5
8865,6997.7603,6515.0,6056.73,217.98,94.54,433.6
8866,188658.4,98284.0,47156.34,13570.12,247.76,433.6
8867,189318.08,100876.0,37489.1,3904.61,316.22,433.6
8868,97291.04,62574.0,24457.01,8136.19,176.04,433.6
8869,208550.72,109488.0,31489.46,22251.26,224.94,433.6
8870,225218.56,103272.0,46431.47,21875.85,296.66,433.7
8871,201715.36,100286.0,28856.4,18526.57,259.17,433.7
8872,206396.95,91763.0,29949.76,14476.641,321.11,433.7
8873,157623.2,76935.0,48824.06,14973.15,443.36,433.7
8874,245171.36,111062.0,36902.63,24579.84,373.27,433.7
8875,171345.44,94996.0,26306.38,8817.811,215.16,433.7
8876,105314.72,57132.0,46775.742,276.8,306.44,433.7
8877,182461.44,94653.0,33665.8,13561.47,285.25,433.7
8878,116960.484,70245.0,16831.17,9577.28,151.59,433.7
8879,233816.8,113545.0,47927.92,8774.561,345.56,433.8
8880,208994.23,103438.0,36421.69,12203.42,324.37,433.8
8881,262143.0,93685.0,100116.83,24496.8,699.27,433.9
8882,223851.05,100757.0,52162.96,9883.49,475.96,433.9
8883,141513.12,80060.0,14128.91,10836.72,182.56,433.9
8884,262143.0,126052.0,139308.25,85131.57,1235.54,434.0
8885,137941.44,81628.0,15723.97,11018.37,192.34,434.0
8886,161399.84,84949.0,39400.75,17915.88,281.99,434.0
8887,187552.95,99493.0,30359.77,15244.76,210.27,434.0
8888,262143.0,108592.0,55802.88,19651.07,444.99,434.1
8889,148634.08,83086.0,34459.87,29728.32,281.99,434.1
8890,143395.84,76230.0,23398.25,17606.21,177.67,434.1
8891,178939.05,98780.0,20948.57,15613.25,317.85,434.1
8892,262143.0,111305.0,96819.45,38909.43,508.56,434.1
8893,230732.33,103837.0,58820.0,18261.88,433.58,434.2
8894,19132.96,5110.0,53247.67,124.56,285.25,434.2
8895,222432.0,107589.0,31946.18,12949.05,309.7,434.2
8896,143286.08,83377.0,55917.062,12016.58,453.13998,434.2
8897,211574.72,101885.0,51133.61,9952.69,342.3,434.2
8898,262143.0,142261.0,53024.5,37624.04,466.18,434.2
8899,190404.48,106105.0,52422.46,16680.66,412.38998,434.2
8900,262143.0,103484.0,78566.22,46595.82,622.66,434.3
8901,235744.33,102618.0,39172.39,15082.141,278.73,434.3
8902,172361.28,91765.0,27813.21,14059.71,257.54,434.3
8903,216268.64,92309.0,57728.37,20061.08,484.11,434.3
8904,179320.95,99751.0,31152.11,16267.19,190.71,434.3
8905,167386.23,83314.0,48007.5,13449.0205,387.94,434.3
8906,252418.88,110740.0,60641.69,34110.41,466.18,434.4
8907,202917.12,109574.0,42442.09,25232.05,334.15,434.4
8908,209416.48,104778.0,43092.57,14559.68,348.82,434.4
8909,262143.0,126886.0,81176.79,20602.57,811.74,434.4
8910,171897.6,91950.0,25311.63,17324.22,291.77,434.5
8911,262143.0,100285.0,84510.5,20522.99,567.24,434.5
8912,134113.28,80565.0,52969.14,30107.19,378.16,434.5
8913,211728.16,97685.0,51633.582,28999.99,454.77,434.5
8914,179967.2,87963.0,39269.27,22088.64,454.77,434.6
8915,118963.04,71933.0,34318.01,22548.82,224.94,434.6
8916,210161.28,103780.0,52386.13,19663.18,435.21,434.6
8917,150136.0,82117.0,26792.51,21479.68,309.7,434.6
8918,262143.0,97037.0,137441.58,24969.09,764.47,434.7
8919,250466.72,97132.0,68023.6,22152.65,449.88,434.7
8920,215968.48,101101.0,34224.59,20849.96,254.28,434.7
8921,262143.0,102389.0,140693.98,70170.53,819.89,434.7
8922,199030.72,92892.0,58588.18,7560.1,423.8,434.9
8923,262143.0,114953.0,148491.1,23000.35,1124.7,434.9
8924,182640.64,93669.0,27984.48,16748.13,308.07,434.9
8925,262143.0,102347.0,171200.8,125930.164,1572.95,435.0
8926,35742.56,17780.0,23014.19,160.89,171.15,435.0
8927,233132.48,108144.0,48446.92,23896.49,229.83,435.0
8928,262143.0,113841.0,217277.62,99167.06,2029.35,435.1
8929,109729.76,69353.0,32998.02,13442.101,205.38,435.1
8930,211439.2,91512.0,72448.94,28719.73,660.15,435.1
8931,160508.33,95058.0,33086.25,15898.7,283.62,435.3
8932,246456.0,94121.0,37065.25,11006.26,477.59,435.3
8933,113758.4,62489.0,85282.08,5138.1,1114.92,435.5
8934,183613.92,98913.0,26522.63,14037.22,149.96,435.7
8935,198965.77,107941.0,25500.201,20536.83,273.84,435.7
8936,262143.0,98527.0,59461.832,17819.0,430.32,435.9
8937,262143.0,126356.0,65098.17,30999.871,604.73,435.9
8938,151351.2,93719.0,41625.53,18100.99,268.95,436.0
8939,254307.2,105372.0,35715.85,31356.25,277.1,436.0
8940,191605.12,101749.0,40670.57,12208.61,298.29,436.0
8941,196742.56,95964.0,42817.5,13127.24,317.85,436.1
8942,202952.95,100977.0,27268.26,21962.35,270.58,436.1
8943,211644.16,103152.0,41366.03,20735.78,386.31,436.2
8944,178718.4,93613.0,22387.93,15391.811,192.34,436.3
8945,17157.28,9178.0,4757.5,72.66,177.67,436.4
8946,242578.56,102412.0,78948.555,29482.66,479.22,436.5
8947,154692.16,91072.0,18453.91,4390.74,81.5,436.5
8948,133684.33,71650.0,74824.234,20208.13,588.43,436.5
8949,200645.77,101392.0,34015.26,15935.03,210.27,436.5
8950,256550.56,115621.0,36752.12,17708.28,311.33,436.5
8951,167370.56,86891.0,33337.1,18107.91,345.56,436.6
8952,262143.0,108249.0,94945.86,24995.041,568.87,436.6
8953,34970.88,11494.0,53088.51,110.72,322.74,436.7
8954,172756.64,93584.0,22505.57,10556.46,176.04,436.7
8955,262143.0,101042.0,37802.23,23263.31,472.7,436.8
8956,217640.64,100114.0,56986.2,13051.12,412.38998,436.8
8957,184475.2,97464.0,25046.94,18325.89,241.24,436.8
8958,201053.44,105413.0,53029.69,17203.121,335.78,436.9
8959,185834.88,94349.0,42630.66,13893.63,312.96,436.9
8960,205189.6,102021.0,53685.36,20689.07,396.09,437.0
8961,201138.56,98156.0,42187.78,16519.77,365.12,437.0
8962,114212.0,66984.0,24327.26,12028.69,280.36,437.1
8963,150170.72,83905.0,23329.05,13158.38,306.44,437.2
8964,219748.48,110497.0,36750.39,13585.69,361.86,437.2
8965,183236.48,89804.0,37983.88,16654.71,350.45,437.3
8966,175773.92,95001.0,30428.97,22974.4,207.01,437.3
8967,262143.0,103302.0,61658.93,58939.37,730.24,437.3
8968,169387.69,95349.0,27673.08,13307.16,251.02,437.5
8969,211368.64,109473.0,45348.492,15071.76,435.21,437.6
8970,178982.72,26956.0,262143.0,1428.98,2270.59,437.6
8971,13622.56,5256.0,61577.62,112.450005,376.53,437.8
8972,6856.64,7025.0,3119.19,79.58,89.65,438.2
8973,49685.44,18070.0,94125.84,281.99,414.02,438.3
8974,179640.16,97844.0,23299.64,15326.07,277.1,438.3
8975,67193.28,9638.0,155243.28,133.21,823.15,438.3
8976,72960.164,49285.0,26859.98,212.79001,316.22,438.5
8977,196472.64,95736.0,45030.17,16037.101,244.5,438.5
8978,155286.88,77161.0,57567.48,15374.51,526.49,438.6
8979,177192.95,95671.0,43037.21,15092.5205,326.0,438.8
8980,18486.72,7773.0,26934.371,205.87,185.81999,438.9
8981,160490.4,86901.0,27721.52,14040.68,200.49,438.9
8982,205638.72,97088.0,37752.06,17651.19,252.65,438.9
8983,145427.52,80600.0,32800.8,22100.75,251.02,439.0
8984,156960.16,93328.0,21509.09,10632.58,115.73,439.1
8985,177810.08,94968.0,41623.8,16153.01,244.5,439.1
8986,145584.33,89389.0,18433.15,11328.04,169.52,439.1
8987,211556.8,103152.0,35755.64,16734.291,444.99,439.2
8988,43830.082,28741.0,18163.27,62.28,145.06999,439.2
8989,182341.6,91589.0,34660.55,24123.121,303.18,439.2
8990,112011.2,71652.0,18735.9,9874.84,156.48,439.2
8991,207963.84,101840.0,34862.96,8909.5,176.04,439.2
8992,262143.0,135897.0,40227.69,24946.6,599.84,439.3
8993,170440.48,93014.0,32081.121,21211.53,438.47,439.3
8994,172600.95,88973.0,31390.85,31731.66,309.7,439.4
8995,185570.56,98802.0,31292.24,12938.67,197.23,439.4
8996,177935.52,97254.0,23922.44,21862.01,268.95,439.4
8997,226131.36,99139.0,36854.19,17910.69,360.23,439.5
8998,143025.12,86453.0,23462.26,12350.47,237.98,439.6
8999,158167.52,88213.0,19934.791,12253.59,228.2,439.6
9000,10361.12,6792.0,16165.12,48.440002,184.19,439.6
9001,93287.04,70004.0,13966.29,4551.63,30.97,439.7
9002,162312.64,93020.0,32008.46,9838.51,242.87,439.8
9003,165562.88,85876.0,29067.46,11276.14,205.38,439.8
9004,167417.6,94519.0,33107.01,13936.88,244.5,439.8
9005,172332.16,97532.0,37143.1,6248.7603,244.5,439.8
9006,143579.52,84370.0,27496.621,21490.06,135.29,439.9
9007,180785.92,93941.0,28759.52,20093.951,259.17,439.9
9008,160771.52,93169.0,26185.281,11722.48,255.91,439.9
9009,143754.23,87892.0,21998.68,10428.44,130.4,440.0
9010,143186.4,85579.0,19926.14,11912.78,133.66,440.0
9011,237939.52,112732.0,51090.36,26354.82,449.88,440.0
9012,160764.8,91288.0,33337.1,12706.851,226.56999,440.1
9013,230338.08,107200.0,49284.242,22182.06,397.72,440.1
9014,203295.69,104054.0,32549.951,15108.09,316.22,440.1
9015,157002.72,75330.0,76000.63,43263.84,560.72,440.1
9016,166881.12,91318.0,27839.16,16388.291,267.32,440.3
9017,120383.2,73440.0,34835.28,9354.11,197.23,440.3
9018,138218.08,83061.0,27212.9,7143.17,257.54,440.3
9019,162930.88,94116.0,24546.97,11648.09,185.81999,440.4
9020,199103.52,108036.0,35762.56,17187.55,299.92,440.4
9021,205832.48,96495.0,40930.07,23683.701,464.55,440.5
9022,242275.05,104759.0,38098.06,28442.93,461.29,440.6
9023,173121.77,94683.0,30980.84,15589.03,290.13998,440.6
9024,191549.12,101733.0,39366.152,10668.91,231.46,440.6
9025,188464.64,99152.0,30941.05,21168.28,190.71,440.7
9026,215853.12,84804.0,61828.47,55027.84,687.86,440.7
9027,157198.72,86750.0,34414.89,4529.14,228.2,440.7
9028,16980.32,8637.0,29062.27,51.9,120.62,440.8
9029,159659.36,86252.0,28636.69,10843.64,234.72,440.8
9030,183172.64,99682.0,25879.07,8025.47,202.12,440.8
9031,216939.52,103658.0,68873.03,15277.63,544.42,440.8
9032,170325.12,92516.0,26628.16,10220.84,223.31,440.8
9033,19295.36,12552.0,5593.09,6.92,84.76,440.9
9034,172979.52,104033.0,25757.97,10054.76,101.06,440.9
9035,125744.64,80569.0,28107.31,13212.01,247.76,440.9
9036,226969.12,111268.0,29825.201,18618.26,140.18,441.0
9037,242429.6,112856.0,36567.01,20443.41,515.08,441.1
9038,147337.12,72001.0,34011.8,17002.44,317.85,441.1
9039,157633.28,96205.0,28861.59,13987.05,174.41,441.1
9040,229287.52,107052.0,38528.832,15154.8,288.51,441.2
9041,188942.88,98501.0,27494.89,18384.71,265.69,441.2
9042,66020.64,40848.0,22470.97,288.91,154.85,441.2
9043,140622.72,82544.0,35293.73,15021.59,241.24,441.2
9044,219610.72,106288.0,51524.59,16646.06,306.44,441.3
9045,235602.08,99735.0,53642.11,31020.63,409.13,441.3
9046,160676.33,87036.0,30787.08,12457.73,236.35,441.3
9047,186020.8,101088.0,25064.24,7224.48,215.16,441.3
9048,168549.92,99147.0,29636.63,12504.44,184.19,441.3
9049,198579.36,98765.0,44346.82,16701.42,316.22,441.3
9050,262143.0,119909.0,33821.5,15350.29,234.72,441.4
9051,172819.36,95585.0,16429.81,10966.47,161.37,441.4
9052,162125.6,89461.0,24299.58,4651.97,192.34,441.4
9053,142182.88,82009.0,35086.13,17734.23,309.7,441.5
9054,156994.88,84967.0,38392.16,26372.121,286.88,441.5
9055,121390.08,73757.0,22970.94,12326.25,182.56,441.5
9056,165960.48,96171.0,38686.26,8831.65,213.53,441.5
9057,238232.97,108373.0,47843.152,24491.61,383.05,441.5
9058,216362.72,103089.0,46282.69,17428.02,467.81,441.6
9059,129914.4,78856.0,19959.01,8630.97,283.62,441.6
9060,246298.08,104492.0,61672.77,39641.22,464.55,441.6
9061,208019.84,103361.0,46168.51,16094.19,327.63,441.6
9062,193459.84,99590.0,21382.8,19036.92,182.56,441.6
9063,166458.88,82937.0,42985.31,17796.51,260.8,441.6
9064,218394.4,108683.0,32209.14,22564.39,275.47,441.7
9065,185566.08,94261.0,51733.92,11554.67,322.74,441.7
9066,170472.95,96321.0,43798.41,7414.7803,288.51,441.7
9067,179706.23,93644.0,36807.48,10447.47,153.22,441.8
9068,242487.84,109173.0,41848.7,27709.41,252.65,441.8
9069,194278.56,96616.0,31266.291,26171.44,278.73,441.8
9070,262143.0,106180.0,87456.69,43789.76,630.81,441.8
9071,189264.33,93961.0,25187.07,16445.38,249.39,441.8
9072,184574.88,102968.0,29449.791,16798.3,237.98,441.8
9073,214574.08,102193.0,27904.9,12891.96,210.27,441.9
9074,198682.4,97785.0,53173.28,19396.76,363.49,441.9
9075,207590.88,103898.0,33394.19,15948.87,185.81999,441.9
9076,203704.48,101588.0,37518.51,17331.14,309.7,441.9
9077,178728.48,85797.0,37490.832,25112.68,317.85,441.9
9078,224552.16,105697.0,43402.242,14030.3,329.26,441.9
9079,199004.95,104040.0,20121.63,15888.32,205.38,441.9
9080,262143.0,100663.0,70369.484,19087.09,665.04,442.0
9081,262143.0,98913.0,53482.95,23154.32,575.39,442.0
9082,206524.64,107621.0,37101.582,17953.94,216.79,442.0
9083,108264.8,62463.0,34885.45,126.29,281.99,442.0
9084,208229.28,107971.0,43329.582,20218.51,350.45,442.0
9085,185302.88,99714.0,38902.51,15203.24,309.7,442.0
9086,262143.0,102154.0,60252.44,21050.64,412.38998,442.0
9087,262143.0,115621.0,46429.742,27885.871,394.46,442.1
9088,188015.52,103493.0,28887.541,12964.62,272.21,442.1
9089,182277.77,101164.0,31420.26,24354.94,239.61,442.1
9090,137329.92,75977.0,43796.68,7330.0103,330.88998,442.1
9091,207721.92,100481.0,40521.79,23052.25,414.02,442.1
9092,142568.16,71888.0,33776.52,28195.541,286.88,442.2
9093,223511.69,106752.0,35456.35,14208.49,306.44,442.2
9094,38531.36,27622.0,8490.84,10.38,79.87,442.2
9095,226561.44,106497.0,40321.11,11047.78,500.41,442.2
9096,184801.12,94174.0,27411.85,10011.51,295.03,442.2
9097,185582.88,103297.0,21170.01,15824.311,213.53,442.2
9098,134869.28,85405.0,31209.201,13611.641,254.28,442.2
9099,157080.0,83789.0,36701.95,30771.51,330.88998,442.2
9100,196005.6,104406.0,17241.18,15300.12,159.74,442.2
9101,258436.64,109044.0,65845.53,16246.431,389.57,442.2
9102,262143.0,108452.0,67508.06,9845.43,725.35,442.3
9103,237849.92,105505.0,35900.96,15869.29,193.97,442.3
9104,121170.56,69737.0,31140.0,15890.05,264.06,442.3
9105,212413.6,80113.0,106638.93,20426.11,726.98,442.3
9106,236271.84,112266.0,34364.72,17502.41,288.51,442.3
9107,73760.96,39672.0,47770.492,608.96,304.81,442.3
9108,196090.72,92621.0,37156.94,22988.24,288.51,442.4
9109,252357.28,108565.0,32788.69,28117.69,451.51,442.4
9110,180214.72,102069.0,23521.08,7357.69,290.13998,442.4
9111,187728.8,101311.0,29586.46,12850.44,339.04,442.4
9112,229256.16,108438.0,48625.11,29730.05,396.09,442.4
9113,262143.0,95402.0,82508.89,19715.08,573.76,442.4
9114,262143.0,107283.0,98385.1,44812.19,521.6,442.4
9115,191497.6,91676.0,36053.2,19410.6,319.48,442.5
9116,148172.64,72916.0,49682.14,12705.12,448.25,442.5
9117,235646.88,108724.0,54892.902,13781.18,270.58,442.5
9118,103056.8,57873.0,31620.94,3300.84,233.09,442.5
9119,262143.0,96908.0,52700.992,25334.121,497.15,442.6
9120,167837.6,96835.0,26776.94,6113.82,231.46,442.6
9121,220367.84,110269.0,39025.34,21597.32,373.27,442.6
9122,230639.36,112817.0,62176.2,13883.25,513.45,442.6
9123,91549.92,60357.0,21346.47,12651.49,215.16,442.6
9124,202144.33,105768.0,34648.44,19457.31,211.9,442.6
9125,205013.77,106456.0,40168.87,13210.28,280.36,442.6
9126,232058.4,104882.0,50977.91,24437.98,332.52,442.6
9127,235857.44,109564.0,48896.72,23232.17,420.54,442.6
9128,174026.72,86165.0,42990.5,10930.14,251.02,442.6
9129,215723.2,106781.0,24399.92,20751.35,251.02,442.6
9130,231292.33,108840.0,45943.61,29733.51,340.67,442.7
9131,163168.33,54737.0,38895.59,19427.9,304.81,442.7
9132,258391.84,103852.0,50550.6,32684.89,536.27,442.7
9133,178661.28,87840.0,41940.39,29024.21,454.77,442.7
9134,120564.64,67321.0,24758.03,14578.71,169.52,442.7
9135,169497.44,94255.0,19874.24,17623.51,89.65,442.7
9136,225139.05,101732.0,45082.07,10030.54,433.58,442.7
9137,195092.8,101880.0,24880.86,14679.05,242.87,442.8
9138,174119.69,99696.0,27216.36,18611.34,348.82,442.8
9139,193953.77,104858.0,41343.54,26718.121,339.04,442.8
9140,186576.33,101612.0,31031.01,14597.74,317.85,442.8
9141,167520.64,97099.0,19600.9,21567.91,281.99,442.8
9142,33337.92,16710.0,22396.58,133.21,171.15,442.8
9143,186501.28,97752.0,29335.61,6420.0303,208.64,442.9
9144,262143.0,113312.0,56477.582,8214.04,301.55,442.9
9145,164924.48,93360.0,27396.281,11082.38,229.83,442.9
9146,202535.2,107090.0,32454.8,18279.18,193.97,442.9
9147,247614.08,108453.0,65504.723,26340.98,330.88998,442.9
9148,196608.16,103633.0,36999.51,17429.75,185.81999,442.9
9149,230621.44,76640.0,41632.45,21818.76,304.81,442.9
9150,225961.12,106641.0,60766.25,39388.64,363.49,442.9
9151,199494.4,107106.0,25100.57,20756.541,228.2,442.9
9152,212834.72,95663.0,45872.68,26638.541,386.31,442.9
9153,223037.92,103956.0,40886.82,27955.07,472.7,443.0
9154,154059.36,98004.0,25981.14,8731.311,107.58,443.0
9155,223558.72,99009.0,72092.56,23571.25,687.86,443.0
9156,214572.95,98328.0,49770.37,18291.291,459.66,443.0
9157,149039.52,90133.0,18649.4,8188.0903,57.05,443.0
9158,178379.05,98093.0,35548.04,9189.76,254.28,443.0
9159,160264.16,92901.0,21931.21,7982.22,254.28,443.0
9160,193183.2,102576.0,24339.371,11063.351,251.02,443.1
9161,220212.16,103264.0,71032.07,21232.291,544.42,443.1
9162,255907.69,115060.0,64492.67,17952.21,370.01,443.1
9163,199631.05,103861.0,29570.89,14819.18,244.5,443.1
9164,149735.05,92432.0,23844.59,7319.63,86.39,443.1
9165,171408.16,96601.0,34748.78,7106.84,216.79,443.2
9166,205810.08,97615.0,57406.59,9767.58,228.2,443.2
9167,262143.0,122299.0,58204.12,21211.53,431.95,443.2
9168,162370.88,72697.0,53697.47,32337.16,347.19,443.2
9169,204524.33,104301.0,34458.14,11321.12,205.38,443.2
9170,186379.2,102204.0,20420.92,18597.5,237.98,443.2
9171,188102.88,104545.0,46206.57,24915.46,277.1,443.2
9172,233259.05,109500.0,51195.89,15535.4,459.66,443.2
9173,194949.44,95122.0,34629.41,22950.18,342.3,443.2
9174,172748.8,91803.0,43535.45,10572.03,224.94,443.3
9175,202680.8,93606.0,58581.26,16004.23,370.01,443.3
9176,159597.77,93977.0,27548.52,14326.13,176.04,443.3
9177,178178.56,94149.0,38885.21,13405.7705,234.72,443.3
9178,206554.88,101396.0,24014.13,11971.601,236.35,443.3
9179,256655.84,101356.0,95938.88,42966.28,867.16,443.3
9180,117536.164,68192.0,31999.81,15140.96,299.92,443.4
9181,189508.48,93253.0,58211.04,6556.7,400.98,443.4
9182,183134.56,97755.0,24496.8,18341.46,231.46,443.4
9183,221496.8,109773.0,49495.3,10622.2,326.0,443.4
9184,262143.0,102001.0,76959.055,33707.32,653.63,443.4
9185,88150.72,46563.0,54481.16,275.07,436.84,443.4
9186,262143.0,112067.0,86264.72,61129.55,811.74,443.4
9187,185399.2,86140.0,40720.742,12592.67,244.5,443.4
9188,262143.0,109208.0,46403.79,17005.9,418.91,443.4
9189,201090.4,102665.0,27107.371,6311.04,187.45,443.4
9190,232366.4,112273.0,31067.34,25882.531,177.67,443.5
9191,226303.84,106816.0,30851.09,18128.67,244.5,443.5
9192,184505.44,103444.0,34913.13,11978.5205,335.78,443.5
9193,203720.16,95436.0,57897.91,7399.21,997.56,443.5
9194,54606.72,35690.0,18858.73,190.3,122.25,443.5
9195,162130.08,80770.0,51856.75,16722.18,448.25,443.5
9196,155322.72,79638.0,67831.57,28809.69,653.63,443.5
9197,177497.6,93963.0,33946.06,8675.95,278.73,443.5
9198,179437.44,102498.0,28854.67,17931.451,254.28,443.6
9199,234598.56,106354.0,43056.242,4112.21,400.98,443.6
9200,235508.0,89410.0,119920.14,77552.44,1098.62,443.6
9201,172581.92,96966.0,17087.21,15080.41,125.51,443.6
9202,226166.08,104884.0,54155.92,11549.48,410.76,443.6
9203,262143.0,119256.0,77573.2,24256.33,658.52,443.6
9204,200754.4,101100.0,34568.86,11571.97,260.8,443.6
9205,178701.6,97157.0,31892.55,19574.951,208.64,443.6
9206,184365.44,92976.0,41962.88,18452.18,295.03,443.6
9207,175435.69,96601.0,36923.39,14734.41,288.51,443.6
9208,262143.0,86697.0,45440.18,33868.21,418.91,443.6
9209,189973.28,92321.0,48927.86,21958.89,397.72,443.6
9210,228212.33,109388.0,45118.402,15651.311,215.16,443.7
9211,251929.44,102356.0,28775.09,30512.01,391.2,443.7
9212,176094.23,88721.0,29662.58,5980.61,221.68,443.7
9213,262143.0,113376.0,111564.24,48388.1,976.37,443.7
9214,178317.44,94200.0,30755.94,15270.71,226.56999,443.7
9215,206171.84,96590.0,36319.62,6721.0503,273.84,443.7
9216,220745.28,95788.0,59693.652,49889.742,544.42,443.7
9217,129934.56,81641.0,29195.48,22208.01,246.13,443.7
9218,203031.36,99048.0,42267.36,9992.48,221.68,443.7
9219,229387.2,96980.0,43213.67,15217.08,293.4,443.7
9220,262143.0,121193.0,72192.9,29634.9,570.5,443.7
9221,152465.6,94273.0,18133.86,14175.62,47.27,443.7
9222,175086.23,87076.0,37452.77,9182.84,84.76,443.8
9223,212601.77,101760.0,27555.44,16604.541,418.91,443.8
9224,200020.8,97961.0,58548.39,11328.04,365.12,443.8
9225,262143.0,98200.0,97570.27,19760.06,715.57,443.8
9226,143595.2,82821.0,23773.66,20631.98,145.06999,443.8
9227,200217.92,106173.0,50038.52,31844.11,485.74,443.8
9228,190440.33,96596.0,39386.91,5036.0303,317.85,443.8
9229,194755.69,96920.0,28449.85,21195.96,288.51,443.8
9230,238652.97,110137.0,49211.582,16585.51,506.93,443.9
9231,230795.05,103031.0,39719.07,24514.1,303.18,443.9
9232,40781.44,27196.0,25261.46,219.71,184.19,443.9
9233,262143.0,110980.0,174364.97,109116.29,1147.52,443.9
9234,157113.6,92422.0,31596.72,15587.3,260.8,443.9
9235,207194.4,102292.0,49092.21,12312.41,431.95,443.9
9236,194398.4,103739.0,22230.5,13592.61,167.89,443.9
9237,244727.84,116531.0,72876.25,31146.92,637.33,443.9
9238,180300.95,102100.0,24003.75,13883.25,164.63,444.0
9239,218597.12,96408.0,29271.6,23515.89,353.71,444.0
9240,135522.23,77901.0,22519.41,23626.61,275.47,444.0
9241,201417.44,107312.0,34833.55,15177.29,216.79,444.0
9242,262143.0,99164.0,97483.77,18268.8,753.06,444.0
9243,121742.88,73078.0,36849.0,22050.58,448.25,444.0
9244,220976.0,106309.0,37132.72,26778.67,221.68,444.0
9245,206696.0,101732.0,32190.111,16556.1,264.06,444.0
9246,194419.69,94252.0,37478.72,16592.43,314.59,444.0
9247,262143.0,102032.0,69876.43,21573.1,425.43,444.0
9248,190955.52,98812.0,27877.22,15412.57,224.94,444.1
9249,160933.92,72811.0,37421.63,20388.05,356.97,444.1
9250,257061.28,142608.0,67886.93,31972.13,466.18,444.1
9251,186874.23,98434.0,37200.19,23209.68,190.71,444.1
9252,191637.6,103631.0,44030.23,7945.89,148.33,444.1
9253,228299.69,111224.0,48280.84,13694.68,283.62,444.1
9254,262143.0,125610.0,86629.75,14450.69,536.27,444.1
9255,185418.23,87001.0,64148.402,24936.22,521.6,444.1
9256,190105.44,99269.0,26491.49,13928.23,223.31,444.1
9257,183626.23,100329.0,26308.11,18965.99,286.88,444.2
9258,189353.92,97372.0,32300.83,12130.76,311.33,444.2
9259,167412.0,67333.0,86411.77,1074.33,663.41,444.2
9260,185895.36,98641.0,37013.35,18946.96,218.42,444.2
9261,210930.72,105233.0,38949.22,22659.541,259.17,444.2
9262,123088.0,72377.0,19884.621,16279.3,295.03,444.2
9263,217212.8,104966.0,36907.82,20448.6,306.44,444.2
9264,189162.4,103226.0,29600.3,14149.67,329.26,444.3
9265,191589.44,97493.0,52213.13,24706.13,394.46,444.3
9266,202264.16,98591.0,38971.71,14732.68,391.2,444.3
9267,258672.97,115659.0,61248.92,28086.55,435.21,444.3
9268,218725.92,104831.0,57698.96,18427.96,309.7,444.3
9269,157147.2,92406.0,31290.51,16959.19,301.55,444.3
9270,152856.48,79442.0,39637.76,22604.18,309.7,444.3
9271,262143.0,122904.0,65203.7,28083.09,472.7,444.3
9272,120214.08,69924.0,33830.15,19275.66,244.5,444.4
9273,186715.2,91964.0,33925.3,24162.91,428.69,444.4
9274,138112.8,81636.0,23875.73,17386.5,290.13998,444.4
9275,206594.08,106572.0,34124.25,19239.33,295.03,444.4
9276,261459.52,118476.0,49386.31,29326.96,327.63,444.4
9277,219481.92,110261.0,44324.332,18509.27,423.8,444.4
9278,160723.36,91320.0,24266.71,10329.83,193.97,444.5
9279,218988.0,100515.0,47068.11,11642.9,425.43,444.5
9280,200485.6,98701.0,34449.492,14307.101,185.81999,444.5
9281,175396.48,102917.0,27942.96,15149.61,94.54,444.5
9282,103638.08,53160.0,62245.402,479.21,392.83,444.5
9283,179046.56,95116.0,27972.371,19438.28,275.47,444.5
9284,197948.8,97984.0,48055.94,28787.201,404.24,444.5
9285,204658.72,104958.0,27792.451,14215.41,205.38,444.5
9286,33434.24,12254.0,62086.242,29.41,291.77,444.5
9287,209330.23,99043.0,44416.02,18801.64,246.13,444.5
9288,186369.12,100757.0,28935.98,24541.78,179.3,444.5
9289,172044.33,97005.0,29136.66,17002.44,260.8,444.5
9290,20406.4,5489.0,35774.67,174.73,435.21,444.6
9291,22669.92,13765.0,4162.38,41.52,91.28,444.6
9292,39671.52,7865.0,13443.83,207.6,379.79,444.9
9293,50573.6,14141.0,85076.21,411.74,471.07,445.5
9294,196667.52,90477.0,42250.06,25590.16,370.01,446.5
9295,23019.36,8968.0,68274.45,326.97,291.77,446.6
9296,223415.36,105660.0,32491.13,17964.32,356.97,446.8
9297,194817.28,94909.0,45069.96,6449.44,350.45,447.1
9298,6758.08,6965.0,942.85004,262.96,-21.19,447.2
9299,167045.77,98545.0,27340.92,13513.03,123.88,447.7
9300,206029.6,104384.0,22682.03,15711.86,249.39,447.8
9301,145548.48,82056.0,30150.44,6606.87,332.52,448.0
9302,167050.23,100560.0,33638.12,16644.33,265.69,449.2
9303,180427.52,100619.0,30224.83,14594.28,291.77,449.5
9304,28714.56,10717.0,52149.12,219.71,228.2,449.5
9305,205290.4,102148.0,25010.61,16063.05,255.91,450.1
9306,200123.84,91940.0,45682.38,80770.24,586.8,450.2
9307,16111.2,14445.0,3970.35,171.27,285.25,450.2
9308,238667.52,102613.0,44717.04,27522.57,386.31,450.3
9309,57610.56,38253.0,28974.041,81.31,290.13998,450.4
9310,212915.36,101348.0,42739.652,14592.55,283.62,450.5
9311,28968.8,22176.0,5613.85,17.3,0.0,450.7
9312,54673.92,39720.0,21298.03,93.42,141.81,451.1
9313,113816.64,66541.0,28776.82,11682.69,184.19,451.2
9314,183323.84,103744.0,25275.3,1992.96,97.8,451.5
9315,157132.64,48109.0,58214.5,6162.2603,361.86,451.8
9316,44668.96,16121.0,83195.7,290.64,524.86,451.9
9317,160839.84,91562.0,23043.6,17516.25,189.08,452.0
9318,157105.77,92520.0,17870.9,10636.04,251.02,452.4
9319,150769.92,82342.0,33472.04,24908.541,322.74,452.6
9320,73168.48,51290.0,20031.67,10568.57,88.02,452.6
9321,171271.52,92866.0,43139.28,13353.87,314.59,452.8
9322,163207.52,95166.0,32864.81,11220.78,314.59,452.8
9323,199949.12,97320.0,28107.31,15130.58,215.16,452.8
9324,6428.8,6576.0,724.87,749.09,21.19,452.9
9325,163226.56,82624.0,44076.94,20751.35,260.8,452.9
9326,181199.2,99969.0,33908.0,19725.46,298.29,453.0
9327,186966.08,104066.0,30629.65,19215.11,166.26,453.0
9328,155559.05,83715.0,32428.85,9440.61,195.6,453.0
9329,190481.77,67485.0,57415.242,28154.02,430.32,453.1
9330,175290.08,97848.0,30188.5,10821.15,205.38,453.1
9331,211590.4,103164.0,25879.07,16069.97,158.11,453.1
9332,262143.0,107825.0,60506.75,25714.72,394.46,453.2
9333,175002.23,91800.0,30489.52,12020.04,228.2,453.2
9334,41875.68,26945.0,22377.55,110.72,190.71,453.3
9335,262143.0,86984.0,47351.832,31307.81,378.16,453.3
9336,215867.69,99646.0,30086.43,19097.47,327.63,453.3
9337,200056.64,100496.0,26557.23,16800.03,179.3,453.3
9338,221536.0,103330.0,57114.22,22984.78,391.2,453.4
9339,194992.0,100475.0,31769.72,4750.58,252.65,453.4
9340,196887.05,98656.0,36992.59,15429.87,268.95,453.5
9341,18756.64,5613.0,68302.13,79.58,358.6,453.5
9342,84487.2,51394.0,42037.27,583.01,1015.49,454.2
9343,5022.08,5359.0,653.94,349.46,-14.67,454.2
9344,222382.72,100971.0,31248.99,20701.18,283.62,454.9
9345,183824.48,94228.0,29538.02,15405.65,264.06,455.1
9346,162705.77,88333.0,31221.31,9362.76,275.47,455.4
9347,12188.96,11465.0,785.42,745.63,16.3,455.6
9348,144198.88,87078.0,22237.42,10094.55,146.7,456.0
9349,11566.24,9909.0,4395.93,155.7,17.93,456.3
9350,112499.52,67958.0,31209.201,20853.42,280.36,456.3
9351,183233.12,99601.0,38350.64,7110.3003,255.91,456.4
9352,153644.95,85856.0,31456.59,9876.57,63.57,456.6
9353,130460.96,78901.0,28285.5,13303.7,210.27,456.6
9354,187183.36,97324.0,46483.37,10803.851,334.15,456.7
9355,170819.05,95345.0,25422.35,13566.66,208.64,456.8
9356,168958.72,86361.0,32055.17,12772.59,215.16,456.9
9357,211768.48,100331.0,30280.19,13876.33,239.61,457.0
9358,198724.95,98892.0,48649.332,10881.7,339.04,457.0
9359,169010.23,96060.0,32530.92,18192.68,241.24,457.0
9360,197585.92,100385.0,37087.742,19770.44,301.55,457.1
9361,204438.08,99450.0,47234.19,17753.26,376.53,457.2
9362,75378.24,46762.0,28956.74,188.57,218.42,457.2
9363,183776.33,95205.0,23244.28,16954.0,83.13,457.2
9364,170806.72,97133.0,33433.98,10424.98,216.79,457.3
9365,158986.23,86340.0,33205.62,11919.7,172.78,457.3
9366,168659.69,95457.0,19822.34,6605.14,215.16,457.3
9367,188658.4,99929.0,27273.451,11542.561,236.35,457.4
9368,185002.72,91180.0,24183.67,20734.05,335.78,457.4
9369,153838.72,96389.0,39540.88,17460.89,148.33,457.4
9370,172514.72,91420.0,37681.13,16832.9,161.37,457.5
9371,169122.23,95778.0,20055.89,13513.03,94.54,457.5
9372,231571.2,98492.0,37902.57,15578.65,303.18,457.6
9373,87925.6,58734.0,32764.47,31614.02,361.86,457.7
9374,194191.2,94066.0,50469.29,10028.811,291.77,457.7
9375,148742.72,78265.0,49498.76,14682.51,312.96,457.7
9376,204693.44,104646.0,26505.33,13865.95,189.08,457.7
9377,161063.84,89216.0,19645.88,13391.93,184.19,457.8
9378,176731.52,101630.0,24168.1,19638.96,169.52,457.8
9379,178460.8,90461.0,49375.93,13393.66,257.54,457.8
9380,125827.52,74104.0,22880.98,11533.91,384.68,457.8
9381,239591.52,104138.0,49045.5,24256.33,327.63,457.8
9382,137968.33,47685.0,60989.42,10165.48,467.81,457.9
9383,201194.56,97205.0,75301.71,12414.48,585.17,457.9
9384,222277.44,105069.0,39072.05,22713.17,322.74,457.9
9385,187044.48,100832.0,30446.27,9769.311,210.27,457.9
9386,140157.92,86556.0,36700.22,17102.78,136.92,457.9
9387,183775.2,97076.0,42082.25,5812.8003,268.95,458.0
9388,178264.8,90634.0,33146.8,27121.21,412.38998,458.0
9389,225805.44,100408.0,65764.22,18786.07,423.8,458.1
9390,262143.0,102373.0,106324.07,14808.8,616.14,458.1
9391,162275.69,83304.0,29752.541,11326.311,247.76,458.1
9392,215733.28,93637.0,72786.29,35226.26,410.76,458.1
9393,184376.64,90113.0,40428.37,26199.121,319.48,458.1
9394,230030.08,104723.0,49751.34,43701.53,360.23,458.1
9395,208659.36,104626.0,43220.59,21161.36,368.38,458.2
9396,205614.08,90682.0,45907.28,19073.25,340.67,458.2
9397,154844.48,78629.0,31235.15,8229.61,244.5,458.2
9398,195901.44,102546.0,39971.652,20028.21,309.7,458.2
9399,231476.0,96436.0,77742.74,21832.6,567.24,458.3
9400,220968.16,108904.0,56731.89,22138.81,495.52,458.3
9401,262143.0,114095.0,92712.43,21633.65,634.07,458.4
9402,178739.69,88964.0,46462.61,8947.561,210.27,458.4
9403,262143.0,119651.0,67599.75,32677.97,549.31,458.4
9404,183284.64,88385.0,34195.18,14291.53,195.6,458.4
9405,232357.44,107571.0,59375.332,5413.17,459.66,458.4
9406,247259.05,107235.0,80938.055,29814.82,387.94,458.5
9407,196568.95,97044.0,48867.31,11933.54,268.95,458.5
9408,252644.0,111760.0,71386.72,13926.5,547.68,458.5
9409,256509.12,97509.0,63947.723,37535.81,570.5,458.6
9410,135738.4,78791.0,45722.17,10134.34,275.47,458.6
9411,262143.0,99190.0,56136.77,30055.291,400.98,458.6
9412,187881.12,103028.0,32423.66,12976.73,195.6,458.6
9413,27211.52,11636.0,33293.85,77.85,76.61,458.7
9414,223478.08,102625.0,54908.47,16208.37,295.03,458.7
9415,181620.33,89540.0,26794.24,14589.09,211.9,458.7
9416,149606.23,78983.0,54752.77,40106.59,506.93,458.8
9417,191242.23,104232.0,35132.84,9643.0205,340.67,458.8
9418,262143.0,101271.0,97559.89,29429.031,806.85,458.8
9419,262143.0,108423.0,65338.64,15616.71,446.62,458.8
9420,205018.23,103117.0,32833.67,16125.33,329.26,458.9
9421,262143.0,109760.0,96456.15,45294.86,611.25,458.9
9422,234166.23,112241.0,35624.16,28529.43,410.76,459.0
9423,254923.2,108233.0,44402.18,25038.291,422.17,459.1
9424,202096.16,102623.0,44594.21,19028.27,414.02,459.2
9425,186011.84,95917.0,42724.082,15153.07,293.4,459.4
9426,9793.28,9701.0,629.72003,598.58,35.86,459.5
9427,193142.88,98496.0,25292.6,16576.86,189.08,459.7
9428,185139.36,94128.0,42030.35,14653.101,433.58,459.8
9429,127144.64,77076.0,26583.18,11568.51,207.01,460.0
9430,211121.12,102241.0,31892.55,23557.41,281.99,460.4
9431,19915.84,18869.0,2262.84,1065.68,-26.08,460.4
9432,180616.8,89877.0,39660.25,23396.52,335.78,460.5
9433,166660.48,94361.0,32271.42,17251.56,104.32,460.6
9434,184257.92,99178.0,38421.57,14952.391,311.33,460.7
9435,173453.28,100817.0,16791.38,13407.5,260.8,460.7
9436,222458.88,107294.0,50773.77,20223.701,368.38,460.8
9437,184044.0,90593.0,28306.26,16531.88,244.5,460.9
9438,159642.56,90720.0,33731.54,11985.44,192.34,461.0
9439,179936.95,91503.0,26721.58,13021.71,241.24,461.1
9440,219134.72,105576.0,39575.48,15627.09,304.81,461.2
9441,173912.48,97322.0,29695.451,10082.44,140.18,461.2
9442,167751.36,94401.0,33527.4,18578.47,352.08,461.3
9443,122100.164,77709.0,25046.94,15007.75,213.53,461.4
9444,246450.4,103862.0,55861.7,70146.31,619.4,461.4
9445,186303.05,103605.0,36369.79,11511.42,193.97,461.5
9446,189220.64,101758.0,38468.28,16199.72,268.95,461.5
9447,39210.082,24687.0,21983.11,198.95,210.27,461.5
9448,176218.56,96177.0,36523.76,11246.73,345.56,461.6
9449,171578.4,97437.0,25259.73,11371.29,158.11,461.7
9450,169688.95,87380.0,24446.63,18921.01,226.56999,461.7
9451,178802.4,94167.0,32511.89,13779.45,316.22,461.8
9452,166175.52,86937.0,44988.652,15981.74,309.7,461.9
9453,170784.33,94205.0,25929.24,15120.2,246.13,461.9
9454,172080.16,93748.0,39719.07,15424.68,267.32,462.0
9455,198348.64,100292.0,33120.85,16450.57,361.86,462.1
9456,169421.28,96989.0,19535.16,11028.75,190.71,462.1
9457,206531.36,88349.0,65274.63,44883.12,599.84,462.1
9458,192449.6,102541.0,21417.4,11537.37,223.31,462.2
9459,188907.05,100729.0,27553.71,14770.74,231.46,462.2
9460,156410.23,87440.0,35099.97,17073.371,257.54,462.3
9461,191926.56,99001.0,17255.02,14374.57,182.56,462.3
9462,242322.08,110093.0,47287.82,20216.78,347.19,462.4
9463,262143.0,111229.0,68450.914,16784.46,577.02,462.4
9464,161432.33,83144.0,38752.0,23880.92,371.63998,462.6
9465,197974.56,105277.0,38111.902,13376.36,215.16,462.6
9466,216649.44,105305.0,27313.24,22156.11,329.26,462.6
9467,21263.2,19693.0,5060.25,231.82,193.97,462.6
9468,185757.6,99809.0,29875.371,17761.91,264.06,462.7
9469,224842.23,103498.0,39819.41,30712.69,190.71,462.7
9470,189135.52,89476.0,33504.91,21708.041,291.77,462.8
9471,226409.12,104864.0,50012.57,28230.14,454.77,462.8
9472,193969.44,99554.0,47374.32,25989.791,272.21,462.9
9473,113126.72,57679.0,43827.82,325.24,345.56,463.0
9474,108937.92,63673.0,33023.97,9418.12,339.04,463.0
9475,207660.33,100493.0,48064.59,25306.44,342.3,463.0
9476,173356.95,94677.0,51292.77,9435.42,259.17,463.0
9477,204600.48,100219.0,46073.36,25673.201,374.9,463.1
9478,157338.72,88424.0,22747.77,7516.85,123.88,463.1
9479,234124.8,97752.0,55844.402,18004.11,316.22,463.1
9480,209405.28,96729.0,38449.25,18998.86,265.69,463.1
9481,194181.12,96564.0,33049.92,18812.02,202.12,463.2
9482,206952.48,106441.0,38957.87,11028.75,330.88998,463.2
9483,227169.6,105401.0,50029.87,20185.64,293.4,463.2
9484,177945.6,95646.0,44877.93,10267.55,386.31,463.3
9485,113704.64,59259.0,66357.61,30423.781,643.85,463.3
9486,111317.92,69478.0,25572.86,15858.91,198.86,463.3
9487,176321.6,92484.0,40328.03,16249.891,342.3,463.3
9488,195659.52,99141.0,21362.041,15452.36,283.62,463.4
9489,193467.69,97852.0,57837.36,22047.121,459.66,463.4
9490,115048.64,72845.0,29252.57,26330.6,213.53,463.4
9491,179137.28,94545.0,52301.36,9104.99,376.53,463.5
9492,176892.8,89860.0,33797.28,8933.72,316.22,463.5
9493,172356.8,86365.0,33662.34,13718.9,262.43,463.6
9494,188881.28,100160.0,35819.652,12302.03,257.54,463.6
9495,38259.2,24023.0,31005.06,105.53,347.19,463.6
9496,262143.0,109561.0,56792.44,71390.18,687.86,463.6
9497,215482.4,102334.0,52799.6,16113.22,345.56,463.7
9498,181244.0,96457.0,29285.44,16159.931,260.8,463.7
9499,111848.8,65185.0,37985.61,18396.82,223.31,463.7
9500,229175.52,113295.0,40238.07,14068.36,223.31,463.7
9501,182389.77,96237.0,34522.15,9923.28,392.83,463.8
9502,192036.33,97917.0,26844.41,29499.96,371.63998,463.9
9503,226625.28,104810.0,27008.76,23519.35,355.34,463.9
9504,246944.33,98111.0,47284.36,29058.81,503.67,463.9
9505,178290.56,92173.0,43294.98,7855.93,399.35,463.9
9506,46417.28,10286.0,63151.92,57.09,409.13,464.0
9507,176079.69,100716.0,28965.39,10155.101,304.81,464.0
9508,180417.44,88832.0,64629.34,25759.701,560.72,464.0
9509,204587.05,107628.0,39627.38,16571.67,262.43,464.0
9510,182577.92,95694.0,27171.38,11028.75,231.46,464.0
9511,133882.56,80467.0,39615.27,12039.07,435.21,464.0
9512,181657.28,95942.0,22810.05,14040.68,109.21,464.1
9513,121537.92,78565.0,38063.46,10104.93,317.85,464.2
9514,151775.69,83889.0,42613.36,18357.03,365.12,464.2
9515,35174.72,21089.0,20649.28,169.54001,234.72,464.3
9516,249036.48,102535.0,66060.05,24742.46,590.06,464.3
9517,165533.77,85684.0,32778.31,6817.93,251.02,464.4
9518,259257.6,119290.0,52033.21,28844.291,458.03,464.4
9519,54884.48,31984.0,20896.67,183.38,268.95,464.5
9520,256331.05,107088.0,82991.56,28619.39,669.93,464.5
9521,130671.52,70236.0,33842.26,13352.141,425.43,464.7
9522,199263.69,103948.0,40618.67,21007.39,260.8,464.8
9523,157732.95,94281.0,29029.4,16109.76,107.58,464.9
9524,192469.77,101941.0,28223.22,10762.33,171.15,465.0
9525,170998.23,88100.0,41087.5,16981.68,200.49,465.0
9526,129741.92,79147.0,26214.69,15486.96,195.6,465.0
9527,96368.164,61719.0,45976.48,2236.8901,2291.78,465.1
9528,189519.69,95267.0,34485.82,20118.17,295.03,465.1
9529,169732.64,96973.0,34760.89,7134.52,172.78,465.1
9530,173205.77,93307.0,26520.9,21296.3,301.55,465.2
9531,187901.28,98053.0,30456.65,20438.22,335.78,465.2
9532,123920.164,77966.0,25406.781,11276.14,265.69,465.3
9533,179800.33,97544.0,22194.17,16234.32,233.09,465.3
9534,218490.72,103102.0,49289.43,16085.54,308.07,465.4
9535,204313.77,101527.0,32882.11,16161.66,378.16,465.4
9536,228542.72,102000.0,46971.23,26067.64,280.36,465.5
9537,173404.0,100174.0,16692.77,14727.49,179.3,465.5
9538,186649.12,92117.0,32010.19,4785.18,272.21,465.6
9539,172546.08,97548.0,33864.75,12333.17,233.09,465.6
9540,207467.69,96372.0,30819.951,16909.02,337.41,465.7
9541,193943.69,108840.0,22796.21,24828.96,312.96,465.7
9542,194421.92,101523.0,35811.0,19671.83,187.45,465.8
9543,172249.28,96517.0,21733.99,12575.37,211.9,465.8
9544,182837.77,96789.0,42429.98,18389.9,329.26,465.9
9545,214477.77,114785.0,44222.26,7717.5303,246.13,465.9
9546,194900.16,100510.0,36293.67,15168.641,267.32,465.9
9547,148555.69,89070.0,25825.44,6992.66,176.04,465.9
9548,195773.77,101456.0,35210.69,6311.04,176.04,466.0
9549,192505.6,99043.0,40961.21,20370.75,332.52,466.0
9550,189309.12,99152.0,32980.72,8899.12,270.58,466.1
9551,9879.5205,10081.0,1361.51,262.96,39.12,466.1
9552,184360.95,89260.0,52098.95,17713.47,392.83,466.1
9553,184667.84,95305.0,34312.82,17460.89,400.98,466.1
9554,189014.56,92876.0,42590.87,16959.19,303.18,466.1
9555,53308.64,32952.0,28422.17,178.19,215.16,466.2
9556,238090.72,107145.0,66466.6,18926.201,451.51,466.2
9557,165868.64,97730.0,20529.91,14447.23,148.33,466.3
9558,184151.52,102792.0,17838.03,25948.27,237.98,466.4
9559,156168.33,85412.0,31302.621,10039.19,394.46,466.4
9560,202676.33,99908.0,44262.05,10220.84,335.78,466.4
9561,245116.48,109728.0,38208.78,23391.33,350.45,466.5
9562,187784.8,95409.0,24391.27,13127.24,99.43,466.5
9563,198246.72,100749.0,47917.54,23472.64,335.78,466.6
9564,210229.6,94521.0,48395.02,19242.791,365.12,466.7
9565,201409.6,98119.0,41343.54,17248.1,339.04,466.7
9566,206448.48,100913.0,33726.35,13853.84,329.26,466.7
9567,171590.72,89805.0,42310.61,13141.08,345.56,466.8
9568,187859.84,98279.0,31413.34,27183.49,417.28,466.8
9569,198720.48,99409.0,28794.121,12981.92,241.24,466.8
9570,197809.92,107857.0,26735.42,22645.701,285.25,466.8
9571,36018.082,11067.0,70020.02,117.64,355.34,466.9
9572,262143.0,107020.0,74204.89,28653.99,506.93,466.9
9573,203591.36,102722.0,42616.82,19071.52,327.63,467.0
9574,61900.16,11584.0,115211.08,674.7,769.36,467.0
9575,201881.12,97290.0,43222.32,18739.36,422.17,467.1
9576,216728.95,76667.0,40627.32,7509.93,350.45,467.1
9577,262143.0,87492.0,57961.92,25583.24,495.52,467.1
9578,202614.72,109757.0,35454.62,22137.08,211.9,467.1
9579,195096.16,102517.0,47056.0,15030.24,410.76,467.2
9580,228784.64,98568.0,38224.35,35705.47,255.91,467.2
9581,87151.68,54505.0,37689.78,320.05002,267.32,467.3
9582,156884.0,93756.0,24195.78,13511.3,187.45,467.3
9583,170506.56,92357.0,25380.83,11738.05,216.79,467.3
9584,222425.28,102258.0,31069.07,19519.59,304.81,467.4
9585,7546.56,7833.0,1333.83,133.21,-13.04,467.4
9586,158137.28,85265.0,30491.25,5529.08,104.32,467.4
9587,189039.2,94278.0,42251.79,15371.05,339.04,467.4
9588,8499.68,8137.0,3513.6301,499.97,-11.41,467.5
9589,177328.48,100316.0,23704.46,6551.5103,221.68,467.5
9590,136784.48,82884.0,25721.64,16895.18,189.08,467.5
9591,178576.16,93085.0,39200.07,7189.88,343.93,467.5
9592,213375.69,102656.0,51515.94,30105.46,396.09,467.6
9593,188166.72,100824.0,41343.54,8798.78,189.08,467.6
9594,215583.2,28776.0,243767.38,776.77,2184.2,467.7
9595,5687.36,5632.0,1076.06,762.93,35.86,467.8
9596,175822.08,89689.0,45137.43,8326.49,384.68,467.8
9597,187050.08,104924.0,31555.201,8143.11,281.99,467.8
9598,164411.52,97565.0,20986.63,8902.58,166.26,468.1
9599,159233.77,87741.0,33158.91,10374.811,228.2,468.2
9600,187750.08,99789.0,26231.99,11471.63,249.39,468.3
9601,130073.44,80344.0,50765.12,10623.93,399.35,468.3
9602,159223.69,87871.0,39907.64,26479.38,378.16,468.4
9603,159182.23,86661.0,47661.5,26124.73,409.13,468.5
9604,231361.77,102392.0,36828.242,11964.68,249.39,468.6
9605,133805.28,82196.0,34620.76,17258.48,314.59,468.7
9606,195015.52,103944.0,27178.3,9027.14,329.26,468.8
9607,13538.56,5709.0,42886.7,233.55,288.51,468.9
9608,206062.08,96738.0,25839.281,11919.7,246.13,468.9
9609,200941.44,106659.0,28216.3,10419.79,221.68,469.0
9610,188322.4,93661.0,35933.832,21194.23,337.41,469.1
9611,197499.69,97445.0,24540.05,9021.95,272.21,469.1
9612,152619.05,87652.0,22157.84,16312.17,182.56,469.3
9613,216382.88,106149.0,45524.95,15637.47,422.17,469.4
9614,202163.36,90100.0,38883.48,9433.69,299.92,469.4
9615,186436.33,104097.0,27157.541,21126.76,92.909996,469.4
9616,145023.2,77841.0,20576.621,18408.93,224.94,469.5
9617,191220.95,97347.0,39423.242,12487.141,319.48,469.5
9618,234344.33,111645.0,34954.65,13099.561,301.55,469.7
9619,221767.84,106901.0,55408.44,9013.3,577.02,469.7
9620,179365.77,90930.0,59188.492,33833.61,363.49,469.7
9621,182063.84,100830.0,47291.28,10992.42,233.09,469.8
9622,210400.95,99849.0,33466.85,19526.51,440.1,469.8
9623,183087.52,93388.0,49837.84,9184.57,356.97,469.8
9624,53390.4,32826.0,33461.66,188.57,264.06,469.9
9625,114854.88,69316.0,26771.75,10720.811,295.03,469.9
9626,260790.88,96732.0,70135.93,11528.72,405.87,469.9
9627,200854.08,107041.0,40789.94,13224.12,337.41,469.9
9628,184875.05,95342.0,33352.67,12274.351,275.47,470.0
9629,188676.33,100198.0,27778.61,18019.68,237.98,470.0
9630,248055.36,108528.0,61261.03,23996.83,339.04,470.1
9631,202553.12,100646.0,47116.55,27974.1,368.38,470.1
9632,187339.05,101671.0,22915.58,9248.58,167.89,470.1
9633,107712.64,63049.0,30901.26,25275.3,448.25,470.1
9634,249749.92,102143.0,87664.29,20052.43,563.98,470.2
9635,181876.8,94381.0,35252.21,9459.64,257.54,470.2
9636,262143.0,104850.0,83519.21,20429.57,676.45,470.2
9637,215994.23,107850.0,30181.58,13691.22,299.92,470.2
9638,200437.44,97828.0,39599.7,10475.15,109.21,470.3
9639,210647.36,99142.0,58397.88,15549.24,273.84,470.3
9640,162256.64,64926.0,93644.9,3044.8,754.69,470.3
9641,262143.0,106952.0,60304.34,23031.49,614.51,470.4
9642,178160.64,94368.0,47786.06,18895.06,368.38,470.4
9643,128471.84,74718.0,31740.31,16559.56,286.88,470.4
9644,194755.69,98648.0,21086.97,17071.64,193.97,470.4
9645,167084.95,87283.0,25801.22,18723.791,135.29,470.5
9646,183010.23,97658.0,28820.07,21912.18,264.06,470.5
9647,214411.69,99533.0,40099.67,25280.49,420.54,470.5
9648,248012.8,112766.0,68309.05,20964.14,484.11,470.6
9649,176926.4,102874.0,31916.77,4767.88,226.56999,470.6
9650,262143.0,122768.0,142526.05,112430.97,1066.02,470.6
9651,167404.16,95725.0,24289.201,11808.98,275.47,470.7
9652,175461.44,102788.0,27060.66,13144.54,177.67,470.7
9653,199604.16,100380.0,40701.71,19768.71,267.32,470.8
9654,160777.12,85465.0,31141.73,17997.19,171.15,470.8
9655,228284.0,96112.0,53406.832,18812.02,264.06,470.8
9656,221335.52,94806.0,34952.92,29147.041,337.41,470.9
9657,197975.69,99213.0,33427.06,12101.351,265.69,470.9
9658,182056.0,102517.0,36191.6,15123.66,231.46,470.9
9659,166465.6,95140.0,30889.15,16478.25,192.34,471.0
9660,118026.72,73994.0,42905.73,22460.59,397.72,471.0
9661,218076.33,101985.0,36456.29,25668.01,278.73,471.0
9662,227255.84,100571.0,52052.242,30679.82,502.04,471.0
9663,208416.33,99979.0,57134.98,20247.92,482.48,471.1
9664,234693.77,104981.0,38034.05,29468.82,430.32,471.2
9665,231284.48,107344.0,58401.34,20900.13,397.72,471.2
9666,159902.4,95667.0,22804.86,9089.42,122.25,471.3
9667,173112.8,96337.0,46274.04,18471.21,334.15,471.4
9668,189946.4,109020.0,39504.55,28264.74,340.67,471.5
9669,49505.12,13981.0,136744.39,295.83002,1126.33,471.5
9670,139484.8,85057.0,16353.69,8478.73,120.62,471.7
9671,170658.88,87885.0,50263.42,18825.86,397.72,471.7
9672,200791.36,96581.0,34968.492,19088.82,255.91,471.7
9673,193170.88,103944.0,33527.4,11689.61,254.28,471.8
9674,203719.05,104045.0,45002.492,17843.22,260.8,471.8
9675,178823.69,90653.0,26385.96,19344.86,104.32,471.8
9676,188195.84,96601.0,39469.95,18592.31,358.6,471.9
9677,174322.4,88049.0,38231.27,18872.57,208.64,471.9
9678,147408.8,78430.0,26584.91,14255.2,280.36,472.0
9679,165318.72,88359.0,37177.7,28384.11,241.24,472.0
9680,213192.0,105465.0,27415.31,17284.43,207.01,472.0
9681,182448.0,100020.0,31882.17,11558.13,301.55,472.0
9682,55804.0,33940.0,30934.13,198.95,262.43,472.1
9683,107189.6,70475.0,16921.13,18377.791,185.81999,472.1
9684,63545.44,36045.0,32940.93,145.32,319.48,472.2
9685,203458.08,98529.0,52154.312,24425.871,461.29,472.2
9686,152610.08,71993.0,60935.79,31726.47,485.74,472.2
9687,249310.88,105160.0,49407.07,23202.76,226.56999,472.2
9688,262143.0,100557.0,106671.805,29416.92,625.92,472.3
9689,212388.95,103612.0,43592.54,23806.53,365.12,472.3
9690,158621.12,91689.0,23434.58,21256.51,198.86,472.4
9691,179614.4,91132.0,57935.97,9980.37,464.55,472.4
9692,217067.2,99724.0,39966.46,6719.3203,418.91,472.4
9693,215811.69,105413.0,25939.621,11419.73,143.44,472.4
9694,88594.24,53297.0,23571.25,7677.74,244.5,472.4
9695,176990.23,93801.0,22126.701,5098.31,216.79,472.5
9696,142746.23,84273.0,24277.09,13208.55,138.55,472.5
9697,200514.72,103713.0,36648.32,18633.83,268.95,472.5
9698,219662.23,99557.0,65759.03,22612.83,475.96,472.5
9699,195535.2,101576.0,45452.29,9762.39,304.81,472.5
9700,20708.8,6090.0,26188.74,60.55,236.35,472.6
9701,187252.8,96749.0,26136.84,20734.05,236.35,472.6
9702,183949.92,96616.0,37222.68,10843.64,290.13998,472.6
9703,181834.23,101554.0,31678.031,12378.15,270.58,472.7
9704,189826.56,91256.0,41789.88,9905.98,275.47,472.7
9705,196487.2,100851.0,30044.91,11814.17,277.1,472.7
9706,179562.88,97173.0,25500.201,26968.97,153.22,472.7
9707,168960.95,99171.0,20268.68,10198.351,193.97,472.7
9708,10000.48,8715.0,1937.6,-31.14,8.15,472.8
9709,192100.16,97081.0,45831.16,15009.48,472.7,472.8
9710,230154.4,105825.0,55853.05,18199.6,444.99,472.8
9711,186116.0,102880.0,36257.34,13634.13,257.54,472.8
9712,221491.2,105312.0,43561.402,21310.14,444.99,472.9
9713,187270.72,101236.0,30347.66,18936.58,226.56999,472.9
9714,190708.0,102874.0,32444.42,5703.81,246.13,473.0
9715,176995.84,92961.0,32996.29,10921.49,158.11,473.0
9716,203652.95,99268.0,43807.06,15336.45,321.11,473.0
9717,214177.6,104349.0,47919.27,16741.21,339.04,473.1
9718,165568.48,85503.0,48074.97,43608.11,273.84,473.1
9719,185054.23,98174.0,20498.77,13950.72,290.13998,473.1
9720,191941.12,100319.0,60681.48,12987.11,467.81,473.1
9721,204367.52,101874.0,28005.24,14229.25,329.26,473.2
9722,191667.84,101697.0,36714.06,16151.28,378.16,473.2
9723,262143.0,115569.0,78187.35,40025.28,762.84,473.2
9724,157507.84,96829.0,20083.57,13165.3,189.08,473.3
9725,180050.08,90284.0,43846.85,12324.5205,330.88998,473.3
9726,190217.44,98580.0,32863.082,12203.42,195.6,473.4
9727,132908.16,68144.0,94918.18,28500.02,652.0,473.4
9728,179897.77,90936.0,44270.7,26648.92,386.31,473.4
9729,160203.69,58300.0,15301.851,11840.12,44.01,473.4
9730,65225.44,39502.0,35553.23,152.24,298.29,473.4
9731,205411.36,105221.0,30513.74,20381.13,249.39,473.4
9732,176553.44,97216.0,25370.451,15211.891,193.97,473.4
9733,82519.36,41757.0,45817.32,221.44,353.71,473.4
9734,208602.23,103047.0,45040.55,37490.832,254.28,473.4
9735,207850.72,110613.0,27901.44,17993.73,241.24,473.5
9736,190031.52,99490.0,21448.541,7221.02,221.68,473.5
9737,215068.0,104975.0,47059.46,17651.19,431.95,473.5
9738,192842.72,103189.0,32427.121,13087.45,218.42,473.5
9739,175310.23,90625.0,39163.742,23093.77,339.04,473.5
9740,220708.33,97305.0,44943.67,28027.73,285.25,473.6
9741,180798.23,92049.0,21424.32,8167.33,236.35,473.6
9742,166255.05,88547.0,22702.791,14137.561,149.96,473.6
9743,250496.97,101536.0,66976.95,25304.71,383.05,473.6
9744,187066.88,98040.0,36371.52,14753.44,255.91,473.6
9745,24127.041,6693.0,70492.31,209.33,466.18,473.6
9746,242917.92,109240.0,56283.82,16614.92,272.21,473.6
9747,194622.4,101890.0,33357.86,4177.95,268.95,473.6
9748,96269.6,58666.0,34401.05,14250.01,241.24,473.7
9749,201078.08,97953.0,28830.451,17101.05,158.11,473.7
9750,209704.33,98168.0,61444.41,21737.451,454.77,473.7
9751,178883.05,94920.0,31880.44,12646.3,179.3,473.7
9752,190396.64,96772.0,38525.37,16635.68,281.99,473.7
9753,180247.2,99858.0,34342.23,6612.06,161.37,473.8
9754,220860.64,67844.0,44597.67,28403.14,343.93,473.8
9755,164703.84,98429.0,23233.9,11374.75,218.42,473.8
9756,232522.08,111432.0,69149.83,42841.72,443.36,473.8
9757,254756.33,113980.0,42720.62,15308.7705,436.84,473.8
9758,194222.56,93952.0,34141.55,22218.39,350.45,473.9
9759,239189.44,105714.0,61847.5,23503.78,451.51,473.9
9760,219395.69,105222.0,37871.43,18116.56,278.73,473.9
9761,181470.23,102753.0,37276.31,13916.12,187.45,473.9
9762,218569.12,106996.0,35575.72,15696.29,306.44,473.9
9763,109014.08,67032.0,31522.33,12968.08,345.56,473.9
9764,203664.16,103632.0,22486.541,24022.78,163.0,473.9
9765,139209.28,87052.0,31283.59,7836.9,198.86,474.0
9766,194439.84,98747.0,41869.46,17870.9,202.12,474.0
9767,219142.56,107025.0,39290.03,17310.38,304.81,474.0
9768,189239.69,97868.0,37227.87,11129.09,223.31,474.0
9769,209083.84,99468.0,42362.51,22045.39,356.97,474.0
9770,215804.95,100482.0,34127.71,25339.31,365.12,474.0
9771,262143.0,114184.0,68625.64,8411.26,539.52997,474.0
9772,241427.2,113044.0,44922.91,13492.2705,376.53,474.0
9773,262143.0,115908.0,77654.51,50362.03,681.34,474.0
9774,146909.28,87680.0,35067.1,16848.47,249.39,474.1
9775,262143.0,106500.0,64330.05,27581.39,559.09,474.1
9776,260716.97,110892.0,59302.67,31224.77,330.88998,474.1
9777,180228.16,98028.0,33416.68,8092.94,207.01,474.2
9778,262143.0,87542.0,113451.67,35409.64,777.51,474.2
9779,236499.2,109036.0,40705.17,17926.26,242.87,474.2
9780,187616.8,96012.0,33721.16,22744.31,329.26,474.2
9781,165870.88,94804.0,26648.92,7200.2603,154.85,474.2
9782,96327.84,54939.0,72057.96,44756.832,761.21,474.2
9783,253965.6,94219.0,77130.32,30982.57,508.56,474.3
9784,164904.33,93985.0,29508.61,9698.38,167.89,474.3
9785,179782.4,94177.0,29131.47,18792.99,120.62,474.3
9786,262143.0,94876.0,128449.04,101900.46,1307.26,474.3
9787,198381.12,107391.0,41736.25,17391.69,423.8,474.3
9788,191325.12,101912.0,32065.55,13317.54,317.85,474.4
9789,205645.44,72548.0,33402.84,14611.58,334.15,474.5
9790,215379.36,105781.0,62959.89,16492.09,347.19,474.5
9791,200738.72,105444.0,43860.69,24441.44,361.86,474.5
9792,262143.0,37194.0,262143.0,1958.36,2550.95,474.5
9793,262143.0,119616.0,81540.09,36651.78,801.96,474.5
9794,190248.8,98819.0,36817.86,30252.51,356.97,474.6
9795,206461.92,106881.0,27289.02,18640.75,273.84,474.6
9796,175659.69,92329.0,30835.52,21728.8,197.23,474.6
9797,262143.0,84176.0,87984.34,46535.27,849.23,474.7
9798,146548.64,83480.0,20611.22,8205.39,86.39,474.8
9799,246125.6,98392.0,32619.15,19030.0,280.36,474.8
9800,254513.28,95417.0,69224.22,33619.09,738.39,474.8
9801,207490.08,98598.0,44057.91,51457.12,311.33,474.8
9802,188356.0,94236.0,27083.15,12975.0,179.3,474.9
9803,205263.52,96209.0,48241.05,13968.0205,356.97,474.9
9804,192813.6,101797.0,43450.68,15421.22,329.26,474.9
9805,176590.4,97945.0,33260.98,18189.22,148.33,474.9
9806,190271.2,99569.0,25785.65,20220.24,133.66,474.9
9807,215753.44,95281.0,46663.29,18363.951,361.86,475.0
9808,227393.6,112951.0,64215.87,19702.97,368.38,475.0
9809,238188.16,100887.0,55391.14,18121.75,348.82,475.0
9810,212455.05,108117.0,26417.1,23325.59,317.85,475.1
9811,244707.69,102800.0,60316.45,12936.94,469.44,475.1
9812,211564.64,106252.0,32139.94,24367.05,236.35,475.4
9813,169851.36,92738.0,27318.43,5254.0103,136.92,475.4
9814,219089.92,106213.0,48211.64,29534.56,268.95,475.5
9815,198093.28,99996.0,48652.79,17806.89,415.65,475.5
9816,194697.44,99111.0,31280.13,23770.201,187.45,475.6
9817,201928.16,97437.0,34641.52,15644.391,280.36,475.6
9818,147936.33,80857.0,53655.95,31340.68,427.06,475.8
9819,178121.44,85691.0,22171.68,16137.44,291.77,475.8
9820,184853.77,94234.0,41919.63,13449.0205,319.48,475.9
9821,149069.77,75061.0,34901.02,11250.19,348.82,476.0
9822,166964.0,99088.0,31245.531,9207.061,348.82,476.1
9823,203647.36,107337.0,21322.25,8902.58,223.31,476.1
9824,46371.36,29656.0,25581.51,107.26,174.41,476.1
9825,158174.23,88162.0,31653.81,10836.72,296.66,476.1
9826,188733.44,96597.0,26609.13,16184.15,123.88,476.2
9827,219882.88,97272.0,29027.67,10305.61,202.12,476.3
9828,191276.95,96772.0,38544.402,19682.21,237.98,476.3
9829,186920.16,99481.0,26112.621,12526.93,203.75,476.4
9830,158876.48,92792.0,38400.81,11883.37,153.22,476.5
9831,208305.44,102389.0,41651.48,15986.931,223.31,476.5
9832,207042.08,94468.0,50104.26,16564.75,399.35,476.7
9833,171288.33,96766.0,22944.99,10867.86,135.29,476.7
9834,186831.69,95428.0,38760.652,13132.43,376.53,476.7
9835,170107.84,94373.0,29079.57,14871.08,270.58,476.9
9836,160604.64,93308.0,15533.67,13478.43,169.52,477.0
9837,186101.44,97004.0,39625.652,20843.041,340.67,477.0
9838,165744.33,95845.0,29852.88,12734.53,291.77,477.0
9839,196284.48,95836.0,35243.56,11855.69,207.01,477.2
9840,22738.24,5496.0,51446.742,176.46,272.21,477.4
9841,194818.4,103548.0,32588.01,11618.68,180.93,477.4
9842,174985.44,98317.0,28138.451,17222.15,200.49,477.5
9843,192349.92,95644.0,49178.71,17305.19,306.44,477.6
9844,139903.69,81897.0,27484.51,13981.86,270.58,477.6
9845,205251.2,95967.0,39139.52,11719.0205,353.71,477.7
9846,185177.44,102141.0,17943.56,8217.5,189.08,477.7
9847,17226.72,16548.0,1034.54,1152.18,-16.3,477.7
9848,196488.33,95955.0,41717.22,22299.701,433.58,477.8
9849,149458.4,77684.0,52564.32,26771.75,353.71,477.8
9850,201109.44,100669.0,34132.9,21334.36,270.58,477.8
9851,190286.88,95172.0,37869.7,15978.28,340.67,477.9
9852,150365.6,78736.0,28012.16,11648.09,171.15,477.9
9853,198325.12,98764.0,35669.14,18564.63,363.49,478.0
9854,189359.52,93337.0,36201.98,7861.12,226.56999,478.0
9855,209300.0,110172.0,32297.371,18163.27,347.19,478.0
9856,262143.0,104164.0,62523.93,38762.38,606.36,478.0
9857,145644.8,88352.0,27430.88,9862.73,262.43,478.1
9858,208966.23,104513.0,50239.2,20567.97,374.9,478.1
9859,193404.95,100160.0,27847.81,13419.61,215.16,478.2
9860,139419.84,78889.0,20239.27,14030.3,247.76,478.3
9861,262143.0,102505.0,45466.13,24623.09,386.31,478.3
9862,171706.08,100524.0,29574.35,11999.28,242.87,478.3
9863,254963.52,107609.0,65200.242,15416.03,515.08,478.4
9864,106608.32,66413.0,24713.05,14948.93,249.39,478.4
9865,210742.56,111614.0,46218.68,16625.3,376.53,478.4
9866,208471.2,102995.0,44383.152,13680.84,371.63998,478.5
9867,151168.64,83638.0,24714.78,15128.851,229.83,478.5
9868,173540.64,96796.0,33119.12,9241.66,272.21,478.5
9869,60040.96,23309.0,68014.95,117.64,528.12,478.6
9870,234432.8,108908.0,62951.242,23138.75,327.63,478.6
9871,146034.56,78072.0,35606.86,9487.32,280.36,478.7
9872,221404.97,103436.0,50675.16,23230.44,407.5,478.7
9873,63967.68,38801.0,47095.79,470.56,458.03,478.7
9874,113033.76,75857.0,28024.27,10049.57,286.88,478.8
9875,191325.12,98326.0,43376.29,5601.74,257.54,478.8
9876,142048.48,80725.0,39213.91,12089.24,379.79,479.0
9877,24887.52,17344.0,4819.7803,17.3,73.35,479.0
9878,166766.88,92400.0,27015.68,17242.91,213.53,479.5
9879,33813.92,17565.0,21766.86,160.89,207.01,479.7
9880,32663.68,26141.0,9310.86,17.3,3.26,479.9
9881,191478.56,103733.0,34307.63,20028.21,233.09,479.9
9882,142026.08,85712.0,21495.25,14561.41,229.83,480.0
9883,200481.12,105404.0,41483.67,14225.79,224.94,480.1
9884,180265.12,102641.0,28955.01,16332.931,145.06999,480.2
9885,178048.64,98687.0,33781.71,19613.01,242.87,480.3
9886,187118.4,99521.0,29944.57,12732.8,208.64,480.3
9887,186327.69,98502.0,33792.09,5567.14,198.86,480.4
9888,244373.92,104221.0,57550.18,13992.24,370.01,480.4
9889,185227.84,102473.0,27590.041,12305.49,180.93,480.5
9890,177257.92,100312.0,30269.81,11136.01,164.63,480.5
9891,262143.0,102049.0,64539.38,33086.25,389.57,480.6
9892,149203.05,86297.0,24213.08,16561.291,228.2,480.6
9893,192075.52,93313.0,40104.86,19140.72,262.43,480.6
9894,180818.4,103916.0,32698.73,6734.89,211.9,480.7
9895,172453.12,96171.0,21799.73,12423.13,149.96,480.7
9896,187005.28,94613.0,53341.09,12066.75,409.13,480.8
9897,213233.44,101781.0,25948.27,3117.46,195.6,480.8
9898,172795.84,94128.0,44217.07,9610.15,363.49,480.9
9899,216545.28,105297.0,45995.51,24370.51,397.72,480.9
9900,206494.4,100676.0,41366.03,13435.18,267.32,480.9
9901,206355.52,103388.0,36034.17,23713.11,327.63,481.0
9902,212381.12,107284.0,36418.23,8343.79,229.83,481.0
9903,46998.56,26205.0,31698.791,143.59,334.15,481.0
9904,228790.23,108862.0,31735.121,19064.6,286.88,481.0
9905,28612.64,6317.0,50772.04,340.81,404.24,481.1
9906,262143.0,103451.0,100942.04,39409.402,591.69,481.1
9907,262143.0,98033.0,52192.37,36599.88,735.13,481.1
9908,200029.77,95553.0,41684.35,19178.78,373.27,481.2
9909,217973.28,91389.0,62305.95,38637.82,453.13998,481.2
9910,193006.23,107632.0,35894.04,8795.32,231.46,481.2
9911,173257.28,94085.0,33584.492,12341.82,275.47,481.2
9912,206334.23,89588.0,45760.23,34070.62,327.63,481.2
9913,204843.52,105529.0,22642.24,15649.58,151.59,481.2
9914,194518.23,102869.0,29524.18,14701.54,270.58,481.3
9915,75144.164,43986.0,33226.38,173.0,163.0,481.3
9916,221224.64,93478.0,53162.902,31984.24,552.57,481.3
9917,234255.84,105362.0,51204.54,16139.17,459.66,481.3
9918,139484.8,74541.0,46611.39,19929.6,353.71,481.4
9919,190507.52,97785.0,37506.402,17898.58,330.88998,481.4
9920,64984.64,41689.0,32937.47,273.34,285.25,481.4
9921,223991.05,108457.0,39013.23,22121.51,487.37,481.4
9922,219757.44,103544.0,39866.12,35380.23,425.43,481.4
9923,262143.0,112997.0,142010.52,23237.36,1127.96,481.4
9924,244463.52,97908.0,72907.39,29041.51,609.62,481.4
9925,74205.6,44903.0,30409.94,209.33,246.13,481.4
9926,136880.8,79243.0,33314.61,17002.44,239.61,481.5
9927,176592.64,88290.0,69961.2,17277.51,498.78,481.5
9928,170246.72,91413.0,29672.96,20384.59,347.19,481.6
9929,190746.08,98292.0,28487.91,26335.791,326.0,481.6
9930,97512.8,43534.0,53019.312,674.7,567.24,481.6
9931,178888.64,90424.0,33015.32,10942.25,350.45,481.6
9932,262143.0,100697.0,48561.1,27278.64,647.11,481.6
9933,200781.28,106781.0,40445.67,23716.57,361.86,481.6
9934,94783.36,65207.0,36651.78,6432.14,324.37,481.6
9935,171964.8,98625.0,28780.281,10117.04,255.91,481.6
9936,210875.84,103354.0,53221.72,28743.951,433.58,481.7
9937,186730.88,93120.0,35321.41,30569.1,353.71,481.7
9938,230071.52,111185.0,43409.16,26574.531,399.35,481.7
9939,218419.05,95069.0,47372.59,19465.96,339.04,481.7
9940,177316.16,92104.0,26915.34,15132.311,291.77,481.8
9941,201304.33,97708.0,32286.99,8641.35,239.61,481.8
9942,186303.05,90762.0,40130.81,33541.242,265.69,481.8
9943,154857.92,85142.0,29067.46,18260.15,278.73,481.9
9944,183160.33,94696.0,24700.94,13196.44,76.61,481.9
9945,212558.08,107623.0,36797.1,14106.42,286.88,481.9
9946,188130.88,98843.0,39969.92,19265.28,298.29,481.9
9947,163456.16,90421.0,23031.49,18448.72,192.34,481.9
9948,25150.72,7644.0,50886.22,124.56,311.33,482.0
9949,172084.64,93797.0,30698.85,6143.23,278.73,482.0
9950,146613.6,87481.0,36513.38,15455.82,200.49,482.0
9951,260565.77,106013.0,56103.902,21521.201,355.34,482.0
9952,189042.56,94748.0,33949.52,19587.06,321.11,482.1
9953,18117.12,11744.0,10421.5205,200.68001,480.85,482.1
9954,220032.95,105913.0,40746.69,21107.73,410.76,482.1
9955,211002.4,106197.0,30653.871,16502.47,226.56999,482.1
9956,165981.77,87711.0,34440.84,13661.811,376.53,482.1
9957,124501.44,73667.0,19474.61,10945.71,190.71,482.1
9958,176178.23,95924.0,30077.781,5390.68,153.22,482.2
9959,189190.4,99929.0,33854.37,19464.23,198.86,482.2
9960,196654.08,86853.0,89254.164,12646.3,586.8,482.2
9961,155146.88,77205.0,47507.53,23905.14,409.13,482.2
9962,176151.36,96314.0,31290.51,13884.98,189.08,482.3
9963,190761.77,96792.0,44815.652,10191.43,267.32,482.3
9964,209956.33,92940.0,29477.47,30285.38,242.87,482.3
9965,262143.0,109769.0,68982.02,16616.65,366.75,482.3
9966,191254.56,97497.0,54001.95,21576.56,340.67,482.3
9967,118614.72,77224.0,27244.041,11462.98,278.73,482.3
9968,220494.4,107125.0,39023.61,28410.06,423.8,482.3
9969,166384.95,93345.0,28712.81,10938.79,233.09,482.3
9970,11448.64,8978.0,13919.58,235.28,163.0,482.3
9971,212399.05,103744.0,46505.86,9682.811,402.61,482.4
9972,135679.05,75850.0,36665.62,20583.541,278.73,482.4
9973,262143.0,126248.0,36470.13,19901.92,412.38998,482.4
9974,160857.77,92420.0,23201.03,14085.66,151.59,482.4
9975,262143.0,91977.0,141968.98,15801.82,1292.59,482.4
9976,128674.56,27157.0,87948.01,209.33,718.83,482.4
9977,158167.52,95832.0,34446.03,9277.99,221.68,482.4
9978,9423.68,9408.0,614.15,825.21,-47.27,482.4
9979,262143.0,82636.0,262143.0,2539.6401,7685.45,482.4
9980,262143.0,106548.0,262143.0,57782.0,20756.42,482.4
9981,167369.44,89099.0,40558.12,14907.41,180.93,482.4
9982,169933.12,84765.0,33087.98,6290.2803,386.31,482.4
9983,178832.64,91588.0,29306.201,10850.561,295.03,482.4
9984,200752.16,99130.0,46147.75,10774.44,435.21,482.5
9985,209310.08,102587.0,47481.582,14774.2,448.25,482.5
9986,237301.12,107501.0,70675.69,17751.53,581.91,482.5
9987,201548.48,104470.0,39985.492,24233.84,397.72,482.5
9988,225930.88,100978.0,46471.26,16144.36,322.74,482.5
9989,80416.0,56547.0,36975.29,486.13,192.34,482.5
9990,226462.88,105621.0,52929.35,28875.43,559.09,482.5
9991,208610.08,98044.0,32141.67,17889.93,358.6,482.6
9992,177860.48,98042.0,18718.6,10758.87,226.56999,482.7
9993,194582.08,99160.0,28915.22,13314.08,184.19,482.7
9994,217211.69,86765.0,54226.85,12802.0,537.9,482.9
9995,225649.77,98809.0,58352.902,11511.42,516.71,482.9
9996,170315.05,95405.0,24797.82,13549.36,220.05,482.9
9997,170751.84,75021.0,60103.66,33357.86,479.22,483.0
9998,250625.77,102834.0,86705.87,27830.51,487.37,483.0
9999,247244.48,95942.0,51995.152,17915.88,334.15,483.0
10000,242921.28,104571.0,63518.68,21280.73,350.45,483.0
10001,194197.92,99141.0,22429.451,11111.79,231.46,483.0
10002,195444.48,105380.0,45237.77,8935.45,355.34,483.1
10003,203407.69,109597.0,24865.291,11864.34,365.12,483.1
10004,262143.0,104746.0,117968.7,141228.55,1403.43,483.2
10005,220600.8,111496.0,49112.97,20121.63,387.94,483.2
10006,214704.0,95428.0,34382.02,28698.97,334.15,483.2
10007,147947.52,81760.0,25154.201,10770.98,215.16,483.2
10008,141215.2,80248.0,24363.59,15230.92,259.17,483.3
10009,225587.05,101904.0,27994.86,20220.24,317.85,483.3
10010,184289.28,86482.0,57197.26,30998.14,562.35,483.4
10011,201377.12,102671.0,33145.07,20005.72,303.18,483.4
10012,187696.33,85646.0,44379.69,25292.6,417.28,483.4
10013,184352.0,93768.0,30660.791,15326.07,299.92,483.6
10014,184476.33,92145.0,26863.44,13447.29,268.95,483.6
10015,176776.33,96028.0,15234.38,15864.101,128.77,483.6
10016,168600.33,94757.0,24901.621,12649.76,264.06,483.7
10017,174594.56,90110.0,28948.09,11622.14,343.93,483.7
10018,133459.2,78673.0,25972.49,11999.28,306.44,483.9
10019,202879.05,90380.0,55941.28,32593.201,503.67,484.0
10020,206244.64,105735.0,31127.89,11945.65,285.25,484.0
10021,199119.2,95325.0,40793.402,18576.74,402.61,484.1
10022,82611.2,46854.0,31844.11,228.36,330.88998,484.1
10023,153251.84,92171.0,29138.39,8113.7,295.03,484.2
10024,211295.84,92231.0,43955.84,20509.15,407.5,484.3
10025,151696.16,83198.0,32726.41,16649.52,249.39,484.3
10026,163509.92,86477.0,27551.98,14014.73,190.71,484.3
10027,214948.16,95504.0,40789.94,15921.19,363.49,484.4
10028,169818.88,100261.0,29185.1,12156.71,334.15,484.4
10029,172044.33,96359.0,27081.42,16781.0,176.04,484.4
10030,142405.77,86920.0,30043.18,19059.41,200.49,484.4
10031,129395.84,78784.0,27941.23,9075.58,176.04,484.5
10032,147930.72,84215.0,35594.75,16047.48,246.13,484.6
10033,215147.52,108093.0,44040.61,14296.72,363.49,484.6
10034,194420.8,98025.0,54678.38,22216.66,550.94,484.6
10035,183984.64,98153.0,26484.57,9630.91,176.04,484.7
10036,182008.95,92113.0,40314.19,9098.07,252.65,484.7
10037,247535.69,111672.0,55763.09,14594.28,387.94,484.7
10038,211835.69,102385.0,48213.37,7407.86,277.1,484.7
10039,214052.16,99205.0,45554.36,28361.621,342.3,484.7
10040,153978.72,79469.0,34087.92,20843.041,275.47,484.8
10041,162767.36,96475.0,23528.0,9983.83,96.17,484.8
10042,137765.6,84049.0,26373.85,7383.64,249.39,484.8
10043,104875.68,47317.0,59653.86,679.89,498.78,484.8
10044,210586.88,103108.0,33551.62,16239.51,179.3,484.8
10045,171260.33,88534.0,30799.19,30254.24,288.51,484.9
10046,146852.16,90839.0,23777.121,7487.44,102.69,484.9
10047,185150.56,103816.0,26474.19,11599.65,114.1,484.9
10048,167752.48,93677.0,21194.23,15336.45,229.83,485.0
10049,170869.44,92312.0,37362.81,3892.5,221.68,485.0
10050,181758.08,92372.0,40279.59,15781.061,410.76,485.0
10051,170336.33,95141.0,30015.5,12507.9,221.68,485.0
10052,174083.84,96361.0,23552.22,35752.18,306.44,485.0
10053,187670.56,100781.0,28801.041,16801.76,207.01,485.0
10054,184880.64,96145.0,37343.78,15182.48,304.81,485.0
10055,195452.33,106936.0,37348.97,16661.63,257.54,485.1
10056,211318.23,92690.0,27048.55,27833.97,293.4,485.1
10057,214032.0,107385.0,28237.06,25377.371,189.08,485.1
10058,211608.33,107277.0,51514.21,25344.5,348.82,485.1
10059,180052.33,98052.0,24929.3,11302.09,207.01,485.2
10060,262143.0,112871.0,31838.92,29069.19,422.17,485.3
10061,195167.84,105130.0,37496.02,9617.07,221.68,485.3
10062,155350.72,92817.0,15288.01,10445.74,127.14,485.3
10063,150560.48,86608.0,37883.54,9162.08,360.23,485.3
10064,172417.28,101793.0,29856.34,10926.68,205.38,485.3
10065,234225.6,106053.0,33937.41,22398.31,286.88,485.4
10066,136942.4,79824.0,24635.201,15486.96,213.53,485.4
10067,158667.05,94480.0,22929.42,10383.46,117.36,485.4
10068,175944.16,87757.0,41902.332,20732.32,213.53,485.4
10069,262143.0,100473.0,79287.63,44559.61,733.5,485.4
10070,219606.23,106001.0,42616.82,8362.82,286.88,485.5
10071,262143.0,115592.0,90190.09,37951.01,557.46,485.5
10072,171682.56,93716.0,31075.99,17426.291,187.45,485.5
10073,178987.2,91633.0,29783.68,11449.14,109.21,485.5
10074,223429.92,86984.0,122297.164,25991.52,841.08,485.5
10075,224459.2,99420.0,54515.76,25749.32,405.87,485.6
10076,166290.88,88482.0,32901.14,14250.01,278.73,485.6
10077,220544.8,104861.0,41357.38,12808.92,220.05,485.6
10078,262143.0,99733.0,51488.26,26925.72,361.86,485.6
10079,131448.8,70306.0,24546.97,15786.25,169.52,485.6
10080,225999.2,97319.0,36105.1,13597.8,216.79,485.6
10081,185320.8,84983.0,34876.8,27053.74,293.4,485.6
10082,262143.0,111241.0,49237.53,27979.291,409.13,485.7
10083,235568.48,108961.0,71791.54,18789.53,541.16,485.7
10084,226235.52,104036.0,34165.77,32316.4,293.4,485.7
10085,216665.12,97637.0,47632.09,21112.92,381.42,485.8
10086,262143.0,126685.0,106516.1,28356.43,681.34,485.8
10087,262143.0,113901.0,46220.41,23239.09,489.0,485.8
10088,262143.0,113216.0,80932.86,40551.2,616.14,485.8
10089,262143.0,117500.0,64695.082,46344.97,552.57,485.8
10090,220134.88,107744.0,36399.2,17012.82,233.09,485.9
10091,197542.23,97448.0,44473.11,12302.03,407.5,485.9
10092,248013.92,118816.0,36025.52,29828.66,290.13998,485.9
10093,166675.05,85701.0,35651.84,27719.791,203.75,485.9
10094,224192.64,107705.0,43435.11,24064.3,334.15,485.9
10095,176753.92,79208.0,66504.664,13040.74,655.26,485.9
10096,232702.4,102604.0,66319.55,11625.601,482.48,485.9
10097,189107.52,95623.0,24476.041,16542.26,86.39,486.0
10098,89006.4,58982.0,17578.53,5530.81,180.93,486.0
10099,6532.96,6364.0,647.02,750.82,-40.75,486.0
10100,262143.0,112052.0,108024.664,36144.89,935.62,486.0
10101,241410.4,103368.0,39987.22,13577.04,334.15,486.0
10102,262143.0,129485.0,169245.9,75927.97,1745.73,486.0
10103,262143.0,101073.0,83213.0,32141.67,713.94,486.1
10104,6350.4,5908.0,2399.51,57.09,21.19,486.2
10105,182430.08,87716.0,32728.14,11546.0205,229.83,486.3
10106,181494.88,92957.0,39371.34,9449.26,236.35,486.3
10107,243629.12,102305.0,59920.28,15608.061,493.88998,486.4
10108,170915.36,83595.0,56468.93,19235.871,477.59,486.4
10109,218560.16,107772.0,42980.12,27505.27,306.44,486.5
10110,144665.92,85105.0,24605.791,11542.561,233.09,486.6
10111,262143.0,111129.0,75914.13,25323.74,484.11,486.6
10112,190683.36,101100.0,24649.041,6110.36,205.38,486.6
10113,223043.52,97401.0,35018.66,21958.89,334.15,486.7
10114,252479.36,108269.0,49445.13,28558.84,479.22,486.7
10115,179232.48,101388.0,27562.36,11533.91,174.41,486.7
10116,230517.28,114049.0,39961.27,17428.02,335.78,486.8
10117,262143.0,104303.0,64563.6,28967.121,477.59,486.8
10118,217249.77,98303.0,42805.39,25520.96,376.53,486.8
10119,215155.36,106844.0,44481.76,14222.33,221.68,486.8
10120,193410.56,103118.0,39499.36,11651.55,347.19,486.8
10121,192597.44,100885.0,22640.51,16756.78,189.08,486.8
10122,191665.6,97340.0,44443.7,15960.98,330.88998,486.9
10123,176092.0,97404.0,22002.14,12620.351,288.51,487.0
10124,194196.8,91209.0,29392.701,11578.89,249.39,487.0
10125,172557.28,91564.0,27219.82,20991.82,218.42,487.0
10126,133546.56,22952.0,230802.77,795.8,1180.12,487.0
10127,190663.2,93688.0,36518.57,11930.08,285.25,487.1
10128,177588.33,98197.0,30977.38,14762.09,281.99,487.1
10129,212944.48,103702.0,43945.46,9726.061,365.12,487.1
10130,262143.0,104463.0,190990.27,142517.4,1851.68,487.2
10131,257900.16,101376.0,68800.37,39366.152,730.24,487.2
10132,188919.36,101119.0,30074.32,12212.07,278.73,487.3
10133,152742.23,82953.0,34798.95,13509.57,166.26,487.3
10134,193029.77,102796.0,51844.64,16561.291,277.1,487.3
10135,189004.48,100648.0,28619.39,26562.42,356.97,487.4
10136,166231.52,85418.0,28503.48,15448.9,329.26,487.4
10137,174186.88,87724.0,40570.23,10158.561,317.85,487.5
10138,183385.44,90016.0,68616.99,23815.18,462.92,487.5
10139,262143.0,131716.0,94726.15,41260.5,815.0,487.5
10140,182688.8,90897.0,34664.01,18308.59,290.13998,487.6
10141,172100.33,88519.0,44215.34,6971.9,350.45,487.8
10142,205746.23,109748.0,40879.902,23073.01,314.59,488.0
10143,169568.0,98268.0,25486.36,7300.6,182.56,488.0
10144,172621.12,95677.0,27904.9,9184.57,264.06,488.0
10145,200682.72,92348.0,42028.62,30378.8,275.47,488.1
10146,190029.28,90661.0,31216.121,23457.07,246.13,488.1
10147,228273.92,107669.0,49626.78,5734.95,303.18,488.2
10148,170925.44,92477.0,38236.46,19009.24,345.56,488.2
10149,162168.16,82849.0,51950.17,21057.56,337.41,488.3
10150,190495.2,97078.0,30584.67,11604.84,281.99,488.3
10151,181761.44,99822.0,34887.18,14013.0,211.9,488.3
10152,111820.8,63636.0,47107.902,15692.83,295.03,488.3
10153,196249.77,104012.0,57660.902,10085.9,304.81,488.4
10154,187091.52,100660.0,19102.66,17232.53,161.37,488.4
10155,136319.69,67742.0,30169.47,21363.77,415.65,488.4
10156,230754.72,110381.0,47268.79,41220.71,368.38,488.5
10157,235571.84,110133.0,39800.38,27385.9,397.72,488.5
10158,249266.08,102725.0,65048.0,31326.84,495.52,488.6
10159,262143.0,108182.0,87605.47,34657.09,754.69,488.6
10160,107581.6,59897.0,37502.94,397.9,400.98,488.6
10161,205571.52,106003.0,35691.63,23524.541,228.2,488.7
10162,199844.95,104174.0,43661.742,14343.43,394.46,488.7
10163,23213.12,6672.0,41971.53,110.72,268.95,488.7
10164,190653.12,95276.0,28695.51,11753.62,208.64,488.8
10165,173498.08,92745.0,27702.49,7909.56,246.13,488.8
10166,98379.68,40885.0,78111.234,325.24,935.62,488.9
10167,79896.32,15231.0,206774.8,738.71,1062.76,489.0
10168,144486.72,83101.0,31622.67,6423.49,226.56999,489.0
10169,191584.95,101955.0,18779.15,18270.53,237.98,489.3
10170,152197.92,86273.0,26159.33,23671.59,291.77,489.3
10171,176220.8,93680.0,26598.75,13371.17,224.94,489.3
10172,192812.48,104213.0,26804.621,8774.561,190.71,489.3
10173,254871.69,83092.0,75133.9,17780.94,503.67,489.3
10174,160690.88,87433.0,31453.13,16716.99,164.63,489.4
10175,149222.08,76985.0,59968.72,8082.56,420.54,489.5
10176,229028.8,104649.0,57946.35,19177.05,435.21,489.5
10177,222732.16,101596.0,36648.32,13241.42,229.83,489.5
10178,237118.56,97866.0,39314.25,23202.76,389.57,489.6
10179,185409.28,100788.0,38066.92,21827.41,347.19,489.6
10180,214551.69,109252.0,37435.47,19491.91,339.04,489.6
10181,214509.12,102612.0,50078.312,15985.2,337.41,489.7
10182,146721.12,85428.0,28911.76,6553.24,84.76,489.7
10183,190863.69,99873.0,32565.52,12556.34,226.56999,489.7
10184,155699.05,91885.0,20702.91,12902.34,270.58,489.7
10185,262143.0,97029.0,66208.83,29916.89,497.15,489.8
10186,242752.16,106630.0,70507.88,27413.58,550.94,489.8
10187,162547.84,88926.0,27669.621,13556.28,273.84,489.8
10188,194660.48,102559.0,29702.371,14488.75,264.06,489.8
10189,228086.88,106997.0,43910.86,21747.83,273.84,489.9
10190,190011.36,83473.0,51960.55,16350.23,430.32,489.9
10191,216627.05,102112.0,39369.61,18640.75,322.74,490.0
10192,262143.0,110704.0,52894.75,17114.89,448.25,490.0
10193,195111.84,98260.0,39738.1,9743.36,324.37,490.0
10194,197332.8,87733.0,47184.02,17135.65,379.79,490.0
10195,262143.0,111805.0,209067.05,65873.21,1548.5,490.0
10196,180156.48,103332.0,26408.451,13378.09,163.0,490.4
10197,190868.16,95145.0,36345.57,14831.29,295.03,490.4
10198,19031.041,17601.0,3728.1501,707.57,26.08,490.4
10199,260896.16,112244.0,40890.28,37764.17,368.38,490.7
10200,187007.52,102610.0,32482.48,19946.9,221.68,490.9
10201,151502.4,75931.0,36705.41,13703.33,400.98,491.0
10202,215796.0,92793.0,42492.26,22716.63,236.35,491.0
10203,87646.72,56909.0,23438.041,11265.76,211.9,491.1
10204,177164.95,90769.0,30442.81,24341.1,254.28,491.1
10205,205000.33,100620.0,30755.94,14656.561,366.75,491.1
10206,193035.36,98557.0,18749.74,13148.0,161.37,491.1
10207,131911.36,69907.0,47189.21,19497.1,366.75,491.2
10208,129174.08,74211.0,59008.57,783.69,440.1,491.3
10209,262143.0,101276.0,61162.42,34124.25,573.76,491.3
10210,209901.44,105911.0,44519.82,8535.82,218.42,491.4
10211,29025.92,8896.0,59036.25,131.48,462.92,491.4
10212,231805.28,99044.0,56415.3,21054.1,414.02,491.4
10213,56619.36,12681.0,74832.88,77.85,319.48,491.5
10214,124295.36,75280.0,21277.27,31724.74,272.21,491.5
10215,42828.8,35992.0,20633.71,332.16,410.76,491.5
10216,80022.88,46532.0,43075.27,321.78,319.48,491.6
10217,188643.84,99628.0,32805.992,16230.86,283.62,491.7
10218,97769.28,52158.0,43592.54,304.48,373.27,491.7
10219,225799.84,107306.0,35646.652,22002.14,314.59,491.8
10220,202109.6,104436.0,36617.18,11279.601,190.71,491.8
10221,204198.4,99287.0,23977.8,18004.11,239.61,491.9
10222,205224.33,99626.0,53072.94,15134.04,374.9,492.1
10223,193122.72,91734.0,32117.451,15850.26,244.5,492.1
10224,165252.64,89082.0,25093.65,10918.03,218.42,492.2
10225,13960.8,5084.0,37504.67,34.6,189.08,492.2
10226,183823.36,97186.0,29901.32,13462.86,171.15,492.2
10227,133277.77,75828.0,19862.13,16476.52,171.15,492.3
10228,205447.2,93833.0,49095.67,14030.3,299.92,492.4
10229,237679.69,112671.0,37708.81,25481.17,368.38,492.5
10230,262143.0,78901.0,41059.82,29576.08,497.15,492.5
10231,204124.48,104236.0,40506.22,17561.23,221.68,492.5
10232,194333.44,99693.0,21702.85,13106.48,301.55,492.7
10233,233307.2,113570.0,35176.09,11558.13,355.34,492.7
10234,48325.76,35026.0,14570.061,134.94,176.04,492.8
10235,182627.2,102034.0,27939.5,11689.61,242.87,492.8
10236,176440.33,92993.0,30894.34,11720.75,244.5,492.9
10237,167662.88,97881.0,23043.6,18009.3,220.05,492.9
10238,127324.96,84421.0,15469.66,11431.84,182.56,493.0
10239,177024.95,89109.0,28946.36,31278.4,228.2,493.0
10240,216063.69,96756.0,37584.25,18099.26,332.52,493.0
10241,239561.28,104036.0,56515.64,21054.1,343.93,493.1
10242,108025.12,68384.0,26636.81,12874.66,327.63,493.1
10243,214366.88,102935.0,38859.26,15973.09,301.55,493.2
10244,159236.0,94576.0,27503.541,9175.92,151.59,493.2
10245,177592.8,91018.0,40345.332,19396.76,306.44,493.2
10246,195403.05,98756.0,40400.69,12807.19,381.42,493.3
10247,171420.48,95360.0,28361.621,14452.42,215.16,493.3
10248,219830.23,109154.0,26946.48,19744.49,265.69,493.4
10249,206492.16,105261.0,39618.73,17741.15,343.93,493.4
10250,213475.36,97260.0,29956.68,15580.38,174.41,493.4
10251,195275.36,96437.0,43537.18,9904.25,311.33,493.4
10252,197232.0,98381.0,44026.77,11277.87,303.18,493.5
10253,202968.64,95997.0,45526.68,22808.32,316.22,493.5
10254,232856.97,106416.0,43222.32,25993.25,394.46,493.5
10255,262143.0,120131.0,87916.87,21955.43,461.29,493.6
10256,11655.84,5283.0,21531.58,34.6,171.15,493.6
10257,206137.12,95159.0,109578.2,64504.78,1052.98,493.6
10258,188838.72,95041.0,29335.61,13753.5,291.77,493.7
10259,208073.6,97057.0,26463.81,22479.621,280.36,493.7
10260,262143.0,95805.0,96675.86,55441.312,762.84,493.7
10261,262143.0,111233.0,127781.26,66963.11,1036.68,493.7
10262,165428.48,92094.0,29659.121,7328.2803,224.94,494.0
10263,165372.48,95632.0,17357.09,8393.96,89.65,494.1
10264,200742.08,102561.0,30826.871,32959.96,427.06,494.3
10265,127445.92,85248.0,9321.24,10274.47,237.98,494.3
10266,244267.52,102277.0,50085.23,23778.85,580.27997,494.3
10267,236321.12,108286.0,34600.0,22936.34,477.59,494.5
10268,164138.23,92008.0,22079.99,15812.2,102.69,494.5
10269,198301.6,101593.0,27520.84,13615.101,202.12,494.6
10270,149563.69,39909.0,249841.4,643.56,2006.53,494.6
10271,137920.16,79616.0,20384.59,13933.42,231.46,494.7
10272,162724.8,88494.0,31688.41,7919.94,352.08,495.1
10273,200595.36,103422.0,23434.58,22045.39,288.51,495.2
10274,149416.95,87774.0,30236.94,13365.98,244.5,495.2
10275,80830.4,54612.0,33108.742,13647.97,241.24,495.2
10276,201539.52,97453.0,31186.71,11969.87,207.01,495.3
10277,60822.72,34438.0,40540.82,95.15,322.74,495.5
10278,29540.0,19508.0,9855.811,12.110001,66.83,495.8
10279,235345.6,107671.0,31594.99,15533.67,163.0,495.9
10280,119889.28,70661.0,42504.37,7411.3203,358.6,496.0
10281,233963.52,106161.0,39009.77,29991.281,321.11,496.0
10282,6176.8,5825.0,1290.58,558.79,48.9,496.1
10283,208975.2,105282.0,22884.44,7693.31,228.2,496.1
10284,207072.33,105544.0,35745.26,21394.91,304.81,496.2
10285,144110.4,80791.0,27048.55,18696.11,281.99,496.3
10286,162311.52,93233.0,22317.0,3965.1602,216.79,496.3
10287,201340.16,98032.0,59074.312,21036.8,414.02,496.4
10288,208815.05,104802.0,38753.73,6079.22,195.6,496.4
10289,125259.68,71465.0,29359.83,14663.48,205.38,496.5
10290,262143.0,107915.0,46827.64,24318.61,326.0,496.6
10291,155016.95,92449.0,29797.52,16132.25,200.49,496.6
10292,226005.92,96365.0,40279.59,35233.18,498.78,496.7
10293,159927.05,94765.0,25635.14,7037.64,195.6,496.7
10294,19108.32,16864.0,1294.04,1243.87,-8.15,496.8
10295,262143.0,114557.0,53344.55,21246.13,489.0,496.8
10296,70219.52,40795.0,24655.96,114.18,224.94,496.8
10297,220473.12,106388.0,29693.72,20318.85,234.72,497.0
10298,190275.69,99684.0,40070.26,10217.38,151.59,497.0
10299,83369.44,54402.0,39585.86,335.62,384.68,497.0
10300,215266.23,97860.0,55619.5,15012.94,327.63,497.1
10301,203574.56,102523.0,36437.26,8549.66,339.04,497.2
10302,184251.2,95390.0,38651.66,18536.951,239.61,497.3
10303,190538.88,100975.0,26437.86,13059.7705,167.89,497.4
10304,176864.8,94919.0,20881.1,8241.72,229.83,497.4
10305,180724.33,92736.0,31319.92,20016.1,177.67,497.4
10306,208520.48,100545.0,38724.32,16945.35,327.63,497.5
10307,227395.84,105124.0,52226.97,15540.59,283.62,497.5
10308,178286.08,95721.0,15063.11,15232.65,149.96,497.6
10309,197042.72,98074.0,27847.81,19635.5,332.52,497.6
10310,143647.84,83396.0,30461.84,13751.7705,288.51,497.7
10311,43786.4,20140.0,15722.24,645.29,1700.09,497.7
10312,81692.8,50091.0,34646.71,24508.91,295.03,497.8
10313,242617.77,93779.0,70430.03,19277.39,537.9,497.8
10314,139092.8,81584.0,26989.73,13386.74,228.2,497.8
10315,147750.4,83633.0,31723.01,9641.29,278.73,497.9
10316,105044.8,68297.0,12753.561,7693.31,138.55,497.9
10317,211508.64,98581.0,34063.7,23028.03,272.21,497.9
10318,189902.72,100100.0,35368.12,11475.09,295.03,497.9
10319,209966.4,102792.0,38776.22,11409.351,317.85,498.0
10320,109435.2,75248.0,21727.07,5885.46,169.52,498.0
10321,204925.28,103761.0,33902.81,20915.701,208.64,498.0
10322,191185.12,98449.0,22588.61,20645.82,174.41,498.1
10323,177120.16,93187.0,41509.62,16563.02,283.62,498.1
10324,175036.95,96564.0,19310.26,16519.77,145.06999,498.1
10325,262143.0,105846.0,56674.8,25031.371,490.63,498.1
10326,187158.72,102991.0,30292.3,13634.13,239.61,498.1
10327,262143.0,111948.0,75881.26,25060.781,616.14,498.2
10328,153956.33,94743.0,31029.281,10584.14,210.27,498.2
10329,179612.16,97936.0,33804.2,11580.62,291.77,498.2
10330,215999.84,95579.0,58013.82,32197.031,697.64,498.2
10331,186410.56,100908.0,21647.49,14831.29,226.56999,498.2
10332,217176.95,107013.0,40905.85,13929.96,386.31,498.3
10333,262143.0,112075.0,69205.19,14487.0205,578.65,498.3
10334,183675.52,96129.0,38084.22,16419.43,309.7,498.4
10335,171382.4,95482.0,31787.02,5371.65,298.29,498.4
10336,215444.33,103937.0,53124.84,11108.33,340.67,498.5
10337,262143.0,103376.0,65606.79,33491.07,477.59,498.5
10338,238835.52,108634.0,38371.402,23569.52,391.2,498.5
10339,176736.0,93974.0,33383.81,18507.541,231.46,498.5
10340,185016.16,98354.0,26747.531,8970.05,203.75,498.6
10341,188974.23,104071.0,43483.55,10245.061,303.18,498.6
10342,139544.16,79161.0,32011.92,5297.2603,226.56999,498.6
10343,133010.08,72193.0,28496.56,15694.561,262.43,498.6
10344,196220.64,94684.0,43964.492,21035.07,339.04,498.6
10345,224539.84,104169.0,45877.87,18972.91,226.56999,498.7
10346,215378.23,102041.0,50311.86,34798.95,472.7,498.7
10347,262143.0,107875.0,73640.914,33676.18,619.4,498.7
10348,156331.84,87225.0,30077.781,14208.49,376.53,498.7
10349,163712.64,89044.0,42929.95,19247.98,327.63,498.7
10350,6297.7603,6625.0,1091.63,866.73,35.86,498.7
10351,212229.92,104369.0,39822.87,20943.38,270.58,498.8
10352,200477.77,97744.0,28351.24,12933.48,192.34,498.8
10353,218758.4,98757.0,38040.97,20239.27,278.73,498.8
10354,171921.12,86382.0,42385.0,17282.7,348.82,498.8
10355,219404.64,104947.0,45286.21,15954.061,301.55,498.8
10356,195499.36,95989.0,64610.312,21287.65,487.37,498.9
10357,227326.4,108886.0,60859.67,20768.65,370.01,498.9
10358,198860.48,104966.0,25624.76,6855.99,234.72,499.0
10359,173467.84,98884.0,27211.17,8316.11,174.41,499.0
10360,243532.8,108749.0,53623.082,31172.871,518.34,499.0
10361,180434.23,98689.0,32366.57,16902.1,112.47,499.0
10362,192773.28,97556.0,52152.582,27482.781,374.9,499.0
10363,262143.0,108651.0,97637.74,52008.992,596.58,499.0
10364,228633.44,105629.0,39305.6,18085.42,330.88998,499.0
10365,193277.28,94790.0,27207.71,11848.7705,254.28,499.1
10366,195414.23,105840.0,37835.1,25635.14,286.88,499.1
10367,262143.0,115850.0,240487.3,105763.555,2386.32,499.2
10368,189014.56,98636.0,44576.91,23913.791,278.73,499.2
10369,226316.16,96897.0,31923.69,15025.05,176.04,499.3
10370,200229.12,100235.0,35378.5,20692.53,288.51,499.3
10371,182944.16,96518.0,25757.97,13928.23,285.25,499.3
10372,262143.0,110769.0,95729.555,53038.34,735.13,499.4
10373,41325.76,14630.0,76889.85,420.39,431.95,499.5
10374,66076.64,45568.0,32110.531,261.23,242.87,499.5
10375,221210.08,101366.0,47318.96,13530.33,322.74,499.6
10376,140100.8,84204.0,26344.44,17059.53,260.8,500.3
10377,198365.44,105613.0,42341.75,16419.43,190.71,500.4
10378,187218.08,98170.0,26853.06,9077.311,187.45,500.4
10379,262143.0,102180.0,78111.234,45973.02,441.73,500.5
10380,218964.48,111125.0,41168.81,19308.53,335.78,500.7
10381,198587.2,105211.0,37508.13,15267.25,332.52,500.8
10382,48257.44,31269.0,18915.82,147.05,221.68,500.8
10383,49071.68,30220.0,3352.74,5195.19,27.71,500.9
10384,201317.77,102553.0,35279.89,9393.9,197.23,500.9
10385,165276.16,92309.0,26489.76,13506.11,368.38,501.0
10386,204781.92,94955.0,34809.332,13670.46,306.44,501.0
10387,163336.33,93347.0,23628.34,6774.68,283.62,501.0
10388,57786.4,39966.0,23619.69,285.45,163.0,501.1
10389,203887.05,105497.0,23970.88,17170.25,141.81,501.2
10390,162925.28,96374.0,22055.77,11656.74,220.05,501.2
10391,61380.48,29620.0,30299.22,193.76001,321.11,501.2
10392,153966.4,94301.0,17317.3,6060.19,70.09,501.3
10393,70722.4,37509.0,41528.652,84.770004,148.33,501.3
10394,126506.24,79491.0,33551.62,10886.89,254.28,501.3
10395,188862.23,91400.0,44967.89,17656.38,278.73,501.4
10396,182722.4,89609.0,42670.45,36281.56,446.62,501.5
10397,214450.88,112419.0,32330.24,26145.49,317.85,501.5
10398,170664.48,97554.0,37544.46,11824.55,229.83,501.6
10399,198047.36,99019.0,30629.65,6674.34,308.07,501.6
10400,204843.52,93941.0,48919.21,16545.72,451.51,501.7
10401,7717.92,7329.0,3321.6,36.33,57.05,501.7
10402,157326.4,89209.0,31428.91,10032.2705,197.23,501.8
10403,187793.77,97469.0,43639.25,20168.34,409.13,501.8
10404,120638.56,66104.0,42077.06,17772.291,224.94,501.8
10405,208576.48,100192.0,39300.41,16630.49,370.01,501.9
10406,175311.36,94227.0,28769.9,16979.95,218.42,501.9
10407,69699.84,35754.0,38106.71,283.72,259.17,502.0
10408,175669.77,98763.0,30536.23,18955.61,265.69,502.0
10409,177180.64,92021.0,37165.59,28112.5,440.1,502.0
10410,262143.0,112057.0,56152.34,30813.031,523.23,502.0
10411,214579.69,101715.0,40916.23,11836.66,293.4,502.0
10412,182426.72,96537.0,25313.36,16552.64,228.2,502.0
10413,176177.12,99288.0,34997.9,13459.4,259.17,502.1
10414,118724.484,73016.0,22114.59,11002.8,273.84,502.1
10415,209419.84,100960.0,51784.09,16511.121,324.37,502.1
10416,198001.44,101649.0,36253.88,12440.43,306.44,502.2
10417,243056.8,107253.0,58314.84,24673.26,378.16,502.2
10418,178992.8,86612.0,60250.71,16178.96,386.31,502.2
10419,9458.4,8941.0,3283.54,-3.46,-16.3,502.3
10420,262143.0,101389.0,133059.48,73372.76,1276.29,502.3
10421,262143.0,116230.0,72784.56,47860.45,666.67,502.3
10422,144895.52,82337.0,22784.1,14436.851,386.31,502.4
10423,189651.84,100036.0,23732.14,13926.5,169.52,502.4
10424,198210.88,92668.0,51567.84,19260.09,353.71,502.4
10425,217176.95,101424.0,55389.41,19021.35,472.7,502.4
10426,135095.52,56669.0,22285.86,14025.11,105.95,502.5
10427,194143.05,101033.0,44476.57,7670.8203,288.51,502.5
10428,101363.36,61752.0,34575.78,9859.2705,309.7,502.5
10429,167249.6,56780.0,77914.01,235.28,836.19,502.5
10430,194026.56,97708.0,36696.76,32382.14,264.06,502.6
10431,217670.88,98826.0,36693.3,20702.91,241.24,502.6
10432,232694.56,109408.0,33705.59,10724.2705,267.32,502.7
10433,212000.33,105542.0,40738.04,10030.54,241.24,502.7
10434,11292.96,6324.0,28470.61,31.14,123.88,502.7
10435,262143.0,99278.0,94857.63,26744.07,581.91,502.7
10436,203244.16,89497.0,52005.53,22119.78,365.12,502.7
10437,177228.8,99461.0,31883.9,8239.99,81.5,502.8
10438,262143.0,106965.0,59960.07,26993.19,448.25,502.8
10439,128413.6,71831.0,21235.75,9393.9,185.81999,502.8
10440,262143.0,109273.0,78106.04,14397.061,562.35,502.8
10441,82052.32,50768.0,28782.01,20164.88,193.97,502.8
10442,262143.0,96004.0,61262.76,32930.55,456.4,502.8
10443,262143.0,95193.0,70028.67,31811.24,754.69,502.9
10444,262143.0,110465.0,106462.47,19298.15,546.05,502.9
10445,220025.12,108877.0,33908.0,9141.32,366.75,502.9
10446,240263.52,109088.0,46504.13,16293.141,376.53,502.9
10447,181017.77,78677.0,34574.05,12885.04,312.96,502.9
10448,207669.28,96073.0,39696.582,18749.74,283.62,502.9
10449,204974.56,110612.0,30877.041,14807.07,153.22,502.9
10450,232616.16,101516.0,27479.32,18985.02,312.96,502.9
10451,231986.72,112404.0,49498.76,6169.18,550.94,503.0
10452,262143.0,113652.0,53557.34,47633.82,630.81,503.0
10453,149276.95,83013.0,25584.97,13495.73,166.26,503.0
10454,153064.8,88938.0,23643.91,12082.32,213.53,503.0
10455,168770.56,99042.0,27039.9,17931.451,277.1,503.0
10456,193635.69,102819.0,46308.64,17343.25,448.25,503.1
10457,217808.64,107475.0,34752.242,22062.69,267.32,503.1
10458,228898.88,106204.0,47348.37,15019.86,376.53,503.1
10459,227811.36,105504.0,40793.402,23702.73,471.07,503.1
10460,174786.08,87630.0,31053.5,14319.21,332.52,503.1
10461,169255.52,89388.0,27038.17,11035.67,176.04,503.2
10462,220824.8,103621.0,44236.1,17379.58,317.85,503.2
10463,157270.4,93562.0,27515.65,13904.01,109.21,503.2
10464,208421.92,95568.0,42795.01,28529.43,378.16,503.2
10465,196944.16,92429.0,49320.57,25001.96,471.07,503.2
10466,160324.64,94638.0,32228.17,10812.5,184.19,503.2
10467,228906.72,100716.0,55683.51,23009.0,358.6,503.2
10468,167855.52,90184.0,35769.48,16244.7,213.53,503.2
10469,224045.92,106383.0,40224.23,17884.74,303.18,503.2
10470,212898.56,89585.0,63465.05,42488.8,542.79,503.2
10471,162795.36,91032.0,37359.35,10546.08,304.81,503.2
10472,262143.0,95543.0,74936.68,27423.96,647.11,503.2
10473,237403.05,102117.0,37039.3,33542.97,326.0,503.2
10474,228322.08,110193.0,42592.6,24515.83,224.94,503.3
10475,237726.72,117218.0,91625.99,42225.84,969.85,503.3
10476,262143.0,120169.0,57764.7,46415.902,607.99,503.4
10477,207611.05,96605.0,37992.53,19064.6,360.23,503.4
10478,112002.24,68806.0,27109.1,17602.75,145.06999,503.4
10479,175949.77,91702.0,40743.23,9786.61,267.32,503.4
10480,196257.6,97638.0,41866.0,7067.0503,391.2,503.5
10481,192230.08,104424.0,48311.98,9262.42,343.93,503.5
10482,187070.23,91833.0,24289.201,28423.9,264.06,503.5
10483,262143.0,105345.0,74737.734,28565.76,697.64,503.6
10484,250875.52,75194.0,71848.63,24806.47,472.7,503.6
10485,147714.56,77048.0,31925.42,18647.67,267.32,503.6
10486,257583.2,105383.0,59766.312,31726.47,436.84,503.6
10487,14836.64,6660.0,46043.95,50.170002,415.65,503.7
10488,169150.23,89652.0,25083.27,19497.1,268.95,503.8
10489,216595.69,100625.0,57489.63,22825.621,316.22,503.8
10490,99254.4,15751.0,262143.0,1164.29,1902.21,503.8
10491,171979.36,100875.0,25259.73,9729.5205,237.98,503.8
10492,112112.0,56063.0,50753.01,12473.3,480.85,503.9
10493,217667.52,109388.0,24730.35,9613.61,242.87,504.0
10494,165090.23,97272.0,29207.59,13921.311,218.42,504.2
10495,181351.52,95502.0,36203.71,12850.44,275.47,504.2
10496,171648.95,85221.0,41421.39,28451.58,339.04,504.2
10497,186401.6,100612.0,23444.96,9399.09,159.74,504.3
10498,211861.44,102104.0,43833.01,18832.78,343.93,504.4
10499,215762.4,106245.0,36054.93,26012.281,343.93,504.5
10500,200331.05,98949.0,37708.81,15699.75,308.07,504.6
10501,75852.0,59201.0,31503.3,538.03,831.3,504.7
10502,191085.44,99916.0,46715.19,7061.86,355.34,504.7
10503,236010.88,107828.0,65336.91,12222.45,523.23,504.8
10504,178178.56,95900.0,25903.291,2648.6301,107.58,504.8
10505,205428.16,91160.0,65613.71,30776.701,480.85,504.8
10506,174812.95,90042.0,34797.22,13879.79,330.88998,504.9
10507,29797.6,26778.0,806.18,2768.0,21.19,504.9
10508,186864.16,102012.0,21772.05,12018.311,205.38,505.2
10509,32687.2,24016.0,1211.0,2141.74,34.23,505.2
10510,197887.2,102043.0,45564.742,23697.541,374.9,505.2
10511,13716.64,6961.0,5795.5,25.95,45.64,505.2
10512,162263.36,88005.0,40456.05,16518.041,387.94,505.6
10513,156609.6,86856.0,39985.492,23813.451,337.41,505.8
10514,175474.88,91417.0,28250.9,6961.52,275.47,506.0
10515,211221.92,112453.0,34077.54,7048.02,286.88,506.1
10516,222673.92,109614.0,41475.02,22579.96,412.38998,506.1
10517,260275.69,120295.0,88783.6,31335.49,546.05,506.3
10518,109885.44,65182.0,35089.59,21590.4,330.88998,506.7
10519,187325.6,97541.0,43097.76,20445.14,392.83,506.8
10520,101113.6,60941.0,38380.05,15507.72,205.38,506.8
10521,194498.08,107673.0,42128.96,28430.82,444.99,506.8
10522,202874.56,102356.0,34629.41,25463.871,373.27,506.9
10523,199816.95,102324.0,38869.64,21560.99,363.49,507.0
10524,197746.08,91165.0,73436.77,35260.86,490.63,507.1
10525,124978.56,59476.0,50126.75,36880.14,387.94,507.2
10526,201522.72,96909.0,45166.84,18344.92,332.52,507.3
10527,147070.56,69364.0,36714.06,15723.97,363.49,507.4
10528,220326.4,102168.0,49924.34,21510.82,332.52,507.4
10529,197227.52,97620.0,17692.71,7612.0,159.74,507.5
10530,186212.33,99752.0,27143.701,10873.05,114.1,507.5
10531,148901.77,82119.0,32186.65,24841.07,148.33,507.5
10532,192741.92,103381.0,31010.25,12886.7705,259.17,507.6
10533,235580.8,100511.0,65656.96,36134.51,422.17,507.6
10534,121897.44,71060.0,28020.81,14613.311,296.66,507.7
10535,240247.84,105785.0,36044.55,16978.22,228.2,507.7
10536,161416.64,90196.0,32610.5,11482.01,249.39,507.7
10537,133934.08,83864.0,23981.26,11293.44,224.94,507.8
10538,114120.164,76164.0,26491.49,10158.561,198.86,507.8
10539,159257.28,90317.0,20512.61,13345.22,215.16,507.8
10540,158674.88,92004.0,24619.63,14777.66,190.71,507.9
10541,178844.95,91353.0,28001.781,7563.56,185.81999,507.9
10542,153624.8,86756.0,34766.082,15895.24,244.5,507.9
10543,262143.0,108129.0,62138.14,16037.101,402.61,507.9
10544,155445.92,90002.0,24498.53,12054.64,293.4,508.0
10545,139748.0,84542.0,28278.58,18028.33,224.94,508.0
10546,113313.76,70548.0,18355.3,25379.1,224.94,508.1
10547,139192.48,82068.0,26579.72,18862.19,265.69,508.1
10548,216955.2,100929.0,35722.77,22932.88,247.76,508.1
10549,178440.64,97552.0,20860.34,14099.5,247.76,508.1
10550,216064.8,97860.0,39198.34,18519.65,440.1,508.2
10551,182805.28,98356.0,30008.58,14523.351,277.1,508.2
10552,151393.77,77912.0,52906.86,19261.82,405.87,508.2
10553,193768.95,98586.0,32942.66,10999.34,207.01,508.4
10554,169956.64,95002.0,29122.82,12487.141,255.91,508.4
10555,188451.2,99836.0,36655.242,14585.63,270.58,508.4
10556,146108.48,84892.0,36636.21,10189.7,303.18,508.5
10557,159681.77,94128.0,20995.28,7568.75,177.67,508.5
10558,187315.52,99929.0,43298.44,13217.2,304.81,508.7
10559,199650.08,98938.0,49856.87,19962.47,459.66,508.7
10560,130557.28,77423.0,38129.2,17336.33,397.72,508.7
10561,262143.0,106286.0,66170.77,32524.0,518.34,508.7
10562,204712.48,103154.0,29178.18,16872.69,275.47,508.8
10563,133491.69,78546.0,25140.36,9928.47,275.47,508.8
10564,197659.84,107033.0,32885.57,13762.15,237.98,508.8
10565,167125.28,90316.0,27282.1,12995.76,197.23,508.8
10566,150749.77,90099.0,21254.78,8784.94,122.25,509.0
10567,228491.2,98353.0,37098.12,19254.9,298.29,509.0
10568,123952.64,76909.0,21853.36,12769.13,221.68,509.0
10569,167854.4,95656.0,29288.9,10900.73,233.09,509.0
10570,262143.0,108775.0,88254.22,31494.65,707.42,509.0
10571,166712.0,78569.0,54801.21,24771.871,472.7,509.0
10572,168997.92,94680.0,23147.4,8259.0205,239.61,509.1
10573,174446.72,92420.0,36324.81,10796.93,482.48,509.1
10574,218892.8,105034.0,42122.04,12917.91,366.75,509.1
10575,228842.88,111101.0,44505.98,21467.57,277.1,509.1
10576,185933.44,94654.0,29766.38,10129.15,342.3,509.1
10577,162552.33,90132.0,24470.85,19438.28,224.94,509.2
10578,218858.08,108520.0,41461.18,23626.61,399.35,509.2
10579,236555.2,101517.0,73332.97,20545.48,383.05,509.2
10580,247652.16,102409.0,62305.95,20064.541,265.69,509.2
10581,181099.52,87416.0,48047.29,12122.11,440.1,509.2
10582,256240.33,97677.0,47903.7,28188.621,472.7,509.3
10583,262143.0,112884.0,91214.25,36881.87,872.05,509.3
10584,211133.44,103568.0,34798.95,19978.041,303.18,509.3
10585,202186.88,93137.0,54237.23,17843.22,523.23,509.4
10586,182146.72,99475.0,27728.44,10817.69,166.26,509.4
10587,249434.08,105425.0,56733.62,18429.69,322.74,509.4
10588,143316.33,83656.0,32619.15,11807.25,136.92,509.4
10589,209722.23,95208.0,62574.1,9177.65,562.35,509.4
10590,185306.23,100668.0,32496.32,6707.21,317.85,509.4
10591,199433.92,103139.0,49870.71,22036.74,314.59,509.5
10592,209888.0,108035.0,36099.91,20695.99,324.37,509.5
10593,199264.8,96050.0,35945.94,20732.32,355.34,509.5
10594,236727.69,99864.0,77301.59,58942.832,612.88,509.5
10595,148273.44,71654.0,111098.875,948.04004,726.98,509.5
10596,184201.92,99278.0,28610.74,18242.85,198.86,509.5
10597,171448.48,86945.0,28698.97,14857.24,163.0,509.5
10598,220608.64,107016.0,33352.67,19744.49,285.25,509.5
10599,262143.0,101010.0,77201.25,17505.871,456.4,509.6
10600,102705.12,71172.0,13795.0205,9428.5,65.2,509.6
10601,233517.77,90910.0,93485.74,25809.871,415.65,509.6
10602,210405.44,100589.0,32261.041,12969.811,224.94,509.7
10603,181698.72,94742.0,41308.94,14334.78,210.27,509.8
10604,180449.92,87928.0,32382.14,19993.61,257.54,509.8
10605,249193.28,101969.0,49851.68,21685.55,430.32,509.9
10606,187392.8,105490.0,30306.14,7229.67,288.51,509.9
10607,262143.0,103523.0,59441.07,37580.79,612.88,509.9
10608,96517.12,20782.0,242784.75,788.88,1219.24,509.9
10609,161414.4,96705.0,27629.83,8883.55,138.55,509.9
10610,134988.0,68753.0,81915.5,358.11002,603.1,509.9
10611,179837.28,89694.0,37487.37,15064.84,221.68,509.9
10612,193085.77,105272.0,20685.61,11930.08,141.81,509.9
10613,209708.8,97432.0,38809.09,17751.53,275.47,510.0
10614,197154.72,97733.0,32738.52,17433.21,267.32,510.0
10615,164652.33,91176.0,29871.91,4975.48,236.35,510.0
10616,174081.6,61112.0,32776.582,17706.55,286.88,510.0
10617,171737.44,93018.0,31179.791,12507.9,290.13998,510.0
10618,161234.08,90409.0,23256.39,11708.64,161.37,510.1
10619,184256.8,98103.0,27420.5,8091.21,164.63,510.1
10620,159466.72,96106.0,14476.641,17654.65,148.33,510.1
10621,197286.88,93360.0,40568.5,8836.84,303.18,510.1
10622,209506.08,103960.0,36835.16,12699.93,376.53,510.1
10623,196325.92,103767.0,18474.67,17751.53,304.81,510.1
10624,192276.0,95362.0,35425.21,16390.02,379.79,510.1
10625,106184.96,59688.0,34797.22,6729.7,208.64,510.2
10626,224454.72,97605.0,64146.67,39943.97,236.35,510.2
10627,233027.2,98305.0,46801.69,21258.24,363.49,510.2
10628,236348.0,107908.0,47661.5,16168.58,229.83,510.2
10629,180112.8,86717.0,50043.71,12056.37,342.3,510.2
10630,180582.08,85707.0,49543.742,26680.06,321.11,510.2
10631,262143.0,109863.0,130128.875,97463.01,1429.51,510.3
10632,99532.164,26093.0,104991.97,195.49,637.33,510.4
10633,190846.88,103474.0,35243.56,17813.81,153.22,510.5
10634,70975.52,11852.0,112043.45,707.57,834.56,510.5
10635,130753.28,78908.0,27027.791,5792.04,226.56999,510.5
10636,177187.36,96855.0,23071.28,11988.9,280.36,510.8
10637,51288.16,33604.0,24140.42,173.0,241.24,510.9
10638,224218.4,110088.0,38386.97,27244.041,410.76,510.9
10639,44674.56,31056.0,9610.15,-10.38,30.97,510.9
10640,231286.72,106421.0,55422.28,13163.57,280.36,510.9
10641,181424.33,98351.0,45578.582,10350.59,304.81,511.1
10642,166342.4,94726.0,23256.39,9963.07,164.63,511.2
10643,91565.6,50440.0,43070.082,295.83002,373.27,511.2
10644,157431.69,84860.0,39660.25,12559.8,316.22,511.5
10645,184709.28,102372.0,28820.07,13343.49,125.51,511.5
10646,212919.84,109205.0,28953.281,18028.33,141.81,511.6
10647,202578.88,103676.0,34209.02,12289.92,368.38,511.7
10648,197694.56,105617.0,17511.06,15810.47,166.26,511.8
10649,144821.6,58564.0,27839.16,10047.84,198.86,511.8
10650,183703.52,96345.0,31700.52,10450.93,211.9,511.8
10651,226951.2,110363.0,40921.42,25221.67,389.57,511.9
10652,201952.8,102002.0,24704.4,12765.67,280.36,511.9
10653,163852.64,94708.0,38556.51,18170.19,205.38,511.9
10654,152119.52,82404.0,33295.582,12020.04,293.4,512.0
10655,189838.88,96219.0,24783.98,16831.17,197.23,512.0
10656,179221.28,94000.0,30674.63,8103.3203,149.96,512.0
10657,160670.72,89226.0,29608.951,16543.99,241.24,512.1
10658,164576.16,88578.0,27501.81,17801.701,308.07,512.1
10659,146074.88,86606.0,32392.52,13686.03,342.3,512.2
10660,160000.95,83413.0,44450.62,29295.82,586.8,512.2
10661,183916.33,97841.0,21759.94,8388.7705,148.33,512.2
10662,198086.56,100160.0,36942.42,8741.69,210.27,512.3
10663,222070.23,93747.0,59079.5,28968.85,443.36,512.3
10664,262143.0,98229.0,109394.82,72061.42,1240.43,512.3
10665,218305.92,105650.0,35200.31,17026.66,281.99,512.4
10666,14045.92,7350.0,16194.53,-17.3,83.13,513.1
10667,126248.64,79274.0,25872.15,16879.61,138.55,513.2
10668,79626.4,22591.0,149702.1,588.2,917.69,513.3
10669,179664.8,95871.0,22870.6,14232.71,309.7,513.3
10670,221382.56,98511.0,51387.92,23230.44,384.68,513.5
10671,182861.28,89625.0,37457.96,18678.81,373.27,513.8
10672,22737.12,15608.0,3594.94,27.68,-53.79,513.9
10673,174002.08,95393.0,25590.16,9617.07,203.75,513.9
10674,193146.23,101788.0,39847.09,13208.55,296.66,514.0
10675,195119.69,96982.0,28636.69,8388.7705,319.48,514.1
10676,185065.44,103073.0,34985.79,14253.47,215.16,514.2
10677,173485.77,101617.0,21140.6,7321.36,146.7,514.3
10678,161252.0,93892.0,45320.81,13428.26,319.48,514.4
10679,144406.08,85608.0,26517.44,11582.351,226.56999,514.4
10680,170621.92,97048.0,20003.99,20036.86,312.96,514.5
10681,184975.84,90993.0,33124.31,16433.27,268.95,514.5
10682,209905.92,100022.0,39208.72,14002.62,200.49,514.5
10683,189374.08,95308.0,40058.152,14343.43,218.42,514.6
10684,9541.28,5813.0,3889.04,-36.33,-1.63,514.6
10685,162748.33,92233.0,25100.57,15026.78,169.52,514.6
10686,212548.0,104289.0,37764.17,25197.451,220.05,514.7
10687,148219.69,73060.0,58456.7,23166.43,453.13998,514.7
10688,177489.77,93625.0,22576.5,16741.21,185.81999,514.7
10689,161211.69,95012.0,17753.26,12037.34,192.34,514.7
10690,167493.77,92772.0,38385.242,11959.49,241.24,514.8
10691,241952.48,116972.0,57742.21,31387.39,347.19,514.8
10692,149779.84,89137.0,24052.19,14044.141,101.06,514.9
10693,168489.44,99744.0,35634.54,10511.48,234.72,514.9
10694,163803.36,94816.0,13577.04,8423.37,76.61,515.0
10695,190031.52,101666.0,43151.39,11871.26,221.68,515.0
10696,205692.48,107476.0,47201.32,13577.04,342.3,515.0
10697,210073.92,104373.0,27238.85,18550.791,275.47,515.1
10698,133734.72,76683.0,20190.83,17332.871,135.29,515.1
10699,137478.88,81566.0,21986.57,11013.18,172.78,515.1
10700,175023.52,98277.0,20668.31,17891.66,202.12,515.1
10701,202268.64,99585.0,48187.42,21540.23,254.28,515.1
10702,9209.76,6848.0,3370.04,31.14,34.23,515.1
10703,228845.12,102407.0,32331.97,28261.281,378.16,515.2
10704,196152.33,96103.0,38686.26,21111.19,343.93,515.2
10705,214863.05,105468.0,39212.18,18924.47,324.37,515.2
10706,216988.8,106941.0,30036.26,28764.71,368.38,515.3
10707,161958.72,95432.0,34681.31,14864.16,205.38,515.3
10708,215442.08,101917.0,58994.73,14682.51,308.07,515.3
10709,149660.0,83386.0,29190.291,22410.42,353.71,515.4
10710,202713.28,101996.0,38668.96,34323.2,285.25,515.4
10711,224627.2,103540.0,38874.832,23538.38,400.98,515.4
10712,262143.0,111781.0,103531.85,34703.8,847.6,515.4
10713,61248.32,36021.0,25804.68,171.27,236.35,515.4
10714,262143.0,113388.0,72743.04,48412.32,940.51,515.5
10715,262143.0,125531.0,77727.17,43715.37,883.46,515.5
10716,244196.97,108396.0,47661.5,16960.92,409.13,515.6
10717,214525.92,107565.0,27804.56,17457.43,249.39,515.6
10718,246096.48,104437.0,57884.07,26770.02,436.84,515.7
10719,218330.56,92061.0,56017.402,18626.91,399.35,515.7
10720,208309.92,108826.0,40002.79,9440.61,233.09,515.7
10721,243080.33,104419.0,34954.65,19856.94,304.81,515.7
10722,144549.44,76589.0,35992.652,20602.57,400.98,515.7
10723,129532.484,79889.0,28785.47,7964.92,280.36,515.8
10724,231182.56,102539.0,59517.19,17000.71,332.52,515.8
10725,79147.04,39363.0,33439.17,247.39,321.11,515.8
10726,180733.28,95021.0,23467.451,17261.94,132.03,515.8
10727,88010.72,44273.0,27788.99,209.33,200.49,515.8
10728,216068.16,100489.0,52839.39,11469.9,215.16,515.9
10729,212091.05,94409.0,90091.484,6650.12,643.85,515.9
10730,189408.8,91867.0,52213.13,11141.2,306.44,515.9
10731,213069.92,104587.0,26510.52,14682.51,247.76,515.9
10732,189997.92,93174.0,31776.64,31726.47,272.21,515.9
10733,190149.12,97599.0,26922.26,13609.91,190.71,515.9
10734,197086.4,99007.0,15929.84,13774.26,161.37,515.9
10735,213286.08,104686.0,64677.78,28816.61,436.84,516.0
10736,184598.4,98121.0,29351.18,9077.311,239.61,516.0
10737,163413.6,96776.0,20654.47,13175.68,234.72,516.0
10738,160898.08,91446.0,59342.46,50282.45,617.77,516.1
10739,190358.56,98497.0,43500.85,11151.58,327.63,516.1
10740,149365.44,83725.0,33337.1,11604.84,167.89,516.1
10741,155675.52,89560.0,27292.48,11412.811,208.64,516.1
10742,188079.36,99817.0,23733.871,8982.16,215.16,516.1
10743,172172.0,84932.0,41582.28,9385.25,301.55,516.2
10744,160889.12,90732.0,28209.38,31659.0,275.47,516.2
10745,186651.36,98725.0,28249.17,13367.71,244.5,516.3
10746,24187.52,13077.0,8885.28,15.57,125.51,516.4
10747,141988.0,85469.0,24630.01,10675.83,198.86,516.5
10748,157709.44,81864.0,35011.742,9983.83,220.05,516.5
10749,183061.77,94624.0,35932.1,15938.49,288.51,516.5
10750,180153.12,93245.0,24847.99,8658.65,164.63,517.0
10751,181314.56,97568.0,19187.43,11876.45,205.38,517.1
10752,175119.84,92423.0,19962.47,13751.7705,200.49,517.1
10753,207493.44,106116.0,48282.57,10905.92,410.76,517.3
10754,177489.77,100776.0,26996.65,11411.08,189.08,517.3
10755,178850.56,91904.0,36193.332,4622.56,280.36,517.4
10756,117799.36,72920.0,25318.55,9656.86,237.98,517.5
10757,242430.72,106198.0,51694.13,14689.43,363.49,517.5
10758,107649.92,59364.0,21491.791,28026.0,244.5,517.5
10759,179651.36,93250.0,20111.25,18318.97,216.79,517.5
10760,18936.96,14952.0,5933.9,36.33,97.8,517.5
10761,185364.48,97023.0,46865.7,25505.39,412.38998,517.6
10762,132092.8,77643.0,25880.8,24188.86,281.99,517.6
10763,234050.88,115218.0,44620.16,8632.7,399.35,517.6
10764,166950.56,90357.0,20654.47,13173.95,202.12,517.6
10765,191177.28,101105.0,20621.6,11573.7,268.95,517.7
10766,169442.56,83913.0,36620.64,20763.46,260.8,517.7
10767,224408.8,103241.0,42269.09,17725.58,394.46,517.7
10768,184793.28,97799.0,23557.41,13014.79,314.59,517.7
10769,200174.23,98560.0,60639.96,18682.27,533.01,517.8
10770,209093.92,93253.0,45210.09,10999.34,246.13,517.8
10771,216098.4,105668.0,46985.07,20829.201,268.95,517.8
10772,104592.32,66963.0,20394.97,14834.75,317.85,517.9
10773,182376.33,101166.0,19358.701,14893.57,179.3,517.9
10774,208501.44,104910.0,25688.77,11084.11,278.73,518.0
10775,205899.69,99908.0,37717.46,21022.96,267.32,518.0
10776,255519.05,108632.0,51804.85,24481.23,454.77,518.0
10777,232472.8,106626.0,39997.6,26605.67,431.95,518.0
10778,262143.0,104961.0,60849.29,18149.43,489.0,518.0
10779,193391.52,103268.0,42942.06,21673.44,252.65,518.0
10780,191817.92,94055.0,45921.12,18810.291,329.26,518.0
10781,217929.6,104516.0,30864.93,15632.28,192.34,518.1
10782,220419.36,99999.0,55031.3,12777.78,531.38,518.1
10783,179170.88,84593.0,38655.12,5679.59,392.83,518.1
10784,171513.44,97284.0,33212.54,9380.061,270.58,518.1
10785,262143.0,114154.0,79467.555,16841.55,524.86,518.1
10786,249053.28,107397.0,45992.05,26923.99,433.58,518.1
10787,171252.48,100328.0,28826.99,12409.29,94.54,518.2
10788,225396.64,103169.0,40487.19,17934.91,293.4,518.2
10789,170617.44,98309.0,24586.76,12777.78,195.6,518.2
10790,223493.77,111730.0,45838.082,19228.951,454.77,518.2
10791,200894.4,100182.0,41464.64,23913.791,321.11,518.3
10792,183974.56,95720.0,53733.8,8547.93,324.37,518.3
10793,189097.44,89839.0,30091.621,21953.701,184.19,518.3
10794,262143.0,108257.0,35091.32,38470.01,435.21,518.3
10795,191387.84,102892.0,42646.23,15362.4,440.1,518.3
10796,232752.8,108652.0,49863.79,26704.281,322.74,518.3
10797,262143.0,97262.0,106867.29,59797.45,873.68,518.4
10798,224996.8,96077.0,44782.78,21439.89,371.63998,518.4
10799,229134.08,104193.0,25756.24,22906.93,241.24,518.4
10800,262143.0,137631.0,119325.02,60039.652,903.02,518.4
10801,20452.32,5016.0,81553.93,122.83,373.27,518.4
10802,262143.0,115492.0,75701.34,23076.47,503.67,518.7
10803,188688.64,99681.0,32430.58,9433.69,166.26,518.8
10804,187678.4,95173.0,33207.35,19344.86,281.99,518.9
10805,174604.64,80058.0,52739.05,33039.54,223.31,518.9
10806,174250.72,91236.0,46113.152,10817.69,378.16,518.9
10807,173139.69,88140.0,27904.9,16443.65,330.88998,518.9
10808,230566.56,108176.0,27186.951,25126.52,262.43,519.0
10809,147739.2,82982.0,30918.56,15251.68,288.51,519.0
10810,178584.0,100007.0,30115.84,17915.88,272.21,519.0
10811,251377.28,111691.0,77931.31,32179.73,480.85,519.0
10812,147624.95,88772.0,14665.21,12509.63,101.06,519.1
10813,125076.0,77961.0,24956.98,19704.701,118.99,519.1
10814,79861.6,39592.0,39245.05,160.89,379.79,519.1
10815,189344.95,93036.0,22099.02,12886.7705,226.56999,519.2
10816,28982.24,7938.0,15959.25,617.61,363.49,519.2
10817,168909.44,91513.0,27069.31,10366.16,215.16,519.4
10818,135836.95,78432.0,35053.26,10457.851,185.81999,519.4
10819,98172.48,54654.0,42156.64,14682.51,365.12,519.4
10820,222084.8,109527.0,43398.78,16469.6,295.03,519.5
10821,180428.64,95705.0,33520.48,18177.11,247.76,519.5
10822,172621.12,101426.0,45236.04,18716.871,154.85,519.6
10823,179140.64,89737.0,43445.492,13064.96,312.96,519.6
10824,186812.64,93104.0,39155.09,14487.0205,202.12,519.6
10825,200052.16,94788.0,67241.64,20943.38,603.1,519.6
10826,260898.4,118895.0,57595.16,15824.311,453.13998,519.7
10827,226244.48,97433.0,52024.562,18007.57,381.42,519.7
10828,153608.0,91439.0,29787.14,7061.86,156.48,519.8
10829,250084.8,109473.0,54844.46,31027.55,370.01,519.8
10830,175312.48,96696.0,33824.96,10293.5,242.87,519.8
10831,181300.0,100772.0,30755.94,6101.71,187.45,519.8
10832,262143.0,113127.0,156646.31,38416.38,1313.78,519.9
10833,180300.95,91136.0,24937.951,13532.061,177.67,519.9
10834,196498.4,97980.0,23822.1,11108.33,210.27,520.0
10835,262143.0,112612.0,55977.61,25197.451,303.18,520.0
10836,262143.0,116461.0,70033.86,21934.67,647.11,520.1
10837,180552.95,96070.0,44857.17,19945.17,358.6,520.1
10838,259861.28,116343.0,62875.12,46879.54,352.08,520.2
10839,212033.92,103440.0,46877.81,17376.121,316.22,520.2
10840,262143.0,122501.0,158855.52,77315.43,1274.66,520.3
10841,205196.33,92229.0,46436.66,24780.52,268.95,520.4
10842,194698.56,101221.0,25792.57,10258.9,202.12,520.5
10843,161866.88,90470.0,38347.18,13452.48,239.61,520.5
10844,230210.4,98898.0,59544.87,17445.32,534.64,520.6
10845,128822.4,72065.0,41353.92,17559.5,242.87,520.6
10846,262143.0,106349.0,88518.914,24669.8,678.08,520.7
10847,71408.96,46273.0,36221.01,214.52,285.25,520.8
10848,41630.4,16125.0,49713.28,57.09,246.13,520.9
10849,127669.92,73037.0,34774.73,17478.19,428.69,521.0
10850,64398.88,38209.0,32906.332,361.57,275.47,521.0
10851,212653.28,104260.0,38840.23,17184.09,298.29,521.1
10852,234507.84,103146.0,46559.492,13663.54,391.2,521.1
10853,175694.4,103093.0,20915.701,16796.57,244.5,521.2
10854,215318.88,107619.0,49868.98,27716.33,518.34,521.2
10855,162199.52,97131.0,40227.69,9655.13,251.02,521.3
10856,163136.95,89153.0,36112.02,16974.76,224.94,521.4
10857,153342.56,82854.0,19002.32,12926.561,254.28,521.4
10858,13829.76,6860.0,12632.46,100.340004,138.55,521.4
10859,190301.44,103465.0,36845.54,9028.87,216.79,521.5
10860,137173.12,72865.0,51929.41,6663.96,306.44,521.6
10861,139883.52,78149.0,23841.13,11994.09,215.16,521.6
10862,172364.64,99087.0,31204.01,11044.32,221.68,521.6
10863,162456.0,95609.0,23844.59,7250.43,192.34,521.8
10864,238389.77,112112.0,35144.95,14059.71,210.27,521.8
10865,204481.77,97741.0,51090.36,19903.65,361.86,521.9
10866,217358.4,101313.0,49106.05,15094.25,397.72,522.0
10867,242256.0,110270.0,60223.03,41331.43,555.83,522.1
10868,262143.0,115521.0,67179.36,12686.09,371.63998,522.1
10869,116505.76,71409.0,31165.951,14788.04,231.46,522.1
10870,22111.041,19588.0,5766.09,276.8,71.72,522.2
10871,224563.36,103481.0,31607.1,20327.5,280.36,522.2
10872,167901.44,87104.0,40381.66,15659.96,308.07,522.3
10873,209198.08,101416.0,39253.7,16345.04,247.76,522.3
10874,147436.8,93525.0,24382.621,11379.94,192.34,522.4
10875,21062.72,5457.0,56308.04,335.62,286.88,522.5
10876,182851.2,98521.0,20355.18,14419.55,187.45,522.6
10877,169256.64,86148.0,41931.742,24789.17,342.3,522.6
10878,214062.23,105956.0,40364.36,28456.77,262.43,522.7
10879,241786.72,102953.0,49567.96,10117.04,312.96,522.8
10880,127358.56,77189.0,33252.332,19177.05,293.4,522.8
10881,223652.8,107851.0,45300.05,22751.23,207.01,522.9
10882,191289.28,96557.0,26747.531,12810.65,182.56,523.0
10883,180658.23,101439.0,30079.51,21128.49,241.24,523.0
10884,193021.92,90205.0,45910.742,15018.13,361.86,523.0
10885,122645.6,74461.0,34004.88,8741.69,184.19,523.1
10886,219576.0,101693.0,33150.26,14035.49,361.86,523.1
10887,164409.28,92950.0,28448.121,10046.11,205.38,523.1
10888,167884.64,86494.0,23822.1,8203.66,130.4,523.2
10889,195941.77,100589.0,43732.67,12085.78,311.33,523.2
10890,262143.0,103463.0,63060.23,33823.23,363.49,523.2
10891,183926.4,91263.0,24450.09,10120.5,182.56,523.3
10892,147778.4,81173.0,28666.1,17907.23,180.93,523.4
10893,189067.2,101776.0,39229.48,14518.16,267.32,523.4
10894,167817.44,96012.0,27320.16,6387.16,210.27,523.4
10895,193994.08,98989.0,42675.64,17320.76,237.98,523.4
10896,148719.2,87684.0,29503.42,9333.351,226.56999,523.4
10897,205940.0,101780.0,39928.402,13329.65,340.67,523.5
10898,149213.12,87862.0,23600.66,10926.68,278.73,523.6
10899,141095.36,85112.0,18690.92,13881.5205,166.26,523.6
10900,194754.56,105073.0,42656.61,14063.17,268.95,523.6
10901,170293.77,77710.0,47049.082,4318.08,353.71,523.7
10902,226733.92,108687.0,42957.63,24351.48,321.11,523.7
10903,165646.88,92776.0,27702.49,15708.4,262.43,523.7
10904,28470.4,27109.0,1186.78,1136.61,-55.42,523.9
10905,15833.44,7090.0,43762.082,212.79001,210.27,523.9
10906,160236.16,96429.0,29254.3,9925.01,211.9,523.9
10907,145026.56,85337.0,22752.96,12575.37,251.02,523.9
10908,180165.44,97485.0,28394.49,13500.92,228.2,524.0
10909,199181.92,104758.0,34070.62,11746.7,239.61,524.0
10910,182706.72,91620.0,41490.59,18948.69,355.34,524.0
10911,22621.76,15560.0,1776.71,-31.14,16.3,524.1
10912,172102.56,92085.0,27615.99,17718.66,104.32,524.1
10913,198000.33,109069.0,37451.04,4646.7803,311.33,524.1
10914,213592.95,101956.0,30522.39,15665.15,158.11,524.1
10915,54607.84,38228.0,15573.46,81.31,158.11,524.2
10916,178922.23,93241.0,38556.51,23465.72,358.6,524.2
10917,262143.0,120728.0,96200.11,43115.06,704.16,524.4
10918,186811.52,102812.0,22534.98,9499.43,104.32,524.4
10919,172023.05,100429.0,25351.42,18100.99,226.56999,524.5
10920,159807.2,89677.0,17457.43,17306.92,176.04,524.6
10921,154461.44,85888.0,31380.47,13526.87,304.81,524.7
10922,198962.4,97725.0,27564.09,21718.42,324.37,524.7
10923,191996.0,101253.0,32785.23,11784.76,221.68,524.8
10924,165547.2,86016.0,37061.79,13715.44,358.6,524.8
10925,201500.33,101309.0,33843.992,18088.88,298.29,524.8
10926,237707.69,100733.0,41594.39,10115.311,394.46,524.9
10927,223032.33,109605.0,52706.18,8883.55,444.99,524.9
10928,206711.69,97215.0,42327.91,22410.42,324.37,524.9
10929,173166.56,99781.0,34738.4,11642.9,251.02,525.1
10930,200586.4,99998.0,34385.48,19685.67,295.03,525.1
10931,190496.33,106230.0,24003.75,10888.62,105.95,525.1
10932,15705.76,10435.0,17675.41,25.95,104.32,525.1
10933,173136.33,97060.0,43813.98,16945.35,343.93,525.2
10934,172447.52,96344.0,34487.55,14222.33,360.23,525.3
10935,182108.64,98181.0,37663.832,13409.23,290.13998,525.3
10936,150905.44,81416.0,35093.05,18649.4,192.34,525.5
10937,182343.84,94991.0,24591.951,12480.22,246.13,525.5
10938,125249.6,70869.0,62771.32,33041.27,487.37,525.6
10939,181584.48,94565.0,43218.86,15687.641,187.45,525.7
10940,191266.88,93920.0,34465.06,20436.49,370.01,525.7
10941,127322.72,72997.0,18080.23,15820.851,260.8,525.7
10942,224437.92,100616.0,47775.68,7452.84,381.42,525.7
10943,225688.97,103770.0,58906.5,13009.601,330.88998,525.8
10944,232136.8,108634.0,56109.09,16853.66,379.79,525.8
10945,191004.8,100559.0,34774.73,12322.79,267.32,525.8
10946,166892.33,95560.0,24303.041,3662.4102,216.79,525.9
10947,262143.0,111564.0,79778.95,21926.02,557.46,525.9
10948,187247.2,97867.0,44665.14,9670.7,272.21,526.0
10949,182156.8,75846.0,77766.96,31233.42,502.04,526.2
10950,179538.23,98670.0,29989.55,15717.05,228.2,526.2
10951,192948.0,99054.0,30441.08,13976.67,299.92,526.3
10952,215462.23,96764.0,42682.56,25905.02,430.32,526.3
10953,162899.52,89293.0,40464.7,9277.99,259.17,526.4
10954,169958.88,92259.0,26714.66,5318.02,136.92,526.4
10955,121432.64,70380.0,20782.49,20014.371,221.68,526.5
10956,183682.23,92948.0,57461.95,7143.17,396.09,526.5
10957,194350.23,98041.0,28605.55,19178.78,273.84,526.5
10958,170868.33,93635.0,40468.16,6482.31,267.32,526.6
10959,174311.2,100682.0,25085.0,16704.88,335.78,526.6
10960,141439.2,70497.0,39997.6,24764.951,409.13,526.7
10961,209484.8,98218.0,40134.27,18542.14,281.99,526.7
10962,221048.8,101824.0,31889.09,18718.6,255.91,526.8
10963,244709.92,104160.0,41087.5,22626.67,373.27,526.8
10964,189063.84,100010.0,34382.02,16178.96,251.02,526.9
10965,92675.52,50451.0,29583.0,404.82,311.33,526.9
10966,198924.33,100823.0,32181.46,8222.69,272.21,526.9
10967,138580.95,86370.0,27763.041,11113.5205,169.52,526.9
10968,154621.6,83638.0,39509.742,19258.36,415.65,527.0
10969,92044.96,45153.0,56475.85,211.06,440.1,527.0
10970,34423.2,9401.0,63395.85,205.87,410.76,527.0
10971,161658.56,75832.0,62593.13,40225.96,594.95,527.1
10972,183932.0,82216.0,43533.72,17466.08,493.88998,527.1
10973,249176.48,103409.0,66745.13,29091.68,568.87,527.1
10974,201776.95,102129.0,34702.07,22188.98,265.69,527.2
10975,262143.0,105593.0,73208.414,24917.19,609.62,527.2
10976,29359.68,16657.0,45002.492,1351.13,1925.03,527.3
10977,72460.64,44415.0,32759.281,565.71,400.98,527.3
10978,262143.0,102275.0,77602.61,42286.39,743.27997,527.3
10979,233554.72,109269.0,37220.95,15587.3,368.38,527.4
10980,182200.48,98632.0,36115.48,17237.72,360.23,527.4
10981,177384.48,88473.0,51893.082,20329.23,360.23,527.4
10982,177766.4,93201.0,32274.88,15179.0205,143.44,527.4
10983,152307.69,82612.0,30510.281,15428.141,389.57,527.5
10984,112105.28,28313.0,159381.44,579.55,873.68,527.5
10985,68096.0,48389.0,29608.951,179.92,110.84,527.5
10986,262143.0,26793.0,262143.0,5148.48,6619.43,527.5
10987,137205.6,82588.0,18882.951,12229.37,128.77,527.5
10988,262143.0,124370.0,72487.0,50765.12,709.05,527.5
10989,185368.95,104372.0,34809.332,4262.72,291.77,527.6
10990,206112.48,102969.0,51285.85,16208.37,469.44,527.7
10991,162496.33,91814.0,35122.46,9101.53,296.66,527.7
10992,184655.52,98220.0,29826.93,18016.22,299.92,527.8
10993,202568.8,105729.0,31472.16,11725.94,262.43,527.9
10994,219098.88,108658.0,31223.041,16130.5205,202.12,527.9
10995,222818.4,96372.0,53041.8,15151.34,384.68,527.9
10996,182975.52,96060.0,33238.492,10860.94,185.81999,528.0
10997,160524.0,92472.0,15796.63,17279.24,127.14,528.0
10998,197911.84,101600.0,46950.47,19045.57,493.88998,528.0
10999,262143.0,119420.0,83116.12,23114.53,519.97,528.1
11000,212554.72,100631.0,24932.76,16583.78,211.9,528.1
11001,114046.24,68497.0,21341.28,22341.22,285.25,528.1
11002,230623.69,108672.0,30556.99,36816.13,308.07,528.1
11003,146489.28,87749.0,24266.71,6433.87,89.65,528.2
11004,163571.52,74604.0,42815.77,18768.77,363.49,528.3
11005,185605.28,95602.0,42706.78,17609.67,281.99,528.3
11006,195224.95,98008.0,28655.72,14230.98,286.88,528.4
11007,111596.8,74708.0,16350.23,15357.21,164.63,528.5
11008,184443.84,89958.0,31537.9,8867.98,223.31,528.5
11009,180779.2,92601.0,38580.73,16466.14,332.52,528.6
11010,205598.4,91693.0,62759.21,20384.59,260.8,528.6
11011,184198.56,95740.0,26953.4,12639.38,184.19,528.6
11012,235098.08,104340.0,39428.43,17441.86,477.59,528.6
11013,194747.84,101265.0,34254.0,12149.79,288.51,528.7
11014,217477.12,106693.0,60190.16,23538.38,467.81,528.7
11015,191404.64,102553.0,33160.64,17547.39,146.7,528.7
11016,217899.36,107060.0,45729.09,14874.54,358.6,528.8
11017,190178.23,97229.0,34025.64,8103.3203,234.72,528.8
11018,198070.88,107799.0,41284.72,22071.34,319.48,528.9
11019,130445.28,70373.0,57181.69,19630.31,342.3,528.9
11020,92019.2,56625.0,21990.03,13558.01,176.04,528.9
11021,262143.0,105348.0,66944.08,45910.742,453.13998,529.0
11022,184360.95,100780.0,21432.97,15348.561,223.31,529.0
11023,240947.84,107984.0,47863.91,28576.14,404.24,529.0
11024,170332.95,94356.0,27970.64,11309.01,295.03,529.1
11025,176830.08,104260.0,23135.291,14583.9,260.8,529.1
11026,108336.48,73836.0,23311.75,13059.7705,146.7,529.1
11027,262143.0,106971.0,72852.03,30897.8,420.54,529.1
11028,216563.2,107940.0,31681.49,34804.14,326.0,529.2
11029,218924.16,97246.0,41964.61,22043.66,400.98,529.2
11030,165886.56,83457.0,25853.121,20446.871,345.56,529.3
11031,187972.95,103753.0,26105.701,12412.75,208.64,529.3
11032,240537.92,107860.0,45204.902,19602.63,438.47,529.3
11033,175736.95,95788.0,47472.93,10004.59,405.87,529.3
11034,220223.36,101410.0,40115.242,14500.86,275.47,529.4
11035,262143.0,107139.0,65518.562,37899.11,570.5,529.4
11036,199122.56,98344.0,32435.77,14929.9,198.86,529.4
11037,210443.52,91548.0,61210.86,24071.22,454.77,529.5
11038,189151.2,96012.0,36227.93,16024.99,365.12,529.5
11039,212024.95,104512.0,65534.13,11104.87,425.43,529.5
11040,162210.72,88561.0,43431.652,11518.34,285.25,529.5
11041,221465.44,98845.0,33056.84,21931.21,340.67,529.5
11042,65632.0,43428.0,38241.652,252.58,264.06,529.6
11043,148160.33,89479.0,15993.851,14943.74,154.85,529.6
11044,228661.44,109047.0,44535.39,12954.24,298.29,529.6
11045,262143.0,111035.0,45483.43,42334.832,461.29,529.6
11046,262143.0,101653.0,83095.36,37169.05,722.09,529.7
11047,179767.84,84485.0,57873.69,21304.951,386.31,529.7
11048,262143.0,110160.0,94283.27,51012.51,818.26,529.7
11049,212724.95,107385.0,27752.66,28538.08,221.68,529.7
11050,187287.52,96349.0,39802.11,10694.86,184.19,529.7
11051,198485.28,88665.0,31947.91,21320.52,316.22,529.8
11052,212728.33,100988.0,39077.242,18280.91,267.32,529.8
11053,174223.84,95233.0,33811.12,7549.72,216.79,529.9
11054,22394.4,16968.0,6425.22,-48.440002,26.08,529.9
11055,230610.23,110704.0,37694.97,17362.28,330.88998,530.0
11056,171454.08,86346.0,29499.96,8603.29,221.68,530.0
11057,223637.12,107721.0,34795.492,18215.17,479.22,530.0
11058,184653.28,94961.0,41590.93,23334.24,321.11,530.1
11059,8900.64,5665.0,14121.99,43.25,27.71,530.1
11060,262143.0,103968.0,65911.27,38857.53,506.93,530.1
11061,212592.8,108040.0,43563.13,10511.48,317.85,530.1
11062,262143.0,99496.0,73038.87,23062.63,554.2,530.2
11063,192113.6,92477.0,45114.94,17666.76,503.67,530.4
11064,205296.0,103709.0,25726.83,11262.3,373.27,530.4
11065,160731.2,87097.0,44751.64,14860.7,291.77,530.5
11066,157608.64,76828.0,26849.6,25586.701,283.62,530.5
11067,22460.48,9164.0,44737.8,197.22,260.8,530.5
11068,190594.88,102616.0,28282.041,16962.65,283.62,530.6
11069,153272.0,86705.0,29586.46,16708.34,329.26,530.6
11070,239220.8,107472.0,37286.69,22400.041,283.62,530.6
11071,199034.08,99984.0,37468.34,16004.23,236.35,530.6
11072,205217.6,96705.0,37873.16,19517.86,337.41,530.7
11073,233630.88,97869.0,48260.082,19203.0,386.31,530.7
11074,152223.69,85748.0,22668.19,18990.21,270.58,530.7
11075,165656.95,89825.0,38404.27,19014.43,322.74,530.8
11076,262143.0,111558.0,96950.93,14755.17,723.72,530.8
11077,185548.16,96913.0,32093.23,10305.61,135.29,530.8
11078,204734.88,94289.0,35541.12,17562.96,295.03,530.9
11079,170257.92,91125.0,29534.56,12936.94,254.28,530.9
11080,208865.44,91364.0,64935.55,14734.41,531.38,530.9
11081,131140.8,81536.0,24450.09,18509.27,264.06,531.0
11082,79640.96,45885.0,35824.84,238.74,265.69,531.0
11083,178105.77,99956.0,30743.83,8189.8203,233.09,531.0
11084,157178.56,86301.0,33494.53,12782.97,337.41,531.1
11085,199170.72,100649.0,47270.52,28795.85,438.47,531.1
11086,262143.0,97654.0,66956.19,33067.22,521.6,531.1
11087,262143.0,111543.0,76490.22,27173.11,634.07,531.1
11088,144310.88,73651.0,27436.07,16781.0,277.1,531.2
11089,200632.33,98953.0,42694.67,27617.72,407.5,531.2
11090,178441.77,96390.0,35644.92,10623.93,146.7,531.2
11091,196192.64,104484.0,33456.47,19348.32,211.9,531.2
11092,185560.48,103981.0,32416.74,11923.16,50.53,531.2
11093,89638.08,65868.0,12902.34,8708.82,89.65,531.3
11094,157319.69,78321.0,53093.7,16236.05,396.09,531.3
11095,165760.0,66861.0,31157.3,31575.96,345.56,531.4
11096,240695.84,102689.0,51701.05,24545.24,337.41,531.4
11097,158702.88,95513.0,19760.06,7236.59,76.61,531.4
11098,141124.48,76177.0,38594.57,14206.76,290.13998,531.4
11099,151953.77,82495.0,61707.37,26026.121,458.03,531.5
11100,186092.48,96498.0,38089.41,11424.92,281.99,531.5
11101,262143.0,105326.0,120555.055,78026.46,1170.34,531.5
11102,175558.88,99790.0,24609.25,7068.7803,211.9,531.6
11103,142543.52,84712.0,32479.02,7926.86,257.54,531.7
11104,63028.0,39761.0,24912.0,275.07,259.17,531.7
11105,214186.56,106669.0,53323.79,23322.13,381.42,531.7
11106,190569.12,100505.0,32385.6,11217.32,252.65,531.8
11107,186426.23,93817.0,45007.68,8762.45,397.72,531.8
11108,74761.12,45549.0,33224.65,121.1,251.02,531.8
11109,166718.72,92948.0,27411.85,6413.11,298.29,531.9
11110,148535.52,80238.0,27697.3,15393.54,280.36,531.9
11111,262143.0,114521.0,103300.03,50078.312,713.94,531.9
11112,216562.08,100386.0,56565.812,13656.62,433.58,532.1
11113,20073.76,6425.0,43166.96,105.53,159.74,532.1
11114,131176.64,78282.0,34252.27,34112.14,193.97,532.1
11115,189328.16,95837.0,26922.26,9523.65,185.81999,532.1
11116,205764.16,97387.0,37547.92,11765.73,197.23,532.2
11117,17626.56,6253.0,45573.39,72.66,169.52,532.2
11118,193366.88,101061.0,42758.68,20804.98,317.85,532.2
11119,166027.69,86496.0,34762.62,10897.2705,309.7,532.3
11120,215699.69,99591.0,43165.23,24593.68,252.65,532.3
11121,172705.12,97077.0,39705.23,18033.52,200.49,532.4
11122,182850.08,94480.0,30916.83,21689.01,229.83,532.4
11123,6590.08,6209.0,9399.09,81.31,140.18,532.4
11124,170992.64,96132.0,31783.56,22678.57,246.13,532.4
11125,70631.68,42776.0,20362.1,183.38,239.61,532.4
11126,180709.77,94493.0,32889.03,13547.63,288.51,532.5
11127,205720.48,103493.0,42301.96,23017.65,337.41,532.6
11128,151541.6,92406.0,27783.8,13334.84,167.89,532.6
11129,238264.33,108238.0,46998.91,22669.92,435.21,532.6
11130,19813.92,6245.0,85090.055,129.75,560.72,532.7
11131,107909.76,67600.0,29058.81,27669.621,213.53,532.7
11132,231508.48,109885.0,57397.94,18521.38,378.16,532.7
11133,212455.05,107384.0,42774.25,3179.74,381.42,532.7
11134,180236.0,93636.0,38149.96,17459.16,267.32,532.7
11135,226638.72,103456.0,39912.832,24119.66,312.96,532.8
11136,209899.2,101196.0,37696.7,24943.14,291.77,532.8
11137,159423.05,84889.0,31961.75,10028.811,337.41,532.9
11138,191779.84,101309.0,23628.34,9233.01,174.41,532.9
11139,262143.0,115396.0,70845.234,11283.061,599.84,533.0
11140,172664.8,94100.0,30231.75,11265.76,197.23,533.0
11141,196019.05,99241.0,42175.67,13971.48,275.47,533.1
11142,215216.95,105580.0,51837.72,8758.99,376.53,533.1
11143,262143.0,120368.0,105900.22,39888.61,800.33,533.1
11144,262143.0,103316.0,48865.582,23835.94,492.26,533.1
11145,154845.6,82121.0,41488.86,19609.55,280.36,533.1
11146,176737.12,96173.0,34233.242,6811.0103,265.69,533.2
11147,221936.97,112093.0,31499.84,13556.28,127.14,533.2
11148,262143.0,105277.0,122556.664,52707.91,1054.61,533.2
11149,218448.16,114358.0,33382.082,17632.16,312.96,533.2
11150,210599.2,104653.0,54545.17,22076.53,327.63,533.3
11151,173333.44,93437.0,30081.24,17618.32,120.62,533.3
11152,262143.0,112048.0,83225.11,23341.16,536.27,533.3
11153,74670.4,15761.0,262143.0,427.31,1703.35,533.3
11154,76468.0,21396.0,177754.05,224.90001,1269.77,533.3
11155,97886.88,57005.0,40437.02,323.51,500.41,533.3
11156,194014.23,100944.0,36648.32,10518.4,366.75,533.3
11157,136483.2,76784.0,34914.86,16435.0,241.24,533.3
11158,191462.88,102784.0,30683.281,22855.03,260.8,533.4
11159,171139.36,93378.0,17415.91,17760.18,251.02,533.4
11160,209907.05,107972.0,38234.73,11791.68,233.09,533.5
11161,177042.88,95357.0,32747.17,15217.08,360.23,533.5
11162,195789.44,106284.0,31652.08,11006.26,193.97,533.5
11163,172201.12,94196.0,16978.22,7992.6,203.75,533.6
11164,228571.84,99533.0,47123.47,9056.55,458.03,533.6
11165,205527.84,95681.0,61401.16,23187.19,431.95,533.6
11166,156275.84,92331.0,26974.16,4113.94,184.19,533.7
11167,148435.84,84921.0,31584.61,10956.09,172.78,533.8
11168,226170.56,105471.0,41284.72,15980.01,358.6,533.8
11169,234463.05,105616.0,43106.41,17858.791,298.29,533.8
11170,203795.2,96561.0,48177.04,23406.9,466.18,534.0
11171,158205.6,81845.0,32634.72,23053.98,153.22,534.0
11172,107257.92,54240.0,68407.664,425.58002,524.86,534.0
11173,181759.2,92114.0,33465.12,12435.24,151.59,534.1
11174,184033.92,95166.0,22242.61,13812.32,138.55,534.1
11175,195827.52,101123.0,67743.34,22714.9,557.46,534.1
11176,170282.56,92190.0,27591.77,9231.28,216.79,534.1
11177,212499.84,105850.0,27346.11,21199.42,334.15,534.2
11178,191826.88,105489.0,46450.5,15128.851,335.78,534.2
11179,144892.16,89284.0,25636.871,4389.0103,203.75,534.2
11180,238916.16,116245.0,60155.562,23330.78,350.45,534.2
11181,164172.95,80724.0,41661.86,8144.8403,594.95,534.3
11182,247867.2,108245.0,64478.832,37624.04,418.91,534.3
11183,178588.48,93716.0,32489.4,13269.101,316.22,534.3
11184,191121.28,93236.0,54306.43,29245.65,454.77,534.4
11185,194797.12,91512.0,58482.652,7880.15,404.24,534.5
11186,182596.95,98572.0,37020.27,12473.3,291.77,534.5
11187,142884.0,82888.0,30922.02,4145.08,226.56999,534.5
11188,232699.05,110574.0,41990.56,25273.57,417.28,534.5
11189,212169.44,107363.0,48362.152,32167.621,371.63998,534.5
11190,188370.56,92011.0,34350.88,16114.95,234.72,534.5
11191,217555.52,104136.0,35183.01,18701.3,304.81,534.6
11192,184880.64,99073.0,31050.041,10822.88,159.74,534.6
11193,222213.6,108399.0,37956.2,13026.9,454.77,534.6
11194,262143.0,102948.0,45388.28,26872.09,404.24,534.7
11195,178127.05,94334.0,32475.56,13571.851,216.79,534.8
11196,262143.0,103317.0,60915.03,26577.99,358.6,534.8
11197,166566.4,99963.0,22005.6,16518.041,101.06,534.8
11198,168078.4,95893.0,22470.97,12232.83,122.25,534.9
11199,233303.84,101961.0,42997.42,16054.4,396.09,535.0
11200,182650.72,94035.0,25757.97,17305.19,264.06,535.0
11201,169097.6,95396.0,29479.201,16429.81,241.24,535.1
11202,217390.88,103492.0,25839.281,16933.24,371.63998,535.1
11203,32583.041,7760.0,56441.25,200.68001,449.88,535.1
11204,166884.48,90168.0,25818.52,17009.36,203.75,535.1
11205,215985.28,105856.0,37482.18,26375.58,407.5,535.1
11206,182571.2,97408.0,26898.041,5392.41,118.99,535.2
11207,241157.28,111189.0,46073.36,16030.181,273.84,535.3
11208,117644.8,77222.0,16696.23,17616.59,224.94,535.3
11209,222452.16,97385.0,49815.35,7753.86,229.83,535.3
11210,152740.0,82957.0,30681.55,20630.25,348.82,535.3
11211,262143.0,105664.0,83299.5,47452.17,586.8,535.4
11212,262143.0,116673.0,71485.33,14905.68,603.1,535.4
11213,220488.8,106177.0,30219.64,21977.92,435.21,535.5
11214,178758.72,97321.0,29264.68,8842.03,252.65,535.5
11215,221296.33,105516.0,35463.27,13480.16,257.54,535.5
11216,205796.64,105602.0,27989.67,19158.02,345.56,535.5
11217,100797.76,66932.0,22528.06,10134.34,197.23,535.5
11218,189804.16,101549.0,36772.88,15087.33,255.91,535.5
11219,203103.05,97941.0,34127.71,17742.88,337.41,535.5
11220,149875.05,85013.0,20107.791,18287.83,251.02,535.6
11221,199250.23,106281.0,33397.65,13653.16,404.24,535.6
11222,249435.2,113112.0,49081.832,17628.7,259.17,535.6
11223,193893.28,102024.0,42096.09,12667.061,379.79,535.6
11224,189129.92,97938.0,46754.98,12554.61,319.48,535.6
11225,191381.12,99090.0,27029.52,11656.74,278.73,535.6
11226,225495.2,104526.0,29709.291,23235.63,265.69,535.6
11227,211925.28,104327.0,37376.652,34079.27,329.26,535.8
11228,190711.36,96273.0,40115.242,26270.05,414.02,535.8
11229,116183.2,74311.0,23989.91,14689.43,237.98,535.8
11230,145386.08,84263.0,30198.88,15787.98,213.53,535.8
11231,126469.28,71644.0,33342.29,12834.87,317.85,535.9
11232,232615.05,114673.0,45722.17,16441.92,365.12,535.9
11233,225640.8,103034.0,53406.832,35072.29,444.99,536.0
11234,86256.8,53169.0,25740.67,6959.79,242.87,536.0
11235,212432.64,99890.0,29531.1,19879.43,270.58,536.0
11236,262143.0,112878.0,74853.64,58051.88,668.3,536.0
11237,15628.48,8423.0,32769.66,250.85,283.62,536.0
11238,199046.4,94013.0,36302.32,14379.76,283.62,536.1
11239,230683.05,100665.0,53789.16,22882.71,417.28,536.1
11240,171846.08,83164.0,30636.57,9194.95,356.97,536.1
11241,262143.0,105776.0,92610.36,39954.35,883.46,536.1
11242,23018.24,19036.0,9151.7,39.79,66.83,536.1
11243,165625.6,91324.0,22467.51,15564.811,293.4,536.3
11244,193459.84,102401.0,31633.05,11002.8,278.73,536.3
11245,198993.77,103021.0,31548.281,17182.36,262.43,536.3
11246,219186.23,107603.0,54117.86,22021.17,492.26,536.3
11247,150445.12,81896.0,21382.8,15530.21,174.41,536.4
11248,178113.6,100433.0,22727.01,13869.41,135.29,536.4
11249,185263.69,99566.0,24763.22,13599.53,324.37,536.4
11250,164037.44,91302.0,25361.8,16907.291,257.54,536.4
11251,153499.36,75664.0,39661.98,21849.9,254.28,536.4
11252,262143.0,106566.0,65861.1,21445.08,337.41,536.4
11253,199402.56,104335.0,42782.902,25553.83,343.93,536.4
11254,218781.92,106893.0,52233.89,13163.57,449.88,536.5
11255,254578.23,102940.0,42431.71,40251.91,335.78,536.5
11256,242116.0,112149.0,36136.242,28275.121,306.44,536.6
11257,212121.28,102056.0,37983.88,15243.03,277.1,536.6
11258,201629.12,98561.0,56925.652,29837.31,454.77,536.6
11259,196489.44,96928.0,51124.96,29960.14,324.37,536.6
11260,191483.05,101604.0,38013.29,12969.811,321.11,536.7
11261,181531.84,100558.0,24003.75,11189.64,164.63,536.7
11262,215565.28,101877.0,36601.61,15576.92,197.23,536.7
11263,224842.23,105269.0,29776.76,17685.791,205.38,536.7
11264,178116.95,94248.0,38700.1,14051.061,280.36,536.7
11265,262143.0,104539.0,78580.06,45772.34,627.55,536.7
11266,262143.0,115439.0,143716.3,42731.0,1093.73,536.7
11267,113195.04,55480.0,87070.9,1114.12,709.05,536.8
11268,262143.0,95556.0,42696.402,25714.72,454.77,536.8
11269,229062.4,98945.0,43014.72,13914.391,350.45,536.9
11270,176281.28,96000.0,24029.701,13762.15,141.81,536.9
11271,135086.56,84156.0,22964.02,16725.64,101.06,536.9
11272,236578.72,103874.0,54017.52,34712.45,444.99,536.9
11273,189678.72,97475.0,59214.44,18177.11,324.37,536.9
11274,171228.95,96909.0,29742.16,16146.09,163.0,536.9
11275,233369.92,109315.0,51244.332,52095.492,345.56,537.0
11276,167328.0,91960.0,25283.951,10276.2,280.36,537.0
11277,178968.16,87345.0,62849.17,57394.48,674.82,537.0
11278,168262.08,95246.0,22209.74,9928.47,127.14,537.1
11279,163447.2,87849.0,42409.22,23972.61,420.54,537.2
11280,262143.0,106410.0,166315.28,82482.94,1727.8,537.2
11281,230035.69,97822.0,46109.69,11136.01,218.42,537.2
11282,185811.36,100732.0,31530.98,10625.66,295.03,537.2
11283,202932.8,99637.0,46765.36,19618.201,475.96,537.2
11284,184505.44,92678.0,33658.88,6871.56,246.13,537.3
11285,201523.84,103300.0,36816.13,14990.45,326.0,537.4
11286,204247.69,99372.0,35039.42,12663.601,259.17,537.4
11287,190622.88,94720.0,45118.402,10617.01,430.32,537.4
11288,183559.05,95449.0,62534.312,32183.19,815.0,537.4
11289,209176.8,98697.0,39561.64,24484.69,350.45,537.5
11290,145717.6,77184.0,22543.63,13957.641,239.61,537.5
11291,159890.08,83133.0,21282.46,13367.71,166.26,537.5
11292,203499.52,105901.0,42445.55,7340.39,373.27,537.5
11293,192082.23,98714.0,34966.76,15109.82,281.99,537.5
11294,187775.84,99457.0,39205.26,17199.66,158.11,537.5
11295,178980.48,96194.0,31119.24,13672.19,102.69,537.6
11296,45643.36,28489.0,23640.451,153.97,229.83,537.6
11297,182224.0,102100.0,28498.291,9450.99,319.48,537.8
11298,187257.28,103244.0,25950.0,16184.15,267.32,537.8
11299,205985.92,101915.0,31956.56,22574.77,387.94,537.8
11300,131359.2,77206.0,30204.07,25443.11,192.34,537.9
11301,152125.12,92893.0,28946.36,19668.371,298.29,537.9
11302,145783.69,80993.0,28436.01,13966.29,293.4,537.9
11303,203000.0,97999.0,54427.53,20393.24,414.02,537.9
11304,232001.28,106967.0,43609.84,17059.53,356.97,538.0
11305,180455.52,97992.0,34376.832,20438.22,286.88,538.0
11306,218856.95,107272.0,36733.09,12902.34,335.78,538.1
11307,262143.0,115573.0,72180.79,30453.19,456.4,538.1
11308,8479.5205,8624.0,5582.71,53.63,198.86,538.1
11309,165462.08,87000.0,37663.832,15345.101,257.54,538.1
11310,246328.33,106071.0,67646.46,46184.082,423.8,538.2
11311,235193.28,101712.0,28437.74,13923.04,283.62,538.2
11312,227930.08,100181.0,32773.12,18690.92,280.36,538.2
11313,194633.6,86434.0,42686.02,16585.51,291.77,538.3
11314,137761.12,82149.0,32181.46,17256.75,247.76,538.3
11315,192899.84,100686.0,31314.73,26870.36,267.32,538.3
11316,183627.36,98647.0,37288.42,9930.2,264.06,538.3
11317,173636.95,99100.0,30020.69,14902.22,273.84,538.3
11318,158318.72,80534.0,38201.86,23818.64,281.99,538.3
11319,42822.082,23909.0,34883.72,510.35,252.65,538.4
11320,250661.6,117357.0,69805.5,21052.371,410.76,538.4
11321,210588.0,102847.0,41367.76,16215.29,285.25,538.4
11322,214053.28,105864.0,27219.82,22336.03,277.1,538.4
11323,140731.36,84888.0,22178.6,11623.87,166.26,538.4
11324,262143.0,109016.0,102640.9,71836.52,836.19,538.4
11325,196231.84,101205.0,38338.53,17144.3,215.16,538.5
11326,207101.44,97513.0,32017.111,12843.5205,166.26,538.5
11327,262143.0,109857.0,62347.47,26539.93,467.81,538.6
11328,220308.48,99593.0,25647.25,14893.57,255.91,538.6
11329,170499.84,93017.0,37753.79,17986.81,286.88,538.6
11330,220133.77,102929.0,54334.11,21673.44,352.08,538.6
11331,206702.72,98777.0,48569.75,25335.85,405.87,538.7
11332,182181.44,97722.0,32312.94,14281.15,208.64,538.7
11333,162030.4,79560.0,33138.15,12857.36,262.43,538.7
11334,77049.28,49327.0,26600.48,4132.97,167.89,538.7
11335,226068.64,102016.0,56494.88,19474.61,431.95,538.8
11336,195048.0,97624.0,36781.53,14281.15,299.92,538.8
11337,244190.23,108033.0,68075.5,28816.61,604.73,538.8
11338,174671.84,88388.0,24135.23,30408.21,210.27,538.9
11339,141750.56,69681.0,51579.95,16258.54,418.91,538.9
11340,178021.77,90627.0,47618.25,9672.43,252.65,539.0
11341,211181.6,105301.0,47613.06,8530.63,296.66,539.0
11342,6217.12,6664.0,1441.09,129.75,48.9,539.1
11343,9582.72,7520.0,14121.99,103.8,8.15,539.4
11344,262143.0,109337.0,82851.43,39262.35,759.58,539.7
11345,89757.92,57764.0,20573.16,12158.44,205.38,539.7
11346,171190.88,93144.0,27205.98,8086.02,221.68,539.8
11347,72209.76,46108.0,28820.07,435.96,999.19,539.8
11348,11604.32,5859.0,23621.42,32.87,161.37,539.9
11349,132039.05,79825.0,32112.26,10561.65,519.97,540.0
11350,164108.0,88628.0,24571.19,13494.0,138.55,540.0
11351,191909.77,102528.0,26014.01,16158.2,135.29,540.1
11352,182136.64,102560.0,33285.2,12547.69,216.79,540.1
11353,30537.92,5148.0,54206.09,74.39,353.71,540.2
11354,240102.23,109192.0,44544.04,29065.73,487.37,540.2
11355,124234.88,64917.0,66610.19,558.79,402.61,540.8
11356,184880.64,102592.0,18587.121,13729.28,259.17,540.8
11357,34715.52,12289.0,154123.97,152.24,953.55,541.0
11358,144476.64,83759.0,43476.63,17898.58,342.3,541.0
11359,190743.84,97727.0,42412.68,21439.89,321.11,541.1
11360,11019.68,7740.0,6759.11,12.110001,74.98,541.1
11361,167568.8,95239.0,23571.25,10265.82,79.87,541.1
11362,179317.6,99404.0,33987.582,9340.2705,293.4,541.2
11363,167016.64,92809.0,28327.02,4110.48,114.1,541.2
11364,195434.4,99776.0,40347.06,12808.92,259.17,541.3
11365,251957.44,108247.0,69386.84,33077.6,546.05,541.3
11366,123402.72,74547.0,33501.45,19917.49,244.5,541.4
11367,200754.4,98979.0,47031.78,14305.37,361.86,541.6
11368,124013.12,81617.0,19699.51,10924.95,267.32,541.7
11369,230136.48,103987.0,40805.51,38816.01,412.38998,541.8
11370,161280.0,90779.0,44492.14,7947.62,281.99,541.9
11371,199001.6,100408.0,38070.38,21455.46,288.51,542.0
11372,161932.95,91371.0,35421.75,8923.34,233.09,542.1
11373,173183.36,96033.0,21131.951,10542.62,141.81,542.2
11374,149776.48,79881.0,40781.29,25802.951,298.29,542.5
11375,160319.05,94470.0,31373.55,14608.12,234.72,542.5
11376,151304.16,90347.0,15388.351,13966.29,102.69,542.6
11377,193159.69,95657.0,31982.51,20820.55,210.27,542.6
11378,217584.64,107013.0,46514.51,13590.88,185.81999,542.7
11379,30887.36,14580.0,31970.4,41.52,193.97,542.7
11380,132743.52,82930.0,41078.85,21387.99,306.44,542.7
11381,39817.12,27269.0,12537.311,768.12,192.34,542.8
11382,197529.92,95842.0,45673.73,21164.82,451.51,542.9
11383,197183.84,97801.0,32558.6,17689.25,301.55,542.9
11384,151505.77,77573.0,38295.28,28873.701,374.9,543.0
11385,217651.84,106450.0,47559.43,48931.32,686.23,543.1
11386,210175.84,103392.0,32989.37,13571.851,309.7,543.1
11387,166928.16,93676.0,26081.48,8606.75,207.01,543.1
11388,216456.8,95759.0,60695.32,23526.27,513.45,543.1
11389,53083.52,36192.0,28257.82,70.93,161.37,543.1
11390,262143.0,101401.0,52988.17,27207.71,547.68,543.2
11391,144017.44,88244.0,15685.91,15834.69,177.67,543.2
11392,244977.6,106647.0,55247.55,19799.85,383.05,543.3
11393,156201.92,88140.0,24773.6,14512.97,74.98,543.3
11394,211268.95,101265.0,51135.34,20946.84,252.65,543.3
11395,177816.8,97565.0,35447.7,12675.71,203.75,543.4
11396,162210.72,79344.0,49433.02,19336.21,296.66,543.4
11397,7724.64,7921.0,1482.61,531.11,-27.71,543.4
11398,222707.52,101517.0,33880.32,43791.492,505.3,543.4
11399,190724.8,98958.0,35167.44,15307.04,268.95,543.5
11400,214140.64,96196.0,59871.84,6407.92,392.83,543.5
11401,176787.52,96976.0,31065.61,14912.601,193.97,543.5
11402,8200.64,5996.0,14509.51,31.14,120.62,543.7
11403,154724.64,85350.0,29614.14,11366.101,254.28,543.8
11404,199850.56,107188.0,34561.94,16630.49,301.55,543.9
11405,262143.0,107901.0,68072.04,28538.08,521.6,543.9
11406,135686.88,80212.0,15211.891,23550.49,275.47,543.9
11407,184011.52,100596.0,32866.54,21991.76,216.79,543.9
11408,162764.0,89149.0,25439.65,15727.43,237.98,543.9
11409,243227.05,99767.0,65577.38,21877.58,549.31,544.0
11410,183716.95,95786.0,15774.141,11398.97,83.13,544.0
11411,166164.33,91674.0,60404.68,22746.041,740.02,544.1
11412,187036.64,96004.0,25754.51,28491.371,286.88,544.1
11413,198094.4,100244.0,28212.84,12677.44,288.51,544.3
11414,165714.08,98665.0,20374.21,12834.87,189.08,544.4
11415,195320.16,96884.0,39852.28,16665.09,412.38998,544.4
11416,193678.23,99873.0,28423.9,15346.83,264.06,544.5
11417,170721.6,98020.0,24891.24,13236.23,169.52,544.5
11418,201915.84,102421.0,48026.53,14627.15,502.04,544.5
11419,199559.36,96525.0,26937.83,10345.4,195.6,544.5
11420,17156.16,14336.0,7250.43,24.220001,29.34,544.6
11421,100456.164,69465.0,24038.35,10613.55,120.62,544.6
11422,202875.69,100540.0,41372.95,15922.92,397.72,544.7
11423,112598.08,61385.0,27477.59,15691.101,254.28,544.8
11424,186856.33,100284.0,39615.27,12653.22,156.48,544.8
11425,149337.44,64785.0,42798.47,16251.62,441.73,544.8
11426,200049.92,99312.0,25197.451,21514.28,317.85,544.8
11427,210823.2,99417.0,36361.14,16839.82,303.18,544.8
11428,184072.0,100012.0,20332.69,13630.67,195.6,544.8
11429,163746.23,80157.0,71298.49,16063.05,498.78,544.9
11430,213128.16,97017.0,22424.26,18441.8,169.52,544.9
11431,142271.36,81168.0,29844.23,9824.67,167.89,545.0
11432,262143.0,111405.0,43808.79,25098.84,389.57,545.0
11433,47595.52,32913.0,27141.97,171.27,231.46,545.1
11434,44179.52,26790.0,20106.06,207.6,195.6,545.1
11435,140897.12,76555.0,35134.57,5529.08,247.76,545.1
11436,158494.56,89730.0,28705.89,15218.811,148.33,545.1
11437,182388.64,89518.0,38708.75,11703.45,317.85,545.2
11438,175955.36,100436.0,36963.18,15898.7,133.66,545.2
11439,151430.72,91309.0,16983.41,9367.95,164.63,545.3
11440,217405.44,96145.0,65394.0,37255.55,444.99,545.3
11441,262143.0,110625.0,40994.082,29342.531,220.05,545.3
11442,195989.92,96108.0,34290.332,15294.93,368.38,545.4
11443,217856.8,98193.0,34864.69,14554.49,202.12,545.4
11444,165418.4,78216.0,43858.96,18019.68,430.32,545.4
11445,235372.48,110693.0,46024.92,17319.03,177.67,545.4
11446,188003.2,101405.0,28199.0,13192.98,229.83,545.4
11447,177934.4,97612.0,22190.71,15355.48,184.19,545.4
11448,205775.36,105004.0,39129.14,20749.621,370.01,545.5
11449,143090.08,88040.0,28692.05,11395.51,198.86,545.5
11450,176305.92,87976.0,33432.25,8624.05,265.69,545.5
11451,262143.0,84358.0,45436.72,7106.84,247.76,545.5
11452,262143.0,104903.0,47414.11,27313.24,446.62,545.6
11453,172877.6,86988.0,25431.0,13834.811,198.86,545.6
11454,155342.88,93456.0,27595.23,16242.97,205.38,545.6
11455,213724.0,103888.0,46943.55,16301.79,319.48,545.6
11456,100906.4,63229.0,23572.98,14429.93,290.13998,545.6
11457,164357.77,93960.0,27974.1,13909.2,115.73,545.7
11458,174093.92,95548.0,38281.44,4032.6301,311.33,545.7
11459,94196.48,48841.0,39253.7,475.75,386.31,545.7
11460,226935.52,98920.0,70172.26,24050.46,462.92,545.7
11461,14645.12,6995.0,32242.01,81.31,118.99,545.7
11462,183693.44,101741.0,32435.77,12736.26,65.2,545.7
11463,240320.64,97425.0,43284.6,28214.57,384.68,545.7
11464,129669.12,83911.0,30100.27,10636.04,224.94,545.8
11465,262143.0,97944.0,52187.18,16170.311,410.76,545.8
11466,152268.48,73341.0,45858.84,8821.2705,229.83,545.8
11467,192371.2,100085.0,39165.47,14127.18,145.06999,545.8
11468,158616.64,92772.0,31280.13,12317.601,89.65,545.8
11469,167081.6,99697.0,15518.101,14762.09,239.61,545.8
11470,15841.28,7236.0,22844.65,60.55,197.23,545.8
11471,206590.72,105301.0,38445.79,27742.281,410.76,545.9
11472,237166.72,107187.0,55648.91,26981.08,358.6,545.9
11473,165347.84,90214.0,25802.951,11682.69,127.14,545.9
11474,206260.33,102143.0,28877.16,14608.12,145.06999,545.9
11475,206941.28,96873.0,52152.582,12975.0,370.01,546.0
11476,218513.12,112189.0,66369.72,34492.742,490.63,546.0
11477,170374.4,93128.0,37054.87,14201.57,288.51,546.0
11478,200318.72,107312.0,36708.87,16736.02,151.59,546.0
11479,190384.33,104060.0,23588.55,13167.03,220.05,546.0
11480,135919.84,62341.0,37745.14,26894.58,322.74,546.0
11481,152719.84,84964.0,35214.15,11488.93,244.5,546.0
11482,142310.56,73377.0,57484.44,18242.85,391.2,546.1
11483,208612.33,100909.0,34542.91,12096.16,319.48,546.1
11484,198682.4,98270.0,41132.48,12763.94,379.79,546.2
11485,181543.05,98001.0,50496.97,22093.83,378.16,546.2
11486,196008.95,100585.0,41004.46,6304.12,280.36,546.2
11487,159066.88,89989.0,31425.451,13314.08,195.6,546.2
11488,176835.69,93764.0,34347.42,14125.45,228.2,546.2
11489,262143.0,83898.0,100231.01,37113.69,888.35,546.3
11490,192306.23,100395.0,48334.47,24749.38,309.7,546.3
11491,164773.28,96364.0,21559.26,7067.0503,156.48,546.3
11492,255526.88,114751.0,57653.98,19055.951,519.97,546.3
11493,223121.92,108747.0,40987.16,20085.3,291.77,546.3
11494,239797.6,93472.0,66252.08,32677.97,603.1,546.4
11495,262143.0,102644.0,110387.84,47853.53,1018.75,546.4
11496,199007.2,96933.0,42682.56,21708.041,334.15,546.4
11497,129670.24,15450.0,262143.0,1576.03,2565.6199,546.5
11498,224277.77,107325.0,36471.86,11952.57,283.62,546.5
11499,262143.0,117557.0,102521.53,53085.05,699.27,546.5
11500,141300.33,68204.0,40878.17,59605.42,493.88998,546.5
11501,81012.96,44427.0,26991.46,169.54001,239.61,546.5
11502,164319.69,78937.0,68784.8,7011.69,539.52997,546.6
11503,172997.44,91304.0,39826.332,8099.86,281.99,546.7
11504,195944.0,100139.0,50214.98,14884.92,213.53,546.7
11505,147536.48,87480.0,21713.23,18523.11,208.64,546.8
11506,262143.0,104733.0,58230.07,22050.58,293.4,546.8
11507,190136.8,91190.0,26043.42,17540.47,311.33,546.8
11508,208472.33,93149.0,79872.37,21083.51,449.88,546.9
11509,59040.8,20764.0,150997.86,401.36002,723.72,546.9
11510,157464.16,96145.0,23806.53,14059.71,169.52,546.9
11511,201219.2,93754.0,24559.08,12938.67,299.92,546.9
11512,196885.92,101940.0,52700.992,4077.61,368.38,547.0
11513,192582.88,95401.0,32916.71,19182.24,198.86,547.0
11514,181808.48,96443.0,32812.91,10068.601,285.25,547.0
11515,114449.44,73771.0,23969.15,6183.02,128.77,547.0
11516,114746.24,60618.0,89968.65,610.69,616.14,547.1
11517,170069.77,92258.0,34556.75,14364.19,285.25,547.1
11518,171091.2,93631.0,22175.14,16319.09,283.62,547.1
11519,184640.95,93597.0,45339.84,10329.83,410.76,547.1
11520,112013.44,66796.0,42705.05,15630.55,373.27,547.1
11521,146375.05,74540.0,68867.84,12412.75,585.17,547.1
11522,196486.08,101072.0,46988.53,13838.2705,327.63,547.2
11523,136239.05,77597.0,44476.57,25444.84,513.45,547.2
11524,217686.56,103328.0,37771.09,27192.14,254.28,547.2
11525,193867.52,91500.0,47320.69,16575.13,257.54,547.2
11526,262143.0,99384.0,75146.01,66935.43,914.43,547.3
11527,141410.08,22148.0,262143.0,1477.42,2035.87,547.3
11528,170593.92,97165.0,29631.44,9655.13,317.85,547.3
11529,226217.6,106496.0,51081.71,20033.4,396.09,547.3
11530,113944.32,71141.0,18351.84,9668.97,136.92,547.4
11531,76700.96,40718.0,38772.76,427.31,384.68,547.4
11532,223575.52,110376.0,88755.92,27583.121,770.99,547.4
11533,155386.56,90713.0,34570.59,19481.53,255.91,547.4
11534,222060.16,104648.0,54086.72,21612.89,464.55,547.5
11535,167463.52,93701.0,37651.72,9336.811,298.29,547.5
11536,262143.0,100072.0,60069.062,28060.6,656.89,547.6
11537,88968.32,54349.0,27712.871,16052.67,239.61,547.6
11538,136936.8,77453.0,30904.72,28050.22,213.53,547.7
11539,132079.36,78689.0,23917.25,6238.38,216.79,547.7
11540,202536.33,108035.0,26742.34,17583.72,265.69,547.7
11541,181423.2,98613.0,28076.17,16652.98,234.72,547.7
11542,262143.0,109921.0,51303.152,24546.97,410.76,547.7
11543,170113.44,100269.0,23771.93,19106.121,123.88,547.7
11544,197639.69,95909.0,35793.7,5977.15,352.08,547.8
11545,71005.76,31183.0,39165.47,264.69,409.13,547.8
11546,223258.56,110237.0,63383.742,32051.71,415.65,547.9
11547,160408.64,92894.0,21881.041,8677.68,189.08,547.9
11548,138115.05,80313.0,28065.791,13142.811,122.25,547.9
11549,180816.16,99700.0,30638.3,9553.061,278.73,547.9
11550,196658.56,97393.0,27109.1,15564.811,281.99,547.9
11551,160504.95,87113.0,20398.43,15042.351,202.12,548.0
11552,260266.72,98073.0,58264.67,37331.67,466.18,548.0
11553,231304.64,102216.0,37459.69,14573.5205,221.68,548.0
11554,186631.2,93138.0,36738.28,16608.0,171.15,548.0
11555,214607.69,103928.0,39364.42,11629.061,371.63998,548.1
11556,187865.44,101519.0,38132.66,19023.08,356.97,548.4
11557,198906.4,84428.0,35660.492,12255.32,202.12,548.4
11558,173678.4,92381.0,25662.82,10034.0,255.91,548.5
11559,237704.33,104424.0,70255.3,29833.85,480.85,548.6
11560,128937.76,70255.0,39208.72,29512.07,316.22,548.6
11561,221175.36,102470.0,41656.67,14556.22,262.43,548.7
11562,157634.4,87981.0,36624.1,11568.51,270.58,548.7
11563,16648.8,8104.0,12549.42,29.41,70.09,548.8
11564,187649.28,96808.0,40535.63,12265.7,327.63,548.8
11565,215075.84,93677.0,45810.402,26565.88,448.25,548.9
11566,158417.28,76773.0,29217.97,14035.49,224.94,549.0
11567,118640.484,67933.0,28942.9,14803.61,286.88,549.0
11568,174799.52,91680.0,36893.98,12656.68,306.44,549.0
11569,211956.64,110287.0,38120.55,26192.201,448.25,549.0
11570,191303.84,103714.0,22879.25,15602.87,334.15,549.1
11571,58480.8,34625.0,34591.35,306.21,237.98,549.1
11572,161716.8,83872.0,31712.63,17742.88,236.35,549.1
11573,214205.6,102364.0,55439.582,24700.94,430.32,549.1
11574,40405.12,12977.0,74670.26,339.08002,489.0,549.1
11575,175507.36,100185.0,24600.6,12627.2705,184.19,549.3
11576,155940.95,93988.0,28889.27,24325.53,220.05,549.5
11577,64450.4,43525.0,29416.92,164.35,153.22,549.5
11578,200979.52,105480.0,43921.242,5511.7803,316.22,550.1
11579,180781.44,99880.0,38393.89,17414.18,330.88998,550.2
11580,189276.64,95580.0,24176.75,5947.74,167.89,550.2
11581,109982.88,69656.0,20566.24,12881.58,195.6,550.3
11582,169292.48,94368.0,26858.25,5176.16,321.11,550.3
11583,183271.2,94780.0,30409.94,16424.621,220.05,550.4
11584,71596.0,44180.0,32292.18,292.37,322.74,550.4
11585,151996.33,92414.0,28316.64,12698.2,161.37,550.5
11586,161465.92,94641.0,21628.46,12400.641,215.16,550.5
11587,157731.84,83723.0,41563.25,33262.71,448.25,550.5
11588,164271.52,90520.0,20003.99,15417.76,246.13,550.6
11589,262143.0,118397.0,90522.25,9933.66,562.35,550.6
11590,147000.0,82651.0,27581.39,8783.21,189.08,550.7
11591,13102.88,6253.0,19507.48,114.18,133.66,550.9
11592,138901.28,84241.0,28005.24,10706.97,216.79,550.9
11593,177251.2,89757.0,37300.53,18644.21,303.18,550.9
11594,201327.84,102210.0,47683.992,24538.32,334.15,551.0
11595,221275.05,113298.0,28128.07,16777.541,278.73,551.0
11596,169958.88,94361.0,39686.2,10454.39,236.35,551.1
11597,187813.92,99986.0,32887.3,18206.52,198.86,551.1
11598,261281.44,107253.0,61252.38,28584.791,505.3,551.2
11599,171685.92,95371.0,43253.46,13940.34,400.98,551.3
11600,185778.88,95117.0,33946.06,19292.96,197.23,551.3
11601,194866.56,95937.0,32958.23,27415.31,332.52,551.4
11602,166267.36,92856.0,13966.29,12845.25,146.7,551.4
11603,181046.88,97816.0,25159.39,9077.311,177.67,551.4
11604,184749.6,103143.0,27572.74,7522.04,185.81999,551.4
11605,212979.2,103533.0,40971.59,17838.03,366.75,551.6
11606,166009.77,93316.0,23768.47,6406.19,252.65,551.7
11607,186729.77,91724.0,66819.52,15109.82,554.2,551.7
11608,132919.36,83940.0,17035.31,13583.96,167.89,551.8
11609,248745.28,88910.0,52995.09,8250.37,418.91,551.8
11610,253536.64,116680.0,55962.04,23602.39,533.01,551.8
11611,192239.05,96908.0,19005.78,15618.44,159.74,551.8
11612,156815.69,93560.0,27662.701,10490.72,184.19,551.9
11613,245143.36,112712.0,50567.902,20303.28,239.61,551.9
11614,7296.8,7502.0,313.13,610.69,-37.49,552.0
11615,175428.95,87110.0,31551.74,12139.41,306.44,552.0
11616,244485.92,106265.0,59878.76,17168.52,309.7,552.0
11617,215689.6,106741.0,30849.36,17810.35,267.32,552.1
11618,210433.44,103628.0,38630.902,16853.66,295.03,552.1
11619,193282.88,100869.0,35909.61,31927.15,418.91,552.1
11620,155890.56,91373.0,28740.49,12144.601,91.28,552.1
11621,173524.95,90860.0,24566.0,12002.74,203.75,552.2
11622,199032.95,104344.0,25219.94,16739.48,298.29,552.2
11623,193821.6,94117.0,35264.32,15011.21,281.99,552.2
11624,217899.36,104049.0,65233.11,15910.811,371.63998,552.3
11625,187432.0,89346.0,35558.42,20163.15,291.77,552.4
11626,181025.6,95048.0,29223.16,19517.86,213.53,552.4
11627,140341.6,79836.0,54533.062,12706.851,430.32,552.4
11628,167700.95,87062.0,24766.68,14331.32,159.74,552.4
11629,231614.88,100095.0,36482.242,15435.061,352.08,552.5
11630,232612.8,104664.0,37452.77,17275.78,241.24,552.5
11631,171346.56,94329.0,45533.6,14253.47,278.73,552.5
11632,175963.2,87877.0,40616.94,15116.74,363.49,552.6
11633,203163.52,101789.0,46381.3,21657.871,410.76,552.6
11634,197200.64,97252.0,36444.18,19149.371,254.28,552.6
11635,239183.84,111701.0,56287.28,24604.06,291.77,552.6
11636,176993.6,92666.0,25311.63,19389.84,228.2,552.7
11637,183154.72,85864.0,38111.902,34485.82,299.92,552.7
11638,167264.16,91159.0,33970.28,18019.68,264.06,552.8
11639,87263.68,56744.0,37274.582,13397.12,387.94,552.8
11640,159999.84,84854.0,39144.71,13592.61,471.07,552.8
11641,228467.69,107082.0,71616.81,20638.9,462.92,552.9
11642,194246.08,101817.0,31826.81,12104.811,213.53,552.9
11643,161725.77,78908.0,47481.582,20400.16,293.4,552.9
11644,180482.4,92342.0,32176.27,16402.13,211.9,552.9
11645,194896.8,100340.0,37265.93,15673.8,213.53,552.9
11646,262143.0,86321.0,53927.562,20457.25,306.44,552.9
11647,190543.36,95037.0,31909.85,11746.7,197.23,552.9
11648,150736.33,90251.0,23550.49,15089.061,172.78,553.0
11649,200158.56,95352.0,29460.17,11006.26,233.09,553.0
11650,221575.2,93945.0,48988.41,21458.92,242.87,553.0
11651,262143.0,92444.0,112951.7,12639.38,881.83,553.0
11652,211200.64,102033.0,31370.09,7385.37,213.53,553.0
11653,163906.4,89857.0,37802.23,17559.5,272.21,553.0
11654,153360.48,87224.0,31896.01,12120.38,205.38,553.1
11655,262143.0,89252.0,70696.45,29138.39,563.98,553.1
11656,214767.84,99515.0,44140.95,11909.32,247.76,553.1
11657,178900.95,96551.0,28103.85,10575.49,233.09,553.1
11658,128823.52,72966.0,23121.451,22538.44,244.5,553.1
11659,262143.0,49354.0,262143.0,1008.59,3069.29,553.1
11660,10710.56,5469.0,20711.56,88.23,88.02,553.1
11661,132886.88,80573.0,33560.27,13698.141,286.88,553.2
11662,262143.0,112344.0,86624.56,33942.6,609.62,553.2
11663,195427.69,101716.0,31072.531,21112.92,110.84,553.2
11664,190149.12,98208.0,34075.81,16154.74,322.74,553.2
11665,182733.6,96545.0,41608.23,13094.37,210.27,553.2
11666,253085.28,103841.0,61904.59,6781.6,567.24,553.2
11667,174819.69,103152.0,27579.66,11397.24,179.3,553.3
11668,168406.56,97246.0,18798.18,11013.18,145.06999,553.3
11669,158459.84,86321.0,43059.7,21121.57,490.63,553.3
11670,192524.64,102072.0,37679.402,10499.37,353.71,553.4
11671,207192.16,99088.0,33288.66,17332.871,353.71,553.4
11672,168202.72,88038.0,28093.47,14585.63,234.72,553.4
11673,243047.84,109521.0,54467.32,23474.371,505.3,553.5
11674,166878.88,95982.0,19318.91,10774.44,197.23,553.5
11675,174830.88,92721.0,25771.81,8845.49,236.35,553.5
11676,262143.0,96920.0,50983.1,31082.91,427.06,553.6
11677,176128.95,92164.0,30411.67,20618.14,308.07,553.6
11678,191247.84,89465.0,50545.41,15900.43,312.96,553.7
11679,186058.88,96549.0,43699.8,17832.84,326.0,553.7
11680,174916.0,100410.0,17415.91,7072.24,112.47,553.9
11681,220592.97,94337.0,34124.25,22903.47,329.26,554.0
11682,6711.04,6277.0,2641.71,36.33,48.9,554.1
11683,5759.04,6036.0,909.98,217.98,14.67,554.1
11684,213604.16,101264.0,36381.902,10739.84,156.48,554.4
11685,195124.16,98093.0,46789.582,18273.99,383.05,554.6
11686,196241.92,100353.0,24085.06,28875.43,234.72,554.6
11687,184067.52,95921.0,35004.82,22884.44,176.04,554.6
11688,191503.2,103705.0,31657.27,17621.78,241.24,554.6
11689,196278.88,99831.0,36810.94,23168.16,262.43,554.7
11690,184703.69,97525.0,23489.94,16298.33,211.9,554.7
11691,186580.8,102620.0,23816.91,13312.351,255.91,554.8
11692,154204.95,87509.0,29117.63,20734.05,174.41,554.8
11693,214482.23,101588.0,28745.68,21701.121,286.88,554.9
11694,262143.0,113215.0,68085.88,28545.0,624.29,555.0
11695,262143.0,109479.0,78076.63,27776.88,647.11,555.0
11696,261624.16,113070.0,46030.11,22431.18,402.61,555.1
11697,202347.05,100348.0,31878.71,15388.351,265.69,555.2
11698,202713.28,100508.0,40828.0,23723.49,330.88998,555.3
11699,194706.4,99578.0,31492.92,13199.9,326.0,555.3
11700,165425.12,97025.0,30112.38,20926.08,350.45,555.3
11701,238053.77,102979.0,66859.31,25543.451,430.32,555.4
11702,206675.84,105138.0,42075.332,12141.14,308.07,555.5
11703,163605.12,88553.0,37771.09,20452.06,353.71,555.6
11704,262143.0,92488.0,85415.29,31617.48,676.45,555.6
11705,80775.52,53873.0,23290.99,12424.86,120.62,555.6
11706,179867.52,91578.0,36710.6,15312.23,430.32,555.6
11707,58037.28,9284.0,141752.73,468.83002,738.39,555.7
11708,23570.4,19215.0,2458.33,27.68,-30.97,555.8
11709,169192.8,96954.0,36186.41,11341.88,334.15,555.8
11710,222666.08,97301.0,37231.332,30031.07,361.86,555.9
11711,145187.84,80309.0,22685.49,14687.7,272.21,555.9
11712,165018.56,91281.0,30935.86,15345.101,138.55,556.0
11713,199851.69,100541.0,42957.63,19915.76,339.04,556.1
11714,251241.77,97926.0,46270.582,20894.94,273.84,556.1
11715,105723.52,64425.0,29205.86,25809.871,249.39,556.1
11716,221734.23,99055.0,52233.89,24541.78,479.22,556.1
11717,208041.12,98764.0,34407.97,19457.31,207.01,556.2
11718,193038.72,99219.0,28352.97,23209.68,370.01,556.2
11719,210980.0,101576.0,49808.43,22069.61,322.74,556.3
11720,251554.23,97584.0,54456.94,36169.11,446.62,556.3
11721,180970.72,99237.0,20536.83,18562.9,229.83,556.3
11722,197295.84,93773.0,67075.56,30323.44,717.2,556.4
11723,191180.64,101249.0,27500.08,14049.33,257.54,556.4
11724,133353.92,77736.0,27385.9,17424.56,285.25,556.4
11725,109570.72,63549.0,28164.4,17815.541,241.24,556.5
11726,195036.8,100581.0,41731.06,11905.86,337.41,556.5
11727,166405.12,94589.0,29830.39,10203.54,249.39,556.5
11728,218331.69,94828.0,42914.38,20125.09,352.08,556.5
11729,245498.4,107450.0,37016.81,13615.101,366.75,556.5
11730,192125.92,101998.0,21733.99,8694.98,177.67,556.5
11731,27274.24,20909.0,6485.77,-36.33,29.34,556.6
11732,225999.2,109169.0,48334.47,15563.08,366.75,556.6
11733,137916.8,74630.0,41603.04,10092.82,262.43,556.6
11734,188993.28,102144.0,31603.64,12815.84,257.54,556.6
11735,202015.52,103432.0,71916.1,25010.61,410.76,556.6
11736,247440.48,105466.0,62667.52,25463.871,479.22,556.6
11737,201729.92,91345.0,61359.64,14398.79,634.07,556.6
11738,246960.0,103317.0,60053.492,20299.82,433.58,556.7
11739,192118.08,92915.0,34940.81,10241.601,156.48,556.7
11740,166393.92,89273.0,52707.91,27190.41,625.92,556.7
11741,158432.95,81000.0,45879.6,9968.26,381.42,556.7
11742,250302.08,109644.0,56686.91,18614.8,427.06,556.7
11743,153647.2,82411.0,31558.66,7454.5703,246.13,556.7
11744,182103.05,92800.0,21147.52,13935.15,247.76,556.8
11745,204436.95,98913.0,33802.47,13447.29,270.58,556.8
11746,241622.08,105699.0,44742.992,21306.68,492.26,556.9
11747,180675.05,97450.0,26619.51,11225.97,73.35,556.9
11748,262143.0,109254.0,51348.13,26228.531,365.12,556.9
11749,262143.0,112264.0,78024.734,13705.061,554.2,556.9
11750,181753.6,95180.0,30107.19,17369.2,348.82,557.0
11751,236125.12,108233.0,53541.77,8295.35,430.32,557.0
11752,262143.0,110487.0,203266.36,81399.96,1646.3,557.0
11753,16993.76,9584.0,42243.14,83.04,213.53,557.1
11754,144887.69,81445.0,22116.32,20536.83,275.47,557.1
11755,212243.36,107098.0,49182.17,9582.47,489.0,557.1
11756,175566.72,88745.0,27680.0,12061.561,184.19,557.2
11757,184397.92,92458.0,43739.59,28337.4,495.52,557.3
11758,164104.64,91396.0,22451.94,13632.4,226.56999,557.3
11759,117072.484,68232.0,19853.48,26731.96,133.66,557.3
11760,168277.77,96958.0,15393.54,5717.65,215.16,557.4
11761,217502.88,106298.0,62214.26,8705.36,418.91,557.4
11762,84282.24,52396.0,28529.43,7336.93,88.02,557.4
11763,180647.05,91400.0,37402.6,13490.54,231.46,557.5
11764,181537.44,94468.0,33439.17,9527.11,213.53,557.5
11765,159781.44,85245.0,31662.46,19837.91,198.86,557.6
11766,206805.77,108058.0,41404.09,17673.68,317.85,557.6
11767,166667.2,89698.0,34011.8,10824.61,171.15,557.7
11768,158641.28,93969.0,58148.76,12943.86,475.96,557.8
11769,162498.56,91532.0,35888.85,8772.83,347.19,557.9
11770,205787.69,100278.0,37978.69,17910.69,360.23,557.9
11771,168725.77,95504.0,29711.02,16063.05,347.19,557.9
11772,231252.0,101936.0,67139.57,19005.78,502.04,558.0
11773,166653.77,87307.0,23216.6,20619.871,241.24,558.0
11774,43701.28,14062.0,69222.49,408.28,591.69,558.0
11775,205920.95,107416.0,38004.64,12473.3,303.18,558.0
11776,262143.0,82912.0,49538.55,30588.13,404.24,558.1
11777,170972.48,81436.0,42774.25,14371.11,278.73,558.1
11778,201364.8,98776.0,44405.64,12763.94,291.77,558.2
11779,227252.48,104871.0,56619.44,10117.04,537.9,558.4
11780,179537.12,92367.0,43589.082,10660.26,368.38,558.4
11781,75458.88,40717.0,25773.541,153.97,303.18,558.5
11782,194723.2,105725.0,29285.44,19588.791,182.56,559.0
11783,156125.77,92396.0,14578.71,14668.67,153.22,559.0
11784,174162.23,90561.0,28806.23,13414.42,233.09,559.2
11785,135013.77,74874.0,37771.09,24453.55,343.93,559.2
11786,206711.69,100621.0,44822.57,16907.291,326.0,559.2
11787,197176.0,104453.0,26808.08,14459.34,404.24,559.2
11788,186522.56,101605.0,46957.39,19370.81,387.94,559.3
11789,173858.72,95068.0,36539.332,18275.72,319.48,559.3
11790,191849.28,103868.0,32543.031,5722.84,283.62,559.4
11791,196364.0,101086.0,22988.24,20958.951,202.12,559.4
11792,244135.36,104213.0,50913.902,28273.39,462.92,559.4
11793,262143.0,97789.0,96611.85,61780.03,735.13,559.5
11794,153890.23,87849.0,39224.29,9075.58,241.24,559.5
11795,191313.92,103727.0,40911.04,22218.39,309.7,559.6
11796,211456.0,103698.0,33378.62,24484.69,412.38998,559.7
11797,203096.33,102137.0,52415.54,11751.89,327.63,559.8
11798,240365.44,112468.0,46161.59,30335.55,317.85,559.9
11799,207168.64,110924.0,35816.19,9155.16,376.53,559.9
11800,227719.52,106349.0,23856.701,16646.06,272.21,560.0
11801,179007.36,98564.0,41146.32,18678.81,306.44,560.1
11802,177927.69,96248.0,19924.41,12840.061,192.34,560.1
11803,197565.77,109792.0,31302.621,18242.85,233.09,560.1
11804,216916.0,107011.0,59354.57,13701.601,454.77,560.3
11805,178875.2,87656.0,38409.46,15447.17,383.05,560.3
11806,196198.23,93314.0,38137.85,10444.01,301.55,560.4
11807,178762.08,98852.0,30115.84,20564.51,236.35,560.4
11808,159495.84,89118.0,25069.43,10976.851,73.35,560.4
11809,200240.33,99777.0,33337.1,24586.76,234.72,560.5
11810,183581.44,93020.0,37274.582,13523.41,195.6,560.9
11811,152591.05,94396.0,23664.67,8831.65,94.54,561.0
11812,85417.92,55557.0,37243.44,361.57,304.81,561.1
11813,112243.04,69872.0,15108.09,20958.951,202.12,561.1
11814,186719.69,101229.0,20363.83,20938.19,114.1,561.2
11815,194195.69,99284.0,30025.88,18606.15,360.23,561.3
11816,181942.88,102188.0,24277.09,13554.55,255.91,561.3
11817,199360.0,103293.0,50259.96,18009.3,387.94,561.4
11818,206796.8,85858.0,41620.34,28512.13,436.84,561.4
11819,118745.76,61562.0,61017.1,17758.451,444.99,561.6
11820,173008.64,94878.0,22768.53,14573.5205,273.84,561.6
11821,188190.23,100949.0,41919.63,11492.39,216.79,561.6
11822,157757.6,78460.0,28782.01,21206.34,278.73,561.6
11823,22159.2,15972.0,4264.45,-48.440002,-8.15,561.6
11824,172842.88,94393.0,32283.531,15919.46,215.16,561.7
11825,158514.72,96953.0,18147.701,12449.08,94.54,561.7
11826,130415.04,78773.0,14519.891,4645.0503,76.61,561.7
11827,253516.48,102801.0,49574.88,18085.42,270.58,561.7
11828,197132.33,104119.0,28288.96,7833.44,228.2,561.7
11829,177590.56,91376.0,62184.85,6115.5503,335.78,561.8
11830,193299.69,98138.0,40179.25,18343.19,308.07,561.8
11831,245377.44,108031.0,54354.87,27027.791,493.88998,561.9
11832,202937.28,100437.0,49844.76,10731.19,342.3,561.9
11833,224296.8,94352.0,66163.85,25441.38,559.09,562.0
11834,219992.64,109524.0,34070.62,17256.75,309.7,562.0
11835,187122.88,98988.0,21560.99,14952.391,163.0,562.0
11836,184206.4,100573.0,21445.08,11347.07,172.78,562.0
11837,262143.0,108069.0,60842.37,43381.48,617.77,562.1
11838,212577.12,97600.0,39546.07,11729.4,251.02,562.1
11839,201850.88,109877.0,36452.832,13111.67,329.26,562.2
11840,194957.28,103274.0,29750.81,23195.84,237.98,562.2
11841,196845.6,103685.0,36667.35,24700.94,399.35,562.3
11842,164336.48,99118.0,30629.65,5620.77,133.66,562.3
11843,232596.0,99101.0,47512.72,15649.58,337.41,562.3
11844,201322.23,91844.0,32440.96,9681.08,311.33,562.3
11845,222175.52,109128.0,45677.19,21377.61,462.92,562.4
11846,230434.4,107260.0,40710.36,22643.97,435.21,562.4
11847,217652.95,108658.0,51185.51,23152.59,410.76,562.4
11848,61495.84,42795.0,26290.81,228.36,189.08,562.5
11849,239435.84,107800.0,64250.473,29754.27,563.98,562.5
11850,173184.48,98693.0,22707.98,11445.68,192.34,562.5
11851,201557.44,94294.0,82071.2,14803.61,911.17,562.6
11852,182346.08,89231.0,50272.07,22505.57,391.2,562.6
11853,236532.8,92456.0,75192.72,25866.96,640.59,562.6
11854,218078.56,105429.0,38895.59,21981.38,316.22,562.7
11855,233760.8,111200.0,39416.32,32247.201,474.33,562.7
11856,237763.69,100613.0,29887.48,30522.39,321.11,562.7
11857,262143.0,50468.0,262143.0,2442.76,3127.97,562.7
11858,243455.52,111682.0,47220.35,27065.85,312.96,562.7
11859,182542.08,99069.0,39258.89,16358.88,296.66,562.7
11860,243209.12,108876.0,52827.28,21355.121,668.3,562.8
11861,196155.69,99167.0,34745.32,18012.76,312.96,562.9
11862,72154.88,22664.0,87712.734,198.95,655.26,563.0
11863,13932.8,5264.0,36892.25,131.48,203.75,563.1
11864,215093.77,106833.0,27647.13,21154.44,226.56999,563.1
11865,199609.77,95389.0,41308.94,16097.65,330.88998,563.1
11866,222703.05,100043.0,48078.43,11898.94,326.0,563.1
11867,228531.52,106496.0,49168.332,13417.88,497.15,563.2
11868,258226.08,90156.0,43454.14,25808.14,296.66,563.2
11869,163842.56,92649.0,23073.01,8359.36,187.45,563.3
11870,204447.05,106139.0,25669.74,11900.67,154.85,563.3
11871,206495.52,105330.0,36933.77,17538.74,172.78,563.3
11872,146899.2,87895.0,35781.59,13066.69,190.71,563.4
11873,171400.33,90409.0,35380.23,14092.58,158.11,563.4
11874,174985.44,83580.0,48450.38,11260.57,281.99,563.5
11875,195279.84,99128.0,39092.81,23481.291,348.82,563.6
11876,156568.16,86298.0,47272.25,17000.71,304.81,563.6
11877,161113.12,87220.0,30764.59,12615.16,203.75,563.8
11878,155645.28,87402.0,32074.201,9632.64,205.38,563.8
11879,174055.84,92717.0,35515.17,11198.29,195.6,563.8
11880,163791.05,80089.0,33416.68,24642.121,345.56,563.9
11881,262143.0,91944.0,153345.47,35089.59,1217.61,563.9
11882,262143.0,111952.0,80083.43,42061.492,757.95,564.0
11883,181668.48,100449.0,46322.48,15146.15,319.48,564.0
11884,193318.72,95743.0,41580.55,14194.65,252.65,564.0
11885,194184.48,99522.0,25787.38,10980.311,265.69,564.0
11886,224619.36,102596.0,57935.97,17891.66,319.48,564.1
11887,234664.64,104369.0,52754.62,28633.23,431.95,564.1
11888,153250.72,93295.0,26936.1,13563.2,164.63,564.1
11889,166666.08,95129.0,28141.91,17213.5,200.49,564.2
11890,182126.56,91165.0,30643.49,31759.34,347.19,564.2
11891,152924.8,92661.0,26652.38,18434.88,221.68,564.2
11892,182965.44,95088.0,27654.05,28738.76,339.04,564.3
11893,209348.16,105706.0,42627.2,18568.09,363.49,564.3
11894,165607.69,100484.0,25685.31,16867.5,176.04,564.3
11895,254914.23,113485.0,41295.1,23349.81,394.46,564.4
11896,216396.33,95164.0,37290.152,29968.791,376.53,564.4
11897,180196.8,96857.0,37442.39,24804.74,231.46,564.4
11898,170898.56,89632.0,45976.48,10758.87,316.22,564.5
11899,106832.32,66030.0,25821.98,15969.63,141.81,564.6
11900,216222.72,99961.0,40928.34,16542.26,374.9,564.6
11901,38188.64,24711.0,24545.24,195.49,109.21,564.6
11902,187274.08,99010.0,33800.742,14935.09,329.26,564.6
11903,194493.6,104169.0,38810.82,17056.07,200.49,564.7
11904,139559.84,77208.0,20649.28,15781.061,151.59,564.7
11905,262143.0,111016.0,40890.28,25322.01,384.68,564.8
11906,262143.0,108102.0,65854.18,37861.05,500.41,564.8
11907,177493.12,89539.0,35406.18,10706.97,198.86,564.8
11908,213594.08,101822.0,56013.94,18628.64,560.72,564.8
11909,23608.48,17722.0,5385.49,39.79,1.63,564.9
11910,194222.56,101101.0,33579.3,12530.391,290.13998,564.9
11911,7624.96,7591.0,716.22003,1634.85,-32.6,564.9
11912,151327.69,89864.0,25633.41,10770.98,281.99,564.9
11913,262143.0,104001.0,64034.223,21005.66,510.19,565.0
11914,181698.72,100164.0,21912.18,16495.55,115.73,565.1
11915,131279.69,85646.0,21073.13,13564.93,193.97,565.1
11916,73971.52,43568.0,24685.371,124.56,337.41,565.2
11917,199021.77,93701.0,43481.82,22327.38,321.11,565.2
11918,231674.23,95269.0,51675.1,10307.34,448.25,565.2
11919,196260.95,96280.0,35864.63,14995.641,278.73,565.2
11920,83790.56,41778.0,44348.55,269.88,559.09,565.3
11921,169518.72,93385.0,30048.371,12509.63,149.96,565.3
11922,209885.77,106693.0,34757.43,17109.7,376.53,565.3
11923,198497.6,97401.0,36615.45,16569.94,326.0,565.4
11924,179987.36,96213.0,28911.76,7760.7803,231.46,565.5
11925,181816.33,85502.0,68032.25,8945.83,396.09,565.5
11926,176398.88,89344.0,40928.34,14134.101,259.17,565.5
11927,200957.12,99616.0,28264.74,11501.04,185.81999,565.6
11928,87276.0,45791.0,38814.28,368.49,405.87,565.6
11929,241367.84,112170.0,33740.19,25254.541,355.34,565.6
11930,171768.8,102981.0,28375.46,13713.71,264.06,565.7
11931,262143.0,104089.0,94105.08,20249.65,733.5,565.8
11932,210312.48,94096.0,50709.76,12964.62,343.93,565.8
11933,205459.52,103366.0,42267.36,11964.68,317.85,565.9
11934,184003.69,97429.0,27635.02,16639.14,280.36,565.9
11935,199536.95,99415.0,34546.37,12936.94,226.56999,566.0
11936,196030.23,96808.0,38949.22,9890.41,229.83,566.0
11937,153653.92,87657.0,37911.22,11227.7,350.45,566.0
11938,186197.77,102568.0,40810.7,18869.11,233.09,566.1
11939,186768.95,97416.0,33254.06,16009.42,233.09,566.1
11940,103241.6,64962.0,39234.67,28404.871,373.27,566.1
11941,190148.0,101540.0,27109.1,13734.47,138.55,566.1
11942,202770.4,94394.0,45322.54,5215.95,415.65,566.1
11943,236297.6,115028.0,37582.52,31224.77,241.24,566.2
11944,247607.36,108881.0,52045.32,19877.701,384.68,566.2
11945,82574.24,41673.0,78583.52,480.94,642.22,566.3
11946,179306.4,97224.0,33866.48,13026.9,138.55,566.3
11947,243239.36,116681.0,37918.14,25014.07,402.61,566.3
11948,231123.2,111311.0,37651.72,16512.85,355.34,566.4
11949,193168.64,85583.0,48900.18,18730.71,475.96,566.4
11950,262143.0,116282.0,54879.062,17398.61,430.32,566.4
11951,214755.52,107165.0,40104.86,26202.58,400.98,566.4
11952,262143.0,105481.0,71360.77,41758.742,621.02997,566.4
11953,141854.72,73338.0,52474.36,23213.14,407.5,566.5
11954,178345.44,97584.0,29574.35,14120.26,247.76,566.5
11955,262143.0,104496.0,88280.17,42340.02,694.38,566.5
11956,262143.0,102601.0,133829.34,62350.93,1110.03,566.6
11957,135508.8,86751.0,19462.5,10691.4,177.67,566.6
11958,174403.05,92736.0,45367.52,11897.21,342.3,566.6
11959,234237.92,99053.0,48154.55,23863.621,361.86,566.9
11960,158784.64,92852.0,18645.94,11194.83,182.56,567.0
11961,203012.33,100009.0,30294.031,10950.9,306.44,567.1
11962,79427.04,48044.0,24251.14,122.83,176.04,567.2
11963,7649.6,7409.0,840.78,840.78,34.23,567.8
11964,172595.36,94865.0,41613.42,2472.17,311.33,568.1
11965,211126.72,104699.0,43788.03,27979.291,140.18,568.2
11966,13277.6,7724.0,23294.451,108.99,89.65,568.2
11967,214506.88,105495.0,29340.8,14819.18,281.99,568.3
11968,177835.84,94132.0,41277.8,25398.13,407.5,568.4
11969,185955.84,97655.0,25989.791,17992.0,205.38,568.5
11970,167472.48,93913.0,48478.06,7515.12,224.94,568.5
11971,180748.95,93233.0,35996.11,8252.1,298.29,568.7
11972,199964.8,101420.0,29736.97,23043.6,317.85,568.9
11973,161730.23,94425.0,26043.42,9629.18,237.98,568.9
11974,131038.88,76533.0,17232.53,18261.88,237.98,569.0
11975,146572.16,85438.0,30648.68,7221.02,244.5,569.1
11976,196019.05,100476.0,32063.82,22105.94,285.25,569.2
11977,168548.8,92581.0,17175.44,16945.35,223.31,569.2
11978,220212.16,102632.0,35309.3,20019.56,399.35,569.3
11979,186532.64,92152.0,44497.332,15952.33,430.32,569.3
11980,96754.56,54849.0,41717.22,150.51,440.1,569.4
11981,188099.52,97008.0,47313.77,9523.65,356.97,569.5
11982,170042.88,98076.0,18412.39,13087.45,132.03,569.5
11983,202842.08,101081.0,21785.89,18590.58,189.08,569.6
11984,141072.95,74577.0,41326.242,22035.01,467.81,569.6
11985,152656.0,92648.0,41122.1,23232.17,356.97,569.6
11986,224039.2,109804.0,50768.582,14220.601,350.45,569.7
11987,173072.48,96257.0,27126.4,9271.07,224.94,569.7
11988,56968.8,35997.0,35913.07,228.36,254.28,569.7
11989,207605.44,101206.0,41381.6,15284.55,399.35,569.8
11990,186598.72,82632.0,32999.75,26462.08,210.27,569.8
11991,194120.64,94944.0,28508.67,20680.42,396.09,569.9
11992,203126.56,98612.0,32216.06,18976.371,132.03,569.9
11993,171654.56,100873.0,30928.94,7054.94,197.23,570.0
11994,174367.2,94432.0,32010.19,15602.87,195.6,570.1
11995,195765.92,97937.0,59167.73,21156.17,458.03,570.2
11996,137711.84,79553.0,42058.03,12326.25,236.35,570.3
11997,188190.23,94644.0,37447.582,24112.74,451.51,570.3
11998,205530.08,105705.0,30378.8,11314.2,306.44,570.3
11999,124511.52,72171.0,37719.19,17189.28,402.61,570.3
12000,193036.48,105429.0,25174.96,8748.61,236.35,570.3
12001,172515.84,96444.0,36350.76,22346.41,179.3,570.4
12002,190667.69,90553.0,56366.86,33190.05,430.32,570.4
12003,208395.05,105309.0,38250.3,13587.42,296.66,570.4
12004,192612.0,98620.0,36245.23,26475.92,299.92,570.5
12005,197648.64,99377.0,39890.34,14409.17,322.74,570.5
12006,168483.84,96748.0,29972.25,11180.99,195.6,570.6
12007,170965.77,97528.0,16573.4,7117.22,132.03,570.6
12008,158678.23,88884.0,30712.69,5321.48,203.75,570.6
12009,194540.64,101116.0,38084.22,19465.96,221.68,570.6
12010,184428.16,101670.0,28416.98,15224.0,167.89,570.6
12011,195167.84,99736.0,20336.15,19208.19,203.75,570.7
12012,207042.08,102880.0,37601.55,14878.0,262.43,570.7
12013,94204.32,58829.0,22233.96,17462.621,257.54,570.7
12014,202021.12,102516.0,27250.96,15424.68,399.35,570.8
12015,109089.12,70444.0,20810.17,13094.37,146.7,570.8
12016,262143.0,106109.0,79609.414,39727.72,650.37,570.8
12017,222736.64,108181.0,33622.55,20946.84,255.91,570.9
12018,173368.16,90334.0,32947.85,22547.09,264.06,570.9
12019,204310.4,104361.0,38291.82,15817.391,293.4,570.9
12020,219830.23,100584.0,43018.18,7951.08,418.91,571.0
12021,205999.36,105081.0,35516.902,16673.74,365.12,571.0
12022,185299.52,91806.0,34546.37,17405.53,220.05,571.0
12023,184402.4,84993.0,56180.02,46983.34,356.97,571.0
12024,205673.44,98825.0,50505.62,7530.69,370.01,571.0
12025,127190.56,76531.0,32453.07,11250.19,185.81999,571.0
12026,262143.0,114205.0,79040.24,38338.53,513.45,571.1
12027,125051.36,79111.0,20853.42,13808.86,195.6,571.1
12028,187911.36,103490.0,23626.61,16542.26,156.48,571.1
12029,191959.05,100132.0,38433.68,9473.48,242.87,571.1
12030,203866.88,97248.0,48600.89,25235.51,376.53,571.2
12031,167928.33,91152.0,27328.81,11052.97,208.64,571.2
12032,207588.64,104283.0,49967.59,19597.44,314.59,571.3
12033,183167.05,98554.0,28157.48,6786.79,224.94,571.3
12034,154132.16,86753.0,29501.69,5214.22,298.29,571.3
12035,189683.2,98832.0,51076.52,30833.791,418.91,571.3
12036,262143.0,104455.0,66921.59,37169.05,418.91,571.3
12037,58349.76,33604.0,24119.66,186.84,280.36,571.4
12038,72091.04,13692.0,146536.19,614.15,766.1,571.4
12039,114795.52,67461.0,33017.05,8940.64,273.84,571.4
12040,185631.05,100604.0,28735.3,13518.22,189.08,571.4
12041,213192.0,103218.0,58482.652,18675.35,352.08,571.4
12042,161505.12,96504.0,24702.67,14044.141,94.54,571.4
12043,156738.4,91764.0,18154.621,10191.43,92.909996,571.5
12044,143008.33,79176.0,22548.82,22365.44,286.88,571.5
12045,168425.6,98465.0,36011.68,10442.28,296.66,571.5
12046,165176.48,95529.0,23690.621,11990.63,309.7,571.5
12047,127569.12,68553.0,33715.97,25123.06,332.52,571.5
12048,239647.52,100760.0,37342.05,24901.621,350.45,571.5
12049,170982.56,83385.0,64381.95,12698.2,423.8,571.6
12050,219516.64,95289.0,84498.39,13921.311,609.62,571.6
12051,227084.48,105025.0,49299.81,17895.121,262.43,571.6
12052,184914.23,98277.0,41077.12,13904.01,283.62,571.6
12053,180809.44,85493.0,52131.82,22785.83,366.75,571.6
12054,212746.23,104836.0,31069.07,20382.86,247.76,571.7
12055,215756.8,96354.0,37179.43,23510.701,299.92,571.7
12056,237416.48,102870.0,55157.59,21201.15,404.24,571.7
12057,202431.05,91229.0,55797.69,28588.25,373.27,571.7
12058,203385.28,104321.0,22503.84,13556.28,223.31,571.7
12059,176075.2,94649.0,29134.93,12276.08,205.38,571.7
12060,234269.28,101481.0,52384.402,19249.71,400.98,571.7
12061,196064.95,97893.0,55375.57,24169.83,389.57,571.7
12062,148272.33,86161.0,29522.451,8485.65,163.0,571.8
12063,171335.36,95918.0,35170.9,10653.34,179.3,571.8
12064,233496.48,107813.0,42307.152,22623.21,506.93,571.8
12065,199983.84,99837.0,42160.1,10608.36,293.4,571.8
12066,167639.36,91069.0,32027.49,10547.811,189.08,571.8
12067,192162.88,107545.0,25749.32,17476.46,275.47,571.9
12068,161546.56,98465.0,27444.72,12476.76,231.46,571.9
12069,183385.44,100206.0,46111.42,8099.86,410.76,571.9
12070,262143.0,109820.0,113572.77,58714.47,1070.91,571.9
12071,67170.88,36116.0,24306.5,153.97,275.47,571.9
12072,212128.0,106029.0,42596.06,14398.79,295.03,571.9
12073,262143.0,106664.0,49119.89,38276.25,519.97,572.0
12074,247703.69,113537.0,53815.11,24645.58,345.56,572.0
12075,224561.12,104940.0,40329.76,13959.37,387.94,572.0
12076,207832.8,104845.0,43576.97,15762.03,405.87,572.0
12077,211516.48,101133.0,39182.77,19393.3,407.5,572.0
12078,230080.48,105116.0,48235.86,48896.72,513.45,572.0
12079,164025.12,95118.0,26968.97,9205.33,154.85,572.0
12080,204843.52,100731.0,49524.71,18758.39,389.57,572.0
12081,213840.48,96321.0,59101.992,16180.69,304.81,572.0
12082,188173.44,100227.0,35314.492,7644.87,223.31,572.0
12083,262143.0,99944.0,58197.2,18535.22,339.04,572.1
12084,200941.44,104772.0,42474.96,21242.67,192.34,572.1
12085,225432.48,100090.0,64563.6,14509.51,352.08,572.1
12086,262143.0,106821.0,69310.72,50590.39,751.43,572.1
12087,184371.05,101325.0,36245.23,19078.44,308.07,572.1
12088,158706.23,94701.0,33395.92,10931.87,283.62,572.1
12089,192446.23,96202.0,44941.94,22955.371,347.19,572.1
12090,262143.0,89769.0,165090.44,82297.83,1540.35,572.1
12091,262143.0,123099.0,262143.0,144894.42,2449.89,572.1
12092,226870.56,112567.0,49619.86,22547.09,298.29,572.2
12093,188398.56,94524.0,50268.61,18978.1,368.38,572.2
12094,210355.05,99188.0,43101.22,10508.0205,280.36,572.2
12095,227092.33,107044.0,56209.43,17146.03,409.13,572.2
12096,141490.72,83660.0,27354.76,11184.45,224.94,572.3
12097,68586.56,18909.0,174297.5,655.67,1013.86,572.3
12098,211562.4,91245.0,67072.1,29140.121,619.4,572.3
12099,222893.44,73097.0,80438.08,85899.69,883.46,572.3
12100,162328.33,92353.0,22000.41,5496.21,99.43,572.3
12101,226523.36,107752.0,43530.26,9682.811,405.87,572.3
12102,188081.6,96562.0,39357.5,19023.08,231.46,572.3
12103,183322.72,90705.0,53721.69,11184.45,477.59,572.4
12104,220296.16,103345.0,51827.34,23628.34,322.74,572.4
12105,262143.0,99373.0,80145.71,103819.03,960.07,572.4
12106,185990.56,98046.0,39857.47,19277.39,265.69,572.4
12107,214364.64,104514.0,46742.87,9764.12,264.06,572.4
12108,201383.84,95972.0,45825.97,18689.19,303.18,572.4
12109,262143.0,96910.0,61029.21,23178.541,402.61,572.4
12110,119622.72,75107.0,43495.66,12999.22,321.11,572.5
12111,186301.92,97073.0,35909.61,15903.891,202.12,572.5
12112,185951.36,91664.0,37169.05,31314.73,257.54,572.5
12113,239463.84,109539.0,78152.75,12776.05,451.51,572.5
12114,262143.0,113068.0,51090.36,27199.06,278.73,572.5
12115,215438.72,106097.0,45170.3,33160.64,428.69,572.5
12116,163439.36,49140.0,194282.47,826.94,1214.35,572.6
12117,41204.8,12517.0,60951.36,95.15,767.73,572.6
12118,192022.88,101088.0,37911.22,26619.51,332.52,572.6
12119,217892.64,107178.0,51927.68,15220.54,396.09,572.6
12120,165702.88,91697.0,29994.74,18753.201,262.43,572.6
12121,171038.56,91671.0,37471.8,15926.38,241.24,572.6
12122,262143.0,117460.0,96489.02,31356.25,625.92,572.6
12123,173747.84,97304.0,25202.64,12708.58,249.39,572.6
12124,237862.23,93060.0,81578.15,39857.47,604.73,572.7
12125,196852.33,95793.0,36636.21,16995.52,283.62,572.7
12126,116858.56,15364.0,165740.92,685.08,933.99,572.8
12127,158608.8,90222.0,25072.89,17279.24,192.34,572.8
12128,256898.88,91542.0,95054.85,78675.21,933.99,572.9
12129,149721.6,86231.0,25754.51,15985.2,110.84,573.0
12130,241670.23,115836.0,55422.28,18273.99,427.06,573.0
12131,177039.52,89835.0,41679.16,16230.86,254.28,573.0
12132,203207.2,98590.0,39296.95,9464.83,321.11,573.1
12133,170673.44,89929.0,32297.371,8297.08,275.47,573.1
12134,127606.08,76532.0,47189.21,15614.98,234.72,573.2
12135,209287.69,97963.0,44429.86,17213.5,208.64,573.2
12136,262143.0,108491.0,60927.14,36804.02,489.0,573.2
12137,262143.0,104104.0,108211.5,35010.01,792.18,573.2
12138,247121.28,106978.0,41914.44,19346.59,316.22,573.3
12139,244983.2,117037.0,49765.18,22984.78,352.08,573.3
12140,176235.36,95980.0,24244.22,13225.851,89.65,573.3
12141,174987.69,85501.0,32084.58,17775.75,200.49,573.4
12142,162407.84,79405.0,100819.21,37438.93,700.9,573.4
12143,197806.56,102537.0,38912.89,13694.68,200.49,573.5
12144,262143.0,90149.0,59409.93,24605.791,482.48,573.5
12145,244276.48,112898.0,45651.242,20431.3,311.33,573.5
12146,262143.0,101520.0,75779.19,26711.201,355.34,573.6
12147,190714.72,98914.0,30996.41,13852.11,211.9,573.6
12148,148656.48,73684.0,39551.26,8842.03,368.38,573.7
12149,164692.64,91866.0,29422.11,18538.68,136.92,573.7
12150,262143.0,101489.0,68686.19,36477.05,516.71,573.8
12151,190830.08,99442.0,40788.21,22733.93,389.57,573.8
12152,170901.92,94016.0,37584.25,25249.35,281.99,573.9
12153,127712.484,79759.0,48555.91,24948.33,371.63998,574.1
12154,131908.0,63344.0,47209.97,27489.701,431.95,574.4
12155,157617.6,93801.0,21704.58,9380.061,207.01,574.4
12156,138272.95,83992.0,42454.2,32549.951,234.72,574.5
12157,204951.05,99593.0,43836.47,24545.24,361.86,574.6
12158,183973.44,103377.0,27387.63,16806.95,228.2,574.7
12159,173787.05,97773.0,28994.8,13737.93,190.71,574.8
12160,197563.52,94992.0,52358.45,12142.87,330.88998,574.8
12161,215659.36,110597.0,28674.75,12511.36,322.74,574.9
12162,200370.23,101309.0,43395.32,22413.88,343.93,574.9
12163,125910.4,76622.0,25363.531,21062.75,202.12,574.9
12164,209791.69,98069.0,47023.13,18388.17,414.02,575.0
12165,169379.84,84362.0,38546.13,7535.88,244.5,575.0
12166,169574.72,97272.0,33233.3,14748.25,257.54,575.0
12167,101757.6,70142.0,31575.96,22849.84,264.06,575.1
12168,151504.64,79910.0,26157.6,11104.87,203.75,575.1
12169,239172.64,101447.0,67589.37,8214.04,402.61,575.1
12170,164805.77,91992.0,29297.55,5868.16,299.92,575.2
12171,219787.69,97992.0,67662.03,16663.36,391.2,575.2
12172,161321.44,89113.0,30228.291,7162.2,228.2,575.3
12173,186501.28,96097.0,39681.01,9665.51,262.43,575.3
12174,115083.36,61213.0,56974.09,230.09,505.3,575.3
12175,79854.88,43477.0,41004.46,273.34,262.43,575.3
12176,69451.2,21608.0,109444.99,307.94,588.43,575.4
12177,199063.2,90709.0,30908.18,40836.652,281.99,575.6
12178,228575.2,79255.0,28972.31,26967.24,299.92,575.7
12179,202129.77,94813.0,33523.94,22713.17,241.24,575.7
12180,169887.2,100389.0,18654.59,18914.09,277.1,575.7
12181,204133.44,103424.0,40943.91,17628.7,298.29,575.8
12182,189675.36,100183.0,30236.94,6688.18,224.94,575.8
12183,239886.08,98149.0,69243.25,31075.99,379.79,576.0
12184,199067.69,102428.0,37765.902,19036.92,229.83,576.0
12185,184095.52,98133.0,27673.08,11269.22,197.23,576.0
12186,79992.64,42161.0,34606.92,346.0,330.88998,576.1
12187,152305.44,89590.0,23659.48,5947.74,244.5,576.2
12188,145014.23,83792.0,16716.99,16170.311,207.01,576.2
12189,218364.16,93382.0,70660.12,15097.71,658.52,576.2
12190,190268.95,95943.0,26193.93,17604.48,296.66,576.3
12191,244860.0,113119.0,55365.19,30883.96,500.41,576.3
12192,156210.88,91181.0,24252.871,18092.34,176.04,576.4
12193,187098.23,105272.0,23931.09,17047.42,270.58,576.4
12194,262143.0,100480.0,61413.27,57659.17,563.98,576.4
12195,107355.36,57593.0,46587.17,15042.351,360.23,576.5
12196,215269.6,97108.0,45689.3,14784.58,387.94,576.5
12197,231031.36,101597.0,49339.6,26178.36,431.95,576.7
12198,259508.48,104732.0,50495.242,27970.64,405.87,576.8
12199,178584.0,95349.0,32790.42,11334.96,339.04,576.8
12200,262143.0,95723.0,61984.17,25313.36,627.55,576.9
12201,194838.56,98101.0,41525.19,16943.621,314.59,576.9
12202,204559.05,103160.0,43967.95,29371.94,317.85,576.9
12203,262143.0,97752.0,96359.27,46831.1,937.25,576.9
12204,147558.88,85365.0,31558.66,15801.82,299.92,577.0
12205,164361.12,92211.0,34501.39,21931.21,200.49,577.3
12206,16294.88,9929.0,2010.26,46.71,47.27,577.3
12207,187342.4,98737.0,22308.35,18187.49,311.33,577.4
12208,162387.69,92472.0,20723.67,14177.351,86.39,577.4
12209,186817.12,96941.0,31951.371,18381.25,246.13,577.4
12210,159408.48,86356.0,24155.99,10698.32,65.2,577.5
12211,212815.69,102596.0,57126.332,19507.48,368.38,577.6
12212,190025.92,102328.0,31921.96,5946.0103,242.87,577.7
12213,188583.36,101499.0,24910.27,11270.95,195.6,577.8
12214,214964.95,115297.0,36824.78,28484.451,216.79,577.9
12215,140360.64,83298.0,29243.92,14096.04,234.72,577.9
12216,226752.97,99513.0,51702.78,29896.13,417.28,578.0
12217,134288.0,83715.0,23391.33,13421.34,198.86,578.0
12218,188039.05,92909.0,53674.98,20422.65,347.19,578.1
12219,190743.84,91415.0,38066.92,9290.101,242.87,578.1
12220,241438.4,99274.0,169943.1,19023.08,1126.33,578.2
12221,5686.24,5508.0,569.17,769.85004,4.89,578.2
12222,201221.44,96225.0,48234.13,15006.0205,458.03,578.2
12223,181767.05,98029.0,28053.68,8001.25,158.11,578.2
12224,8070.72,7900.0,1067.41,555.33,3.26,578.3
12225,198458.4,89812.0,47986.742,25659.36,397.72,578.4
12226,245143.36,112033.0,48097.46,14860.7,378.16,578.4
12227,153847.69,86008.0,29608.951,8618.86,149.96,578.4
12228,156132.48,86138.0,31153.84,20754.81,286.88,578.5
12229,184008.16,92509.0,28603.82,12324.5205,299.92,578.5
12230,201277.44,106197.0,46244.63,17621.78,224.94,578.6
12231,12993.12,5841.0,23007.27,55.36,115.73,578.7
12232,172346.72,91433.0,44294.92,16170.311,262.43,578.7
12233,196669.77,107573.0,45775.8,6930.38,340.67,578.7
12234,180409.6,98473.0,24308.23,13663.54,216.79,578.7
12235,228180.97,111452.0,56482.77,25794.3,526.49,578.9
12236,176813.28,90641.0,38864.45,7724.45,326.0,578.9
12237,196775.05,99597.0,51306.61,11819.36,352.08,579.0
12238,110847.52,63575.0,26413.64,26384.23,277.1,579.1
12239,52118.082,28974.0,36904.36,-13.84,61.94,579.2
12240,118954.08,73695.0,27384.17,11994.09,291.77,579.2
12241,204979.05,100508.0,37971.77,13974.94,350.45,579.3
12242,211672.16,99925.0,37672.48,18957.34,283.62,579.4
12243,179327.69,98101.0,29159.15,11537.37,110.84,579.4
12244,191009.28,85626.0,60186.7,40264.02,444.99,579.4
12245,183666.56,87831.0,48715.07,28259.55,352.08,579.4
12246,175197.12,94488.0,31697.06,13544.17,231.46,579.5
12247,182507.36,92218.0,44980.0,28567.49,330.88998,579.5
12248,167616.95,88772.0,27560.63,9724.33,146.7,579.5
12249,149914.23,75685.0,40423.18,19922.68,224.94,579.5
12250,155597.12,83721.0,26906.69,20858.61,252.65,579.5
12251,157101.28,91720.0,33700.4,5821.45,127.14,579.5
12252,156927.69,89577.0,25188.8,25019.26,254.28,579.6
12253,160345.92,79218.0,35340.44,13495.73,234.72,579.6
12254,196695.52,99826.0,40577.152,10046.11,304.81,579.6
12255,177804.48,97754.0,39912.832,13198.17,293.4,579.7
12256,190873.77,98573.0,31027.55,16026.72,221.68,579.7
12257,196850.08,90816.0,55773.47,33562.0,394.46,579.8
12258,178282.72,101476.0,24898.16,6695.1,200.49,579.8
12259,199638.88,98866.0,38236.46,15803.55,273.84,579.8
12260,223672.97,113876.0,47377.78,22585.15,392.83,579.8
12261,179613.28,91721.0,28224.951,10656.8,182.56,579.8
12262,229147.52,101936.0,56773.41,20521.26,392.83,579.9
12263,258185.77,98272.0,91324.97,52780.57,782.4,579.9
12264,173125.12,96505.0,32383.871,8132.73,220.05,580.0
12265,175860.16,69507.0,46915.87,28088.281,427.06,580.0
12266,221267.2,106715.0,65390.54,24899.89,479.22,580.0
12267,181647.2,95539.0,34812.79,6726.24,257.54,580.1
12268,224965.44,108233.0,32370.031,21086.97,218.42,580.1
12269,185902.08,91444.0,31989.43,18905.44,304.81,580.1
12270,217706.72,104657.0,61179.72,13199.9,387.94,580.1
12271,154927.36,90157.0,37634.42,12281.2705,330.88998,580.2
12272,197243.2,100236.0,46919.332,25346.23,433.58,580.2
12273,257003.05,114115.0,34433.92,28024.27,229.83,580.2
12274,185592.95,98632.0,19246.25,7579.13,285.25,580.2
12275,182964.33,97745.0,28077.9,10826.34,163.0,580.2
12276,177661.12,95133.0,35074.02,20964.14,293.4,580.3
12277,159096.0,84005.0,22472.701,10257.17,128.77,580.3
12278,209748.0,106550.0,42959.36,30067.4,368.38,580.3
12279,213941.28,98957.0,43580.43,29069.19,304.81,580.4
12280,262143.0,101803.0,53976.0,34596.54,570.5,580.4
12281,158770.08,90028.0,18869.11,13542.44,105.95,580.4
12282,171053.12,90477.0,40554.66,11834.93,189.08,580.5
12283,166147.52,88501.0,29627.98,11952.57,347.19,580.5
12284,95417.28,62001.0,15312.23,10696.59,226.56999,580.6
12285,185626.56,95257.0,27785.531,9316.05,257.54,580.6
12286,170815.69,101640.0,20227.16,9990.75,205.38,580.6
12287,196655.2,92701.0,30773.24,22842.92,345.56,580.7
12288,161563.36,78408.0,36394.01,16386.56,301.55,580.8
12289,143790.08,77536.0,26465.541,26844.41,268.95,580.8
12290,208381.6,104606.0,46246.36,24669.8,322.74,580.9
12291,135610.72,84461.0,16345.04,8354.17,176.04,581.0
12292,192087.84,93540.0,43506.04,13642.78,288.51,581.1
12293,177746.23,90060.0,56244.03,34139.82,440.1,581.1
12294,178671.36,92120.0,28724.92,17787.86,207.01,581.1
12295,152834.08,90730.0,27050.281,10319.45,156.48,581.1
12296,239240.97,109942.0,48991.87,15371.05,301.55,581.1
12297,192254.72,105914.0,34947.73,9604.96,159.74,581.2
12298,161045.92,90469.0,16718.72,6702.02,130.4,581.2
12299,179611.05,94293.0,32942.66,10715.62,143.44,581.2
12300,204429.12,93477.0,31508.49,10040.92,203.75,581.2
12301,142979.2,73752.0,48360.42,24034.89,500.41,581.4
12302,236326.72,117176.0,26403.26,28062.33,371.63998,581.4
12303,68579.84,34936.0,53953.51,221.44,371.63998,581.5
12304,184899.69,97234.0,45189.332,15035.43,257.54,581.5
12305,160321.28,81596.0,40871.25,18654.59,228.2,581.6
12306,109687.2,65432.0,23007.27,22166.49,187.45,581.6
12307,85193.92,51932.0,34463.332,18927.93,249.39,581.6
12308,172289.6,95327.0,27157.541,15540.59,136.92,581.7
12309,261533.44,103572.0,72717.09,23251.201,533.01,581.7
12310,165164.16,93385.0,16614.92,11648.09,164.63,581.8
12311,187542.88,99373.0,36430.34,12545.96,265.69,581.9
12312,159007.52,91742.0,25977.68,7324.8203,163.0,581.9
12313,164977.12,94423.0,32601.85,13301.97,285.25,581.9
12314,155006.88,87587.0,29723.13,5200.38,268.95,582.0
12315,84899.36,43712.0,22623.21,41.52,180.93,582.0
12316,249332.16,114697.0,61292.17,12007.93,451.51,582.0
12317,215027.69,111053.0,50282.45,24674.99,430.32,582.0
12318,166373.77,87456.0,37044.492,11869.53,314.59,582.0
12319,178470.88,95185.0,25648.98,13487.08,239.61,582.1
12320,180177.77,94337.0,37198.46,18120.02,394.46,582.2
12321,126319.2,73100.0,31387.39,16097.65,241.24,582.2
12322,103972.96,57017.0,30634.84,23078.201,304.81,582.2
12323,170147.05,83923.0,52756.35,18199.6,347.19,582.2
12324,229631.36,105929.0,35833.492,19462.5,272.21,582.3
12325,185343.2,96835.0,29672.96,17319.03,296.66,582.3
12326,196909.44,100644.0,34598.27,17981.621,187.45,582.3
12327,134106.56,70744.0,31930.611,17805.16,213.53,582.3
12328,202201.44,98608.0,37238.25,18459.1,343.93,582.3
12329,65157.12,41625.0,29307.93,178.19,203.75,582.4
12330,185082.23,98895.0,34446.03,16441.92,220.05,582.4
12331,189220.64,102357.0,40565.04,20725.4,218.42,582.5
12332,207462.08,100393.0,40800.32,24790.9,352.08,582.5
12333,192027.36,93729.0,39075.51,20509.15,190.71,582.5
12334,205437.12,101069.0,24849.72,16218.75,138.55,582.6
12335,124541.76,74118.0,24922.38,3325.06,197.23,582.6
12336,185959.2,101885.0,29079.57,10822.88,205.38,582.6
12337,181566.56,96453.0,28152.291,8983.89,189.08,582.6
12338,202685.28,92836.0,45630.48,9132.67,418.91,582.6
12339,221952.64,88527.0,108019.47,21938.13,792.18,582.6
12340,194820.64,98210.0,20033.4,18479.86,195.6,582.7
12341,236255.05,111786.0,55249.28,22579.96,475.96,582.7
12342,262143.0,106746.0,88197.13,36400.93,924.21,582.7
12343,178660.16,92364.0,46327.67,13853.84,187.45,582.7
12344,172023.05,87892.0,42888.43,16767.16,309.7,582.7
12345,262143.0,122079.0,133173.67,68269.26,1149.15,582.8
12346,158309.77,88931.0,31307.81,10476.88,324.37,583.2
12347,41748.0,9209.0,68229.47,152.24,552.57,583.2
12348,54283.04,15232.0,100440.34,365.03,554.2,583.3
12349,204727.05,95376.0,29423.84,15663.42,275.47,583.5
12350,246825.6,112057.0,67094.59,12651.49,400.98,583.6
12351,6876.8,6561.0,3551.69,43.25,107.58,583.6
12352,112789.6,72536.0,25377.371,12513.09,244.5,583.8
12353,166354.72,93664.0,40577.152,16889.99,189.08,584.6
12354,168551.05,96356.0,30541.42,13647.97,202.12,584.7
12355,157747.52,91075.0,19396.76,14154.86,236.35,584.8
12356,205676.8,108360.0,38726.05,10726.0,213.53,584.8
12357,76166.72,37693.0,45910.742,224.90001,451.51,584.9
12358,251661.77,126081.0,54263.18,48464.22,754.69,584.9
12359,14908.32,11425.0,1752.49,12.110001,53.79,585.0
12360,156577.12,94648.0,18621.72,8816.08,216.79,585.0
12361,189054.88,98991.0,34928.7,15845.07,304.81,585.0
12362,30817.92,14372.0,8118.89,178.19,138.55,585.0
12363,191320.64,96235.0,26017.47,15441.98,179.3,585.1
12364,220553.77,111413.0,47036.97,30582.94,379.79,585.1
12365,174685.28,101008.0,25706.07,11781.3,220.05,585.1
12366,175972.16,92058.0,21035.07,14421.28,208.64,585.1
12367,203679.84,97589.0,41483.67,20580.08,326.0,585.2
12368,125498.24,71952.0,17492.03,10829.8,198.86,585.2
12369,209982.08,102285.0,37923.332,20965.871,236.35,585.3
12370,184362.08,102929.0,36790.18,8457.97,151.59,585.3
12371,232057.28,103907.0,51441.55,21310.14,379.79,585.3
12372,262143.0,93984.0,85569.26,25261.46,696.01,585.4
12373,195753.6,96484.0,29825.201,18493.701,339.04,585.4
12374,57143.52,11796.0,82155.97,503.43,524.86,585.4
12375,182875.84,100924.0,28965.39,9241.66,291.77,585.5
12376,204271.2,98705.0,57685.12,14888.38,510.19,585.5
12377,199310.72,102990.0,45132.242,15571.73,270.58,585.6
12378,221076.8,99928.0,46246.36,20381.13,371.63998,585.7
12379,62721.12,39082.0,25661.09,193.76001,215.16,585.9
12380,188265.28,95311.0,36743.47,16815.6,210.27,585.9
12381,164869.6,92896.0,32740.25,6755.65,213.53,586.0
12382,55735.68,35172.0,25825.44,183.38,234.72,586.1
12383,192887.52,95719.0,42990.5,10549.54,255.91,586.1
12384,191605.12,102700.0,38255.492,15416.03,283.62,586.2
12385,121927.68,71737.0,27588.31,18644.21,340.67,586.3
12386,139330.23,72952.0,49721.93,21024.69,366.75,586.3
12387,211600.48,102456.0,30482.6,15585.57,268.95,586.4
12388,223044.64,105265.0,34821.44,22614.56,339.04,586.4
12389,201498.08,97669.0,33049.92,11509.69,167.89,586.4
12390,224019.05,109803.0,74983.39,19208.19,391.2,586.5
12391,204422.4,108806.0,36925.12,13295.05,288.51,586.5
12392,235803.69,115335.0,49927.8,17216.96,446.62,586.6
12393,194070.23,94336.0,33158.91,15467.93,288.51,586.6
12394,178317.44,100088.0,31378.74,11411.08,176.04,586.6
12395,189922.88,100725.0,38037.51,14855.51,218.42,586.6
12396,196505.12,99677.0,26190.47,22908.66,167.89,586.7
12397,204081.92,107624.0,33304.23,16045.75,143.44,586.7
12398,199465.28,103561.0,39008.04,18938.31,247.76,586.7
12399,168495.05,85517.0,38300.47,23787.5,288.51,586.8
12400,216351.52,95248.0,58088.21,24626.55,384.68,586.8
12401,224045.92,105713.0,42426.52,25657.63,329.26,586.8
12402,234563.84,108279.0,57373.72,13711.98,273.84,586.8
12403,202846.56,100719.0,45185.87,13990.51,324.37,586.9
12404,161114.23,89636.0,22699.33,10509.75,236.35,586.9
12405,105646.24,64133.0,27436.07,8971.78,146.7,586.9
12406,227125.92,91493.0,89056.94,19140.72,604.73,587.0
12407,5853.12,6021.0,854.62,280.26,-13.04,587.0
12408,221592.0,101777.0,39731.18,23450.15,193.97,587.0
12409,185579.52,102516.0,44791.43,22728.74,392.83,587.0
12410,13118.56,11865.0,4523.95,25.95,-4.89,587.0
12411,219688.0,106215.0,39632.57,23880.92,296.66,587.0
12412,191270.23,100957.0,42213.73,10193.16,193.97,587.0
12413,185834.88,104497.0,25687.041,7051.48,117.36,587.1
12414,250255.05,91494.0,75234.24,53453.54,635.7,587.1
12415,189700.0,95888.0,35646.652,13362.5205,272.21,587.1
12416,177702.56,93300.0,28425.63,15345.101,298.29,587.1
12417,215826.23,102208.0,47218.62,28759.52,433.58,587.1
12418,169905.12,85795.0,39248.51,17616.59,244.5,587.2
12419,212616.33,101805.0,39772.7,18102.72,213.53,587.2
12420,190859.2,96171.0,37758.98,33913.19,383.05,587.2
12421,158356.8,81192.0,43431.652,13860.76,262.43,587.2
12422,156019.36,87068.0,25463.871,17927.99,213.53,587.2
12423,262143.0,100321.0,87233.52,23811.72,707.42,587.3
12424,251728.97,97569.0,48317.17,15604.601,366.75,587.3
12425,188653.92,106425.0,37757.25,18559.44,348.82,587.3
12426,207416.16,91665.0,45158.19,21126.76,335.78,587.3
12427,245193.77,101812.0,67509.79,30081.24,451.51,587.3
12428,199286.08,91796.0,41916.17,21294.57,280.36,587.3
12429,169471.69,92620.0,18808.56,21050.64,39.12,587.3
12430,199828.16,108357.0,33107.01,12725.88,247.76,587.3
12431,180266.23,81756.0,61937.46,34880.26,513.45,587.3
12432,188678.56,93765.0,32691.81,24790.9,264.06,587.3
12433,262143.0,114804.0,48486.71,35356.01,493.88998,587.4
12434,189082.88,98309.0,45924.582,9911.17,228.2,587.4
12435,181305.6,99085.0,47723.78,23327.32,366.75,587.5
12436,262143.0,107553.0,99720.664,65350.75,1217.61,587.5
12437,262143.0,106281.0,119337.13,47587.11,968.22,587.5
12438,262143.0,110775.0,117013.74,64193.38,836.19,587.5
12439,208881.12,104640.0,42744.84,22496.92,321.11,587.5
12440,198979.2,98745.0,40270.94,37949.28,356.97,587.5
12441,208867.69,93689.0,57051.94,33224.65,469.44,587.5
12442,262143.0,102035.0,35593.02,44703.2,342.3,587.6
12443,108849.44,65375.0,29778.49,7421.7,200.49,587.6
12444,262143.0,109426.0,129779.414,70428.3,1000.82,587.6
12445,240904.16,96780.0,49031.66,19400.22,324.37,587.6
12446,211312.64,98175.0,41672.242,14402.25,342.3,587.6
12447,184531.2,102806.0,38227.81,14180.811,314.59,587.6
12448,262143.0,112193.0,84555.484,42400.57,598.21,587.6
12449,167465.77,90381.0,23003.81,12151.5205,190.71,587.6
12450,196558.88,95417.0,52771.92,11466.44,330.88998,587.7
12451,262143.0,115145.0,39892.07,24225.19,311.33,587.7
12452,245650.72,114338.0,64274.69,21247.86,505.3,587.7
12453,210659.69,106124.0,35075.75,17260.21,272.21,587.7
12454,185388.0,87872.0,38892.13,24341.1,221.68,587.7
12455,262143.0,111789.0,149902.77,95897.36,1400.17,587.7
12456,155156.95,86501.0,32563.791,11940.46,185.81999,587.8
12457,183051.69,94316.0,20268.68,9765.851,66.83,587.8
12458,262143.0,108160.0,152497.77,77663.164,1242.0599,587.8
12459,214233.6,79813.0,76235.914,34525.61,596.58,587.8
12460,251712.16,103884.0,46325.94,18516.19,265.69,587.8
12461,231398.72,100713.0,50823.94,28609.01,431.95,587.8
12462,194824.0,97685.0,45803.48,20991.82,453.13998,587.8
12463,28439.041,7389.0,105068.09,361.57,656.89,587.9
12464,240011.52,114657.0,45279.29,25264.92,472.7,587.9
12465,182752.64,99908.0,29361.56,5650.18,185.81999,587.9
12466,231183.69,101787.0,44751.64,30351.121,368.38,587.9
12467,130885.44,75852.0,29721.4,11234.62,221.68,587.9
12468,138220.33,81462.0,13753.5,16760.24,246.13,588.0
12469,241675.84,105474.0,53436.242,28337.4,459.66,588.0
12470,203385.28,106098.0,26349.63,19723.73,244.5,588.0
12471,262143.0,102982.0,98608.27,47270.52,808.48,588.0
12472,192853.92,102724.0,22742.58,15499.07,154.85,588.0
12473,256693.92,120327.0,59814.75,27128.13,464.55,588.0
12474,173197.92,95584.0,21536.77,11125.63,202.12,588.0
12475,262143.0,104717.0,73317.4,46088.93,676.45,588.0
12476,253934.23,107268.0,40763.992,17248.1,329.26,588.0
12477,192421.6,101629.0,32037.871,16511.121,143.44,588.0
12478,161303.52,89248.0,25591.89,11883.37,94.54,588.1
12479,262143.0,96020.0,66047.94,27738.82,252.65,588.1
12480,167696.48,92991.0,17843.22,7338.66,115.73,588.1
12481,189890.4,96787.0,28726.65,16839.82,221.68,588.1
12482,262143.0,116297.0,63686.492,27396.281,513.45,588.1
12483,245185.92,110364.0,60593.25,10738.11,373.27,588.2
12484,162295.84,88601.0,56709.402,10563.38,339.04,588.2
12485,193500.16,101879.0,44507.71,13819.24,268.95,588.2
12486,222424.16,102469.0,54040.01,23526.27,451.51,588.2
12487,190468.33,102036.0,28406.6,15710.13,208.64,588.2
12488,212666.72,106452.0,51175.13,11431.84,391.2,588.2
12489,178469.77,85276.0,68321.164,27154.08,467.81,588.2
12490,117119.52,72856.0,23045.33,10286.58,200.49,588.2
12491,179508.0,107445.0,27615.99,24636.93,213.53,588.3
12492,163251.2,92635.0,26422.291,15220.54,193.97,588.4
12493,172343.36,94809.0,22521.14,8748.61,107.58,588.4
12494,131651.52,72546.0,39530.5,16476.52,339.04,588.4
12495,171451.84,94201.0,21635.38,7549.72,185.81999,588.5
12496,202811.84,98309.0,32850.97,12731.07,286.88,588.5
12497,94343.2,61816.0,31693.6,24178.48,399.35,588.5
12498,163610.72,100012.0,24723.43,22967.48,218.42,588.5
12499,60622.242,35282.0,19052.49,212.79001,132.03,588.5
12500,251198.08,106388.0,53316.87,12203.42,555.83,588.5
12501,209584.48,101922.0,40501.03,18536.951,366.75,588.5
12502,146049.12,83622.0,25726.83,13083.99,270.58,588.5
12503,182591.36,96424.0,27318.43,17308.65,275.47,588.6
12504,189954.23,101453.0,30278.46,14293.26,288.51,588.6
12505,178463.05,95125.0,30771.51,11404.16,308.07,588.7
12506,194216.95,100220.0,59468.75,25847.93,454.77,588.7
12507,164019.52,89991.0,38710.48,15796.63,237.98,588.7
12508,258745.77,105152.0,53863.55,15910.811,425.43,588.7
12509,230815.2,108466.0,55174.89,9905.98,350.45,588.8
12510,182393.12,92948.0,43467.98,7769.43,260.8,588.8
12511,183028.16,90621.0,45765.42,17111.43,329.26,588.8
12512,151065.6,75160.0,46645.992,26404.99,272.21,588.8
12513,146027.84,84823.0,25588.43,13348.68,321.11,588.9
12514,191272.48,95668.0,34318.01,15130.58,265.69,588.9
12515,21596.96,17728.0,4788.64,17.3,45.64,588.9
12516,160016.64,89251.0,34779.92,18360.49,319.48,588.9
12517,228425.12,108946.0,48946.89,17914.15,368.38,588.9
12518,170838.08,99195.0,25219.94,13028.63,125.51,588.9
12519,202557.6,103745.0,56122.93,13836.54,348.82,589.0
12520,194689.6,104963.0,34221.13,10340.21,208.64,589.0
12521,119758.24,65079.0,34598.27,20431.3,311.33,589.0
12522,180729.92,99389.0,26034.77,19576.68,224.94,589.0
12523,189739.2,93713.0,39232.94,16969.57,306.44,589.0
12524,72895.2,38276.0,49334.41,288.91,332.52,589.1
12525,262143.0,108219.0,69485.45,29250.84,622.66,589.1
12526,85148.0,53686.0,33122.582,159.16,254.28,589.1
12527,16556.96,5017.0,27069.31,69.2,128.77,589.1
12528,193417.28,98825.0,26434.4,32001.541,303.18,589.2
12529,177983.69,95241.0,31681.49,19301.61,314.59,589.2
12530,215089.28,109117.0,31582.88,21823.951,314.59,589.3
12531,158804.8,84941.0,44480.03,17924.53,392.83,589.3
12532,211133.44,98956.0,50936.39,12013.12,317.85,589.3
12533,239569.12,105372.0,42995.69,29437.68,430.32,589.4
12534,153789.44,96753.0,20526.451,17128.73,172.78,589.4
12535,79952.32,54776.0,24522.75,129.75,285.25,589.5
12536,177475.2,98467.0,29124.55,13002.68,237.98,589.5
12537,176740.48,92020.0,33542.97,14632.34,254.28,589.5
12538,206259.2,95873.0,52906.86,11784.76,409.13,589.6
12539,156720.48,85756.0,26591.83,11506.23,285.25,589.6
12540,21647.36,9484.0,34511.77,89.96,247.76,589.7
12541,145636.95,79461.0,29041.51,16519.77,291.77,589.7
12542,176280.16,96992.0,26240.64,10414.601,280.36,589.7
12543,146714.4,85952.0,16706.61,15172.101,149.96,589.7
12544,187572.0,104525.0,20758.27,9983.83,76.61,589.7
12545,176506.4,103406.0,26590.1,13575.311,197.23,589.7
12546,167572.16,92393.0,31928.88,9532.3,200.49,589.7
12547,176686.72,88524.0,47142.5,25052.13,239.61,589.7
12548,151247.05,82849.0,26680.06,15320.88,231.46,589.8
12549,153983.2,85881.0,32946.12,19926.14,281.99,589.8
12550,224273.28,104100.0,43871.07,17268.86,283.62,589.8
12551,235884.33,103533.0,43717.1,15125.391,350.45,589.8
12552,207627.84,106386.0,25929.24,15966.17,257.54,589.8
12553,184945.6,91347.0,30717.88,15736.08,337.41,589.9
12554,262143.0,115811.0,67106.7,30269.81,484.11,589.9
12555,174098.4,83775.0,32273.15,24541.78,412.38998,589.9
12556,175228.48,85313.0,44158.25,25681.85,265.69,590.0
12557,225135.69,105977.0,57844.28,15798.36,373.27,590.0
12558,111147.68,59946.0,45499.0,17964.32,355.34,590.0
12559,262143.0,111613.0,64094.77,29525.91,559.09,590.1
12560,18838.4,17637.0,2620.95,1814.77,29.34,590.1
12561,162076.33,88680.0,42974.93,22232.23,515.08,590.1
12562,185183.05,89549.0,29204.13,13087.45,47.27,590.1
12563,224816.48,99736.0,54394.66,30577.75,397.72,590.2
12564,192678.08,98092.0,43805.332,8814.35,146.7,590.2
12565,139830.88,79501.0,20896.67,17204.85,218.42,590.2
12566,236877.77,111522.0,28733.57,17118.35,412.38998,590.2
12567,167448.95,96567.0,22019.44,6696.83,114.1,590.2
12568,156318.4,84558.0,25368.72,11663.66,392.83,590.2
12569,82556.32,39934.0,41177.46,301.02,389.57,590.3
12570,193029.77,100898.0,40033.93,4276.56,319.48,590.3
12571,138876.64,74376.0,51142.26,13333.11,407.5,590.3
12572,150329.77,78353.0,29736.97,18486.78,197.23,590.3
12573,198898.56,94660.0,36899.17,14424.74,355.34,590.3
12574,181717.77,101911.0,37964.85,19754.871,285.25,590.4
12575,47837.44,29451.0,15429.87,171.27,187.45,590.4
12576,93309.44,52069.0,42843.45,257.77,203.75,590.5
12577,149738.4,81889.0,40305.54,17279.24,298.29,590.5
12578,200261.6,103057.0,29287.17,20313.66,316.22,590.5
12579,217327.05,85347.0,95957.914,72672.11,810.11,590.5
12580,162480.64,88527.0,29496.5,9655.13,226.56999,590.6
12581,233196.33,107381.0,38347.18,24630.01,371.63998,590.6
12582,163395.69,92301.0,29624.52,17396.88,221.68,590.6
12583,204415.69,101834.0,34515.23,18298.21,286.88,590.6
12584,194317.77,101347.0,38316.04,15985.2,327.63,590.6
12585,219396.8,89516.0,74537.055,53578.1,788.92,590.7
12586,173682.88,95701.0,27190.41,11213.86,216.79,590.7
12587,210441.28,106131.0,41751.82,20007.451,386.31,590.7
12588,227522.4,96969.0,37826.45,16800.03,265.69,590.7
12589,220663.52,107692.0,46993.72,21085.24,319.48,590.7
12590,149579.36,82572.0,38705.29,13774.26,268.95,590.8
12591,42145.6,25401.0,16007.69,147.05,151.59,590.8
12592,164092.33,96897.0,26936.1,7866.31,254.28,590.8
12593,187005.28,100736.0,24285.74,13139.351,257.54,590.8
12594,170662.23,96472.0,32906.332,15135.7705,208.64,590.9
12595,153816.33,87277.0,29854.61,10859.21,118.99,590.9
12596,196919.52,103053.0,24209.621,18365.68,205.38,590.9
12597,163116.8,99972.0,20844.77,12667.061,171.15,590.9
12598,247330.72,99061.0,80422.51,33669.26,567.24,590.9
12599,140198.23,82673.0,28375.46,21147.52,182.56,591.0
12600,192254.72,86526.0,65868.02,31390.85,489.0,591.0
12601,241383.52,101531.0,15123.66,13177.41,158.11,591.0
12602,232634.08,100526.0,55633.34,22228.77,531.38,591.0
12603,207111.52,103930.0,47500.61,13931.69,293.4,591.0
12604,239404.48,111860.0,62679.63,8077.37,407.5,591.0
12605,225794.23,104977.0,34113.87,27505.27,285.25,591.1
12606,262143.0,96885.0,65063.57,22149.19,508.56,591.1
12607,240544.64,101717.0,42838.26,23401.71,451.51,591.1
12608,181320.16,95561.0,21227.1,9506.351,141.81,591.1
12609,109747.68,64536.0,48147.63,15538.86,399.35,591.1
12610,206351.05,101540.0,24114.47,17204.85,180.93,591.1
12611,257315.52,97525.0,84659.28,39978.57,684.6,591.1
12612,262143.0,101480.0,55043.41,30330.36,436.84,591.1
12613,233723.84,128707.0,55820.18,33703.86,573.76,591.2
12614,178532.48,103421.0,23652.56,9748.55,101.06,591.2
12615,177336.33,89093.0,30482.6,12644.57,249.39,591.2
12616,254310.56,111144.0,58332.14,21304.951,440.1,591.2
12617,204658.72,101329.0,41814.1,12144.601,345.56,591.2
12618,174227.2,94199.0,37835.1,13838.2705,226.56999,591.2
12619,151818.23,88762.0,31748.96,16083.811,321.11,591.2
12620,170048.48,85764.0,45291.402,20920.89,316.22,591.3
12621,131839.69,83408.0,17348.44,9392.17,89.65,591.3
12622,189889.28,95234.0,37220.95,30518.93,270.58,591.3
12623,159788.16,90353.0,38752.0,20396.701,272.21,591.3
12624,201741.12,106856.0,28238.791,12063.29,154.85,591.3
12625,203507.36,102132.0,45140.89,13177.41,304.81,591.4
12626,220282.72,105445.0,39073.78,28418.71,280.36,591.4
12627,176741.6,91085.0,42862.48,18462.56,321.11,591.4
12628,262143.0,112588.0,63840.46,26958.59,356.97,591.4
12629,232571.36,104096.0,57252.62,22841.19,479.22,591.5
12630,118470.24,70604.0,20289.44,9084.23,154.85,591.5
12631,28134.4,8161.0,53271.89,114.18,146.7,591.5
12632,217664.16,106101.0,39369.61,14339.97,301.55,591.5
12633,112848.96,73993.0,19722.0,13346.95,122.25,591.5
12634,209993.28,97669.0,34001.42,21846.44,316.22,591.5
12635,219085.44,105039.0,48138.98,17453.97,322.74,591.6
12636,192367.84,101069.0,33235.03,12132.49,102.69,591.6
12637,170288.16,95200.0,24323.8,17021.47,213.53,591.6
12638,142703.69,76256.0,37615.39,28339.13,301.55,591.6
12639,204436.95,96121.0,35328.332,15751.65,273.84,591.6
12640,202142.08,101052.0,39388.64,10087.63,273.84,591.6
12641,200036.48,99009.0,25692.23,13340.03,298.29,591.6
12642,145168.8,68717.0,51439.82,10516.67,324.37,591.7
12643,13810.72,12452.0,27339.19,88.23,109.21,591.7
12644,241013.92,98295.0,65705.4,40819.35,590.06,591.7
12645,181939.52,91909.0,49593.91,19443.47,430.32,591.7
12646,262143.0,107879.0,67558.234,31352.791,368.38,591.7
12647,238751.52,116150.0,52854.96,28984.42,327.63,591.7
12648,189035.84,95231.0,36541.06,18339.73,277.1,591.8
12649,204324.95,99239.0,41045.98,10094.55,299.92,591.8
12650,153988.8,87943.0,36575.66,30690.201,314.59,591.8
12651,133313.6,82476.0,38677.61,21239.21,316.22,591.8
12652,153145.44,84613.0,33517.02,13113.4,158.11,591.8
12653,182106.4,92260.0,43507.77,19012.701,324.37,591.8
12654,166874.4,82752.0,58944.562,20829.201,392.83,591.8
12655,256504.64,110872.0,54668.0,16168.58,405.87,591.8
12656,208668.33,106336.0,50995.21,14834.75,312.96,591.8
12657,213342.08,105016.0,28406.6,22092.1,215.16,591.9
12658,149248.95,74564.0,32089.77,12954.24,356.97,591.9
12659,216761.44,106102.0,41035.6,10016.7,435.21,591.9
12660,262143.0,99132.0,138789.25,53553.88,978.0,591.9
12661,212702.56,99072.0,51510.75,23941.47,383.05,591.9
12662,7287.84,6828.0,422.12,44.98,-27.71,591.9
12663,223175.69,104413.0,43682.5,26090.13,466.18,591.9
12664,262143.0,105957.0,37047.95,19369.08,361.86,591.9
12665,211879.36,102828.0,28480.99,17009.36,241.24,591.9
12666,262143.0,104084.0,102192.83,37373.19,687.86,591.9
12667,193748.8,99987.0,35689.902,23024.57,158.11,592.0
12668,198574.88,101681.0,27221.55,12623.811,221.68,592.0
12669,168803.05,78713.0,53297.84,33887.242,502.04,592.0
12670,143040.8,87941.0,21865.47,22363.71,166.26,592.0
12671,262143.0,100126.0,72059.69,23242.55,634.07,592.1
12672,190282.4,104524.0,22197.63,9004.65,295.03,592.1
12673,199127.05,101857.0,34356.07,5532.54,327.63,592.1
12674,177643.2,103499.0,22944.99,10329.83,174.41,592.1
12675,205651.05,103926.0,37368.0,14964.5,301.55,592.1
12676,13918.24,9658.0,1409.9501,-6.92,4.89,592.1
12677,178365.6,99994.0,30316.52,16154.74,246.13,592.1
12678,192339.84,101181.0,29025.94,15765.49,293.4,592.2
12679,197359.69,101837.0,44827.76,16815.6,229.83,592.2
12680,177242.23,96964.0,37482.18,16156.47,264.06,592.2
12681,173351.36,92209.0,39149.902,15409.11,298.29,592.2
12682,204619.52,105393.0,37357.62,12852.17,355.34,592.3
12683,231188.16,110840.0,53019.312,7003.04,399.35,592.3
12684,237153.28,99276.0,38592.84,14694.62,376.53,592.3
12685,162207.36,86025.0,46061.25,41217.25,557.46,592.3
12686,140199.36,83784.0,22920.77,18967.72,290.13998,592.3
12687,195364.95,97064.0,42775.98,12208.61,236.35,592.3
12688,129886.4,68889.0,47325.88,20450.33,298.29,592.3
12689,144884.33,79320.0,24559.08,13521.68,208.64,592.3
12690,220594.08,109885.0,55171.43,14471.45,339.04,592.3
12691,190891.69,86202.0,60510.21,46772.28,596.58,592.3
12692,149330.72,76405.0,33719.43,26078.02,270.58,592.4
12693,189881.44,97237.0,45673.73,14267.311,190.71,592.4
12694,185750.88,99292.0,29181.64,10606.63,309.7,592.4
12695,159348.0,96788.0,29197.21,7610.27,198.86,592.4
12696,190252.16,101171.0,22401.77,15025.05,197.23,592.4
12697,182395.36,85108.0,37694.97,20426.11,220.05,592.4
12698,215886.72,112821.0,31624.4,20261.76,322.74,592.4
12699,211394.4,103665.0,41360.84,33456.47,350.45,592.4
12700,138940.48,76380.0,44028.5,15832.96,378.16,592.4
12701,179668.16,83593.0,63624.21,41170.54,410.76,592.4
12702,172776.8,91996.0,27437.8,14011.2705,291.77,592.5
12703,262143.0,98705.0,59973.91,31110.59,534.64,592.5
12704,262143.0,102287.0,69805.5,38028.86,508.56,592.5
12705,262143.0,84704.0,98784.734,54230.312,710.68,592.5
12706,214689.44,101430.0,48801.57,20690.8,366.75,592.5
12707,154809.77,59102.0,20756.541,11250.19,247.76,592.5
12708,169787.52,81442.0,76080.21,7653.52,668.3,592.5
12709,200529.28,99270.0,33311.15,13988.78,192.34,592.5
12710,184386.72,92348.0,44545.77,34335.31,366.75,592.5
12711,243255.05,101069.0,56974.09,25545.18,418.91,592.5
12712,236455.52,93343.0,68807.29,24647.31,480.85,592.6
12713,169013.6,95384.0,37239.98,27263.07,251.02,592.6
12714,196596.95,98688.0,42493.992,5063.71,286.88,592.6
12715,232518.72,107309.0,56676.53,18594.041,500.41,592.6
12716,194311.05,102454.0,40141.19,9885.22,296.66,592.6
12717,173037.77,92383.0,40139.46,8402.61,314.59,592.6
12718,218730.4,108413.0,51768.52,17388.23,312.96,592.6
12719,164392.48,91548.0,29053.621,10125.69,163.0,592.6
12720,227241.28,106657.0,56885.86,27100.451,386.31,592.6
12721,228506.88,105198.0,49386.31,17280.97,249.39,592.6
12722,262143.0,92409.0,104895.09,66063.51,567.24,592.6
12723,262143.0,112032.0,68442.26,42622.01,577.02,592.7
12724,236019.84,101677.0,48296.41,32994.56,523.23,592.7
12725,180635.84,101568.0,20433.03,8137.92,112.47,592.7
12726,168355.05,92707.0,27052.01,14706.73,275.47,592.7
12727,194828.48,97671.0,31982.51,17550.85,440.1,592.7
12728,262143.0,126133.0,157097.84,71023.42,1235.54,592.7
12729,97954.08,59417.0,22605.91,19026.541,224.94,592.8
12730,194531.69,102937.0,32127.83,8573.88,283.62,592.8
12731,179495.69,94755.0,39120.492,18538.68,197.23,592.8
12732,88511.36,50996.0,36909.55,183.38,477.59,592.8
12733,184933.28,94336.0,43798.41,7916.48,451.51,592.8
12734,179365.77,96284.0,41722.41,14250.01,343.93,592.8
12735,207709.6,95781.0,38729.51,9897.33,237.98,592.8
12736,255006.08,93965.0,48474.6,22121.51,163.0,592.8
12737,163095.52,95332.0,33795.55,9482.13,99.43,592.8
12738,261819.05,110528.0,67610.13,29795.791,549.31,592.8
12739,150567.2,79874.0,21709.77,15229.19,317.85,592.8
12740,158152.95,88325.0,35771.21,8643.08,167.89,592.8
12741,140108.64,45140.0,15070.03,10032.2705,195.6,592.8
12742,90105.12,45328.0,18471.21,9381.79,443.36,592.8
12743,262143.0,78748.0,262143.0,41577.09,45537.31,592.8
12744,172350.08,93328.0,27401.47,16787.92,267.32,592.9
12745,238412.16,107210.0,69994.07,16467.871,397.72,592.9
12746,72698.08,12548.0,146238.62,418.66,1206.2,593.2
12747,202016.64,97325.0,36667.35,14526.811,355.34,593.2
12748,262143.0,107099.0,135825.77,91093.15,1294.22,593.2
12749,143127.05,81976.0,32562.06,5947.74,254.28,593.4
12750,190332.8,85556.0,52638.71,71087.43,691.12,593.4
12751,199356.64,101606.0,39551.26,10315.99,237.98,593.4
12752,210473.77,101856.0,39667.17,15272.44,210.27,593.4
12753,216606.88,99927.0,41642.832,23811.72,389.57,593.6
12754,262143.0,96791.0,128587.445,72217.12,973.11,594.0
12755,161978.88,95295.0,32430.58,10039.19,236.35,594.6
12756,188395.2,99570.0,44973.082,12305.49,257.54,594.9
12757,168593.6,94859.0,24527.94,10895.54,216.79,595.1
12758,102236.96,63957.0,28008.701,32594.93,516.71,595.4
12759,154780.64,75894.0,55536.46,23720.03,387.94,595.5
12760,8423.5205,8041.0,3845.79,79.58,138.55,595.5
12761,218730.4,107238.0,46158.13,19858.67,326.0,595.9
12762,156312.8,83523.0,31108.86,18728.98,254.28,596.4
12763,172354.56,93185.0,21460.65,11392.05,208.64,596.5
12764,232546.72,102244.0,53176.742,21906.99,392.83,596.6
12765,213917.77,105421.0,36188.14,16697.96,296.66,597.4
12766,200816.0,99628.0,41277.8,12732.8,343.93,597.6
12767,147053.77,90565.0,29264.68,12277.811,233.09,597.6
12768,159550.72,95485.0,16914.21,10521.86,190.71,597.6
12769,13864.48,11084.0,4958.18,53.63,40.75,597.7
12770,190272.33,99817.0,30167.74,16220.48,216.79,597.9
12771,11287.36,5517.0,14841.67,39.79,174.41,598.0
12772,162324.95,89230.0,23555.68,24002.02,255.91,598.5
12773,204328.33,99000.0,34328.39,9874.84,321.11,598.7
12774,124136.32,66989.0,30672.9,18441.8,293.4,598.9
12775,177254.56,96076.0,31233.42,7637.95,278.73,599.0
12776,169396.64,78391.0,59001.652,10736.38,340.67,599.0
12777,136930.08,76874.0,33461.66,22566.121,327.63,599.0
12778,206604.16,106129.0,49384.582,19872.51,293.4,599.1
12779,111967.52,68347.0,46043.95,15990.391,339.04,599.2
12780,262143.0,88816.0,36902.63,32133.02,438.47,599.2
12781,209868.95,101538.0,41653.21,10822.88,290.13998,599.3
12782,131756.8,75508.0,29980.9,4736.74,246.13,599.3
12783,167468.0,86828.0,35503.06,14952.391,407.5,599.3
12784,199815.84,97687.0,41720.68,22647.43,177.67,599.3
12785,146277.6,82831.0,30051.83,19334.48,151.59,599.3
12786,262143.0,126518.0,92693.4,54237.23,766.1,599.3
12787,171989.44,100030.0,28250.9,15571.73,180.93,599.4
12788,211914.08,96953.0,47625.17,11866.07,425.43,599.5
12789,187695.2,102684.0,35608.59,8504.68,324.37,599.5
12790,228052.16,102533.0,30418.59,28596.9,231.46,599.5
12791,147881.44,64033.0,36771.152,21022.96,361.86,599.5
12792,215220.33,79507.0,47547.32,35027.31,399.35,599.6
12793,187527.2,97056.0,32266.23,8186.36,371.63998,599.6
12794,201862.08,92748.0,47870.832,15445.44,296.66,600.1
12795,262143.0,93045.0,26802.89,16770.621,272.21,600.6
12796,230183.52,109801.0,43448.95,10044.38,402.61,601.1
12797,232312.64,109456.0,38565.16,18834.51,394.46,601.1
12798,21316.96,14897.0,10708.7,50.170002,182.56,601.3
12799,20068.16,16029.0,1420.33,1069.14,45.64,601.8
12800,171083.36,89216.0,30992.951,11279.601,296.66,602.0
12801,210565.6,96948.0,40547.742,19170.13,348.82,602.1
12802,158538.23,91405.0,28013.89,8307.46,151.59,602.2
12803,156216.48,95233.0,16611.46,12269.16,53.79,602.3
12804,187131.84,99221.0,36506.46,21493.52,172.78,602.3
12805,63881.44,40181.0,32563.791,67.47,236.35,602.3
12806,164689.28,96307.0,25302.98,4811.13,48.9,602.3
12807,165984.0,95952.0,23825.56,5928.71,167.89,602.4
12808,174684.16,95007.0,22026.36,3325.06,198.86,602.4
12809,183667.69,90760.0,41104.8,17142.57,415.65,602.5
12810,166977.44,88277.0,38976.902,20891.48,440.1,602.5
12811,178797.92,91367.0,20128.55,9817.75,241.24,602.6
12812,226869.44,91551.0,47696.1,29678.15,348.82,602.6
12813,184244.48,99933.0,27055.47,12584.0205,187.45,602.6
12814,67655.84,39793.0,38470.01,380.6,405.87,602.6
12815,169859.2,101745.0,27970.64,13172.22,242.87,602.7
12816,155873.77,79006.0,27821.86,21310.14,295.03,602.7
12817,206128.16,103530.0,34913.13,22944.99,418.91,602.7
12818,198823.52,95875.0,42841.72,16116.681,264.06,602.8
12819,198078.72,105843.0,22235.69,16220.48,249.39,602.8
12820,214473.28,109852.0,31255.91,20356.91,521.6,602.8
12821,223204.8,104921.0,41866.0,14248.28,228.2,602.8
12822,165876.48,90821.0,45159.92,3921.9102,397.72,603.0
12823,182974.4,96104.0,25482.9,17848.41,296.66,603.0
12824,184456.16,102233.0,37907.76,17298.27,365.12,603.0
12825,262143.0,108721.0,73678.97,49254.832,798.7,603.1
12826,14743.68,5604.0,19424.44,444.61002,146.7,603.1
12827,228555.05,111340.0,45678.92,30859.74,241.24,603.1
12828,177016.0,93670.0,29041.51,19855.21,239.61,603.2
12829,81116.0,46033.0,40471.62,237.01001,414.02,603.2
12830,114800.0,65889.0,26432.67,14876.2705,304.81,603.2
12831,226952.33,110100.0,52953.57,10886.89,329.26,603.2
12832,196115.36,103310.0,26463.81,11286.5205,254.28,603.3
12833,185122.56,91093.0,45748.12,16924.59,309.7,603.4
12834,230518.4,105205.0,67194.93,35144.95,682.97,603.4
12835,178162.88,93722.0,53446.62,27218.09,340.67,603.4
12836,164026.23,90653.0,31048.31,7800.5703,220.05,603.5
12837,177598.4,93119.0,27574.47,7290.22,311.33,603.5
12838,262143.0,110079.0,131846.77,58659.11,995.93,603.6
12839,181193.6,93032.0,33177.94,32485.94,386.31,603.6
12840,174961.92,77978.0,69080.63,23780.58,717.2,603.7
12841,165562.88,90189.0,27316.701,22462.32,169.52,603.7
12842,202096.16,96129.0,40035.66,15969.63,309.7,603.8
12843,130332.164,79696.0,20984.9,14383.22,246.13,603.8
12844,246422.4,109405.0,47249.76,23062.63,433.58,603.8
12845,184578.23,93244.0,47895.05,6900.97,360.23,604.3
12846,175388.64,90560.0,45537.06,13184.33,384.68,604.4
12847,194710.88,97469.0,22725.28,17673.68,255.91,604.4
12848,179962.72,91653.0,54342.76,17964.32,510.19,604.5
12849,207458.72,90824.0,35833.492,16656.44,140.18,604.6
12850,262143.0,118747.0,38449.25,14860.7,420.54,604.7
12851,256997.44,108951.0,42514.75,19509.21,435.21,604.8
12852,227357.77,98796.0,62643.3,11594.46,355.34,604.9
12853,16587.2,10257.0,28141.91,115.91,52.16,605.1
12854,187082.56,91749.0,33416.68,18441.8,239.61,605.2
12855,194531.69,99820.0,28702.43,14452.42,252.65,605.3
12856,163480.8,71124.0,43692.88,23977.8,316.22,605.4
12857,242721.92,110016.0,56586.57,24713.05,366.75,605.4
12858,198573.77,102405.0,37518.51,12789.891,299.92,605.5
12859,220484.33,104800.0,54057.312,18817.21,531.38,605.6
12860,160304.48,85052.0,17684.06,21811.84,156.48,605.6
12861,220572.8,107112.0,49640.62,11303.82,438.47,605.7
12862,196141.12,103720.0,26484.57,9186.3,285.25,605.7
12863,177272.48,91755.0,45838.082,9919.82,260.8,605.8
12864,163555.84,88168.0,28460.23,20161.42,223.31,605.9
12865,219177.28,90736.0,37639.61,33292.12,304.81,605.9
12866,155870.4,84603.0,48145.902,20237.541,433.58,605.9
12867,195916.0,94925.0,22770.26,22218.39,275.47,606.0
12868,240752.97,97606.0,100945.5,76919.26,829.67,606.1
12869,262143.0,113945.0,60812.96,28103.85,533.01,606.2
12870,207180.95,96662.0,43632.332,17630.43,458.03,606.2
12871,235118.23,110338.0,45372.71,20313.66,383.05,606.2
12872,262143.0,122286.0,70314.12,22932.88,376.53,606.3
12873,182409.92,89040.0,63902.742,28754.33,355.34,606.3
12874,180798.23,102411.0,28711.08,6638.0103,236.35,606.3
12875,198880.64,104181.0,38833.31,12317.601,391.2,606.4
12876,199765.44,100936.0,40447.402,21119.84,286.88,606.4
12877,171652.33,95800.0,26910.15,7042.83,207.01,606.5
12878,194523.84,100725.0,28852.94,21453.73,334.15,606.5
12879,262143.0,100042.0,77379.44,20185.64,621.02997,606.6
12880,206358.88,99341.0,46021.46,14082.2,449.88,606.6
12881,201215.84,106700.0,27766.5,6435.6,226.56999,606.6
12882,200062.23,96069.0,46040.492,7357.69,229.83,606.6
12883,190265.6,94912.0,23785.77,12483.68,273.84,606.6
12884,167507.2,92320.0,34319.742,6971.9,254.28,606.7
12885,238107.52,105314.0,71589.13,21221.91,493.88998,606.7
12886,147772.8,82692.0,26456.89,14139.29,252.65,606.7
12887,164464.16,81920.0,39156.82,26552.041,145.06999,606.7
12888,170829.12,100717.0,21863.74,10509.75,109.21,606.7
12889,262143.0,103944.0,158955.86,31268.02,1204.57,606.8
12890,240397.92,105029.0,29863.26,29512.07,241.24,606.9
12891,220352.16,99017.0,27724.98,12084.05,159.74,606.9
12892,262143.0,110900.0,64798.88,28771.63,521.6,606.9
12893,121180.64,40127.0,32653.75,7897.45,270.58,606.9
12894,168577.92,92266.0,55401.52,16106.3,397.72,607.1
12895,161306.88,91460.0,28814.88,15525.0205,264.06,607.1
12896,155137.92,98191.0,15495.61,8034.12,223.31,607.1
12897,186935.84,100368.0,26154.14,10921.49,169.52,607.2
12898,94852.8,38480.0,46042.22,425.58002,580.27997,607.2
12899,163586.08,87821.0,36682.92,10402.49,246.13,607.5
12900,180406.23,102585.0,30228.291,12680.9,180.93,607.7
12901,192381.28,101569.0,24245.951,12909.26,255.91,607.8
12902,184285.92,104084.0,34920.05,16030.181,216.79,607.9
12903,174292.16,96264.0,28859.86,22213.201,251.02,607.9
12904,16158.24,13805.0,1131.42,2051.78,-3.26,607.9
12905,191328.48,98324.0,30685.01,15509.45,153.22,608.1
12906,157738.56,90702.0,26564.15,7667.36,207.01,608.1
12907,156671.2,92398.0,23278.88,8847.22,76.61,608.1
12908,185050.88,101409.0,28034.65,15246.49,163.0,608.1
12909,230248.48,105349.0,54373.902,16234.32,298.29,608.1
12910,94755.36,46917.0,51656.07,256.04,394.46,608.2
12911,199881.92,105141.0,24773.6,15256.87,171.15,608.2
12912,226350.88,101461.0,54640.32,8438.94,384.68,608.2
12913,192895.36,97116.0,38579.0,13867.68,301.55,608.3
12914,195970.88,97953.0,42217.19,15410.84,185.81999,608.3
12915,165399.36,87104.0,26982.81,12888.5,192.34,608.4
12916,187427.52,95612.0,48869.04,14372.84,306.44,608.4
12917,177353.12,90681.0,37587.71,22054.041,387.94,608.4
12918,144391.52,80673.0,43519.88,23500.32,224.94,608.4
12919,192851.69,94326.0,37402.6,15845.07,280.36,608.4
12920,152218.08,91091.0,20450.33,9011.57,112.47,608.4
12921,185939.05,95398.0,23496.86,22818.701,242.87,608.4
12922,193773.44,81424.0,58408.26,14320.94,449.88,608.4
12923,262143.0,107399.0,71966.27,21529.85,632.44,608.4
12924,165261.6,92053.0,30529.31,10288.311,288.51,608.6
12925,184550.23,97044.0,41660.13,16646.06,299.92,608.6
12926,162983.52,78168.0,32397.71,29311.39,321.11,608.7
12927,203017.92,95888.0,51425.98,24029.701,239.61,608.7
12928,262143.0,107606.0,81150.84,31318.19,647.11,608.7
12929,203534.23,101624.0,34560.21,15486.96,169.52,608.7
12930,207401.6,103768.0,26430.94,13028.63,205.38,608.7
12931,10597.44,8997.0,12706.851,295.83002,220.05,608.8
12932,150216.64,76556.0,39148.17,13964.561,303.18,608.9
12933,121878.4,22885.0,148004.97,243.93001,663.41,608.9
12934,103819.52,69816.0,28718.0,11525.26,286.88,609.1
12935,190859.2,97820.0,46505.86,29544.94,462.92,609.2
12936,184105.6,101119.0,31600.18,19059.41,247.76,609.3
12937,166399.52,97057.0,28051.951,8099.86,231.46,609.3
12938,75335.68,49224.0,28287.23,8276.32,244.5,609.4
12939,189952.0,99148.0,32759.281,10831.53,267.32,609.5
12940,195963.05,91092.0,46978.152,17492.03,378.16,609.5
12941,160433.28,89892.0,20121.63,12310.68,218.42,609.5
12942,163531.2,91770.0,34743.59,10622.2,295.03,609.6
12943,226526.72,103326.0,52617.95,20977.98,435.21,609.7
12944,189304.64,95964.0,39027.07,16784.46,293.4,609.7
12945,225536.64,103708.0,58543.2,29266.41,384.68,609.8
12946,231853.44,108721.0,56359.94,25356.61,407.5,609.8
12947,242860.8,107996.0,56487.96,26029.58,389.57,609.8
12948,209118.56,100185.0,29816.55,25218.21,224.94,609.9
12949,214585.28,106328.0,56711.13,20201.21,462.92,609.9
12950,182846.72,92803.0,32849.242,11435.3,215.16,610.0
12951,198616.33,101669.0,15146.15,16760.24,73.35,610.0
12952,23073.12,8613.0,48782.54,256.04,264.06,610.0
12953,126616.0,70848.0,19670.1,17471.27,146.7,610.0
12954,159424.16,95728.0,29193.75,15692.83,174.41,610.1
12955,78562.4,37734.0,50007.38,178.19,453.13998,610.1
12956,191129.12,99663.0,31908.121,13092.641,197.23,610.1
12957,145874.4,78939.0,27960.26,30937.59,299.92,610.2
12958,227606.4,106604.0,40032.2,11006.26,332.52,610.2
12959,205919.84,100585.0,43376.29,13423.07,347.19,610.2
12960,221458.72,108932.0,42618.55,28728.38,485.74,610.2
12961,184075.36,98212.0,29558.781,15443.71,296.66,610.3
12962,36106.56,33905.0,2709.18,1804.39,42.38,610.3
12963,154078.4,93989.0,22514.22,13604.72,216.79,610.3
12964,225982.4,94642.0,63034.28,16350.23,462.92,610.3
12965,216466.88,104154.0,47889.86,14691.16,370.01,610.3
12966,262143.0,97819.0,82979.45,25711.26,643.85,610.4
12967,192411.52,97044.0,37686.32,22259.91,314.59,610.4
12968,143301.77,81197.0,27453.371,25200.91,309.7,610.4
12969,230172.33,100432.0,54783.91,36982.21,480.85,610.4
12970,162506.4,94793.0,31569.041,14935.09,304.81,610.4
12971,262143.0,106733.0,101094.28,38736.43,630.81,610.4
12972,204814.4,107225.0,28214.57,17104.51,334.15,610.5
12973,182873.6,97144.0,38265.87,19275.66,281.99,610.5
12974,131495.84,84425.0,14661.75,10942.25,192.34,610.5
12975,162179.36,87952.0,36722.71,8449.32,340.67,610.5
12976,191563.69,101545.0,24090.25,10584.14,140.18,610.5
12977,241267.05,107347.0,45351.95,10160.29,464.55,610.5
12978,137015.2,72145.0,39442.27,17812.08,378.16,610.5
12979,189168.0,102368.0,37605.01,29683.34,405.87,610.5
12980,231017.92,100294.0,43011.26,19235.871,384.68,610.5
12981,98310.24,66064.0,22732.201,19433.09,128.77,610.6
12982,179994.08,92541.0,35480.57,10098.01,110.84,610.6
12983,172978.4,94396.0,34878.53,14374.57,265.69,610.6
12984,220412.64,98677.0,41037.332,7070.5103,361.86,610.6
12985,202240.64,100591.0,43397.05,13945.53,251.02,610.6
12986,223030.08,103554.0,27804.56,13904.01,197.23,610.7
12987,160267.52,76780.0,72158.305,36165.652,431.95,610.7
12988,123812.64,57737.0,74120.12,6285.09,422.17,610.8
12989,207328.8,95684.0,30728.26,18536.951,363.49,610.8
12990,175277.77,84120.0,68983.75,27173.11,412.38998,610.8
12991,202969.77,109336.0,30517.201,23950.121,244.5,610.8
12992,262143.0,101049.0,129666.96,55342.7,914.43,610.8
12993,250540.64,103020.0,51052.3,15173.83,387.94,610.8
12994,262143.0,106033.0,74130.5,56302.85,718.83,610.8
12995,246098.72,89637.0,133976.39,55356.54,1341.49,610.9
12996,158908.95,89389.0,36219.28,10975.12,273.84,610.9
12997,167539.69,96676.0,18464.291,12407.561,174.41,610.9
12998,262143.0,98471.0,70199.94,40917.96,568.87,610.9
12999,209606.88,94885.0,42087.44,21524.66,267.32,610.9
13000,222811.69,97852.0,21517.74,22953.64,239.61,610.9
13001,65525.6,52541.0,9070.39,2435.84,138.55,611.0
13002,180113.92,90004.0,59300.94,7656.98,619.4,611.0
13003,203583.52,104645.0,34470.25,8788.4,295.03,611.0
13004,231136.64,110539.0,52616.22,16426.35,376.53,611.1
13005,142017.12,68837.0,36371.52,31804.32,410.76,611.6
13006,185737.44,101456.0,26930.91,11184.45,208.64,611.6
13007,32953.76,12318.0,48825.79,67.47,213.53,611.7
13008,152883.36,76535.0,47914.082,18267.07,379.79,611.9
13009,166047.84,87597.0,35309.3,15872.75,387.94,612.0
13010,177515.52,97594.0,27365.14,11656.74,172.78,612.0
13011,127489.6,66116.0,21429.51,21112.92,145.06999,612.0
13012,187061.28,92712.0,33216.0,11620.41,267.32,612.1
13013,155568.0,88879.0,30304.41,12097.89,280.36,612.1
13014,32549.44,7713.0,49893.2,77.85,195.6,612.2
13015,196980.0,97728.0,36769.42,25050.4,216.79,612.4
13016,175647.36,94509.0,24349.75,11424.92,50.53,612.4
13017,207096.95,106336.0,29243.92,8217.5,197.23,612.5
13018,199993.92,98050.0,27749.201,16768.89,251.02,612.5
13019,200649.12,106247.0,17313.84,17336.33,92.909996,612.5
13020,204040.48,103085.0,41772.582,29055.35,290.13998,612.7
13021,230539.69,101076.0,65624.09,42106.47,621.02997,612.8
13022,193192.16,96061.0,37739.95,17737.69,295.03,612.9
13023,174049.12,100285.0,33411.492,12755.29,237.98,613.0
13024,164269.28,89778.0,38788.332,18642.48,231.46,613.0
13025,102444.164,62560.0,23408.63,15801.82,229.83,613.0
13026,164140.48,94275.0,25095.38,10661.99,146.7,613.0
13027,146376.16,86553.0,28489.64,14523.351,156.48,613.0
13028,128343.04,75898.0,28980.96,10374.811,218.42,613.1
13029,250731.05,110065.0,45350.22,16800.03,368.38,613.1
13030,88239.2,50484.0,47912.35,328.7,374.9,613.1
13031,262143.0,100567.0,70836.58,21349.93,622.66,613.1
13032,210448.0,97244.0,37646.53,25450.031,384.68,613.2
13033,169368.64,90482.0,27811.48,20766.92,339.04,613.2
13034,262143.0,106028.0,95063.5,43755.16,896.5,613.3
13035,262143.0,108341.0,43355.53,26041.69,425.43,613.3
13036,182044.8,102955.0,21287.65,7054.94,277.1,613.4
13037,223158.88,100580.0,49818.812,18927.93,356.97,613.4
13038,193348.95,99288.0,44045.8,16917.67,370.01,613.5
13039,209423.2,105771.0,37226.14,13149.73,267.32,613.6
13040,202833.12,98489.0,46803.42,18893.33,288.51,613.6
13041,223621.44,107088.0,42506.1,10722.54,270.58,613.7
13042,176948.8,96505.0,33679.64,9288.37,251.02,613.7
13043,173272.95,101530.0,17760.18,19879.43,229.83,613.7
13044,205084.33,108134.0,33058.57,18820.67,288.51,613.7
13045,183338.4,103550.0,17758.451,13770.8,268.95,613.7
13046,156045.12,89942.0,19888.08,11577.16,143.44,613.8
13047,198710.4,98065.0,36383.63,16748.13,197.23,613.8
13048,188910.4,97356.0,37303.992,17670.22,260.8,613.8
13049,160416.48,74381.0,29474.01,47694.37,288.51,613.8
13050,165754.4,89719.0,27088.34,7681.2,265.69,613.9
13051,160115.2,92628.0,32712.57,16191.07,298.29,613.9
13052,116074.56,68289.0,24924.11,13410.96,301.55,613.9
13053,230077.12,105945.0,47052.54,19528.24,374.9,613.9
13054,208227.05,96780.0,39352.31,12104.811,355.34,613.9
13055,140921.77,16192.0,245890.1,517.27,1660.97,614.0
13056,125457.92,70812.0,43078.73,15808.74,334.15,614.0
13057,162767.36,94513.0,20716.75,7115.49,101.06,614.2
13058,196806.4,101745.0,42884.97,17808.621,205.38,614.2
13059,141385.44,87356.0,24207.89,5565.41,101.06,614.2
13060,196147.84,99605.0,29716.21,10859.21,202.12,614.4
13061,163218.72,82594.0,34852.582,12860.82,187.45,614.4
13062,134285.77,67520.0,57396.21,44924.64,423.8,614.4
13063,240086.56,95149.0,96044.414,11040.86,638.96,614.5
13064,153127.52,81737.0,27842.621,13668.73,255.91,614.5
13065,243213.6,113560.0,55775.2,32477.291,360.23,614.5
13066,210748.16,97639.0,45623.56,8532.36,363.49,614.6
13067,142263.52,68281.0,38009.832,23083.39,255.91,614.8
13068,212701.44,101771.0,31069.07,12234.561,303.18,614.8
13069,198542.4,101178.0,33914.92,23349.81,391.2,614.9
13070,200772.33,99111.0,34546.37,9521.92,407.5,614.9
13071,180949.44,93627.0,39623.92,2614.03,423.8,614.9
13072,189366.23,94133.0,49709.82,9767.58,524.86,615.0
13073,220335.36,108676.0,44561.34,18820.67,304.81,615.0
13074,227246.88,107957.0,38546.13,11575.43,339.04,615.1
13075,141977.92,85129.0,19106.121,8169.06,207.01,615.2
13076,186391.52,106740.0,21130.22,18325.89,177.67,615.2
13077,184816.8,97199.0,32053.44,17037.041,322.74,615.2
13078,198200.8,101873.0,35079.21,11542.561,190.71,615.2
13079,151729.77,75159.0,40507.95,16770.621,298.29,615.3
13080,262143.0,97988.0,52543.562,12514.82,469.44,615.3
13081,159956.16,90173.0,28067.52,11210.4,164.63,615.3
13082,183704.64,92153.0,31562.121,19441.74,198.86,615.4
13083,182761.6,94225.0,42983.582,6196.86,167.89,615.4
13084,40047.84,20322.0,15563.08,108.99,86.39,615.4
13085,193232.48,98752.0,30854.55,12433.51,203.75,615.5
13086,195053.6,102740.0,33321.53,9930.2,270.58,615.5
13087,201121.77,99025.0,37217.492,19986.69,301.55,615.6
13088,249275.05,103318.0,48156.28,22960.56,277.1,615.6
13089,235086.88,105552.0,60648.61,17863.98,291.77,615.6
13090,185579.52,92705.0,24770.14,13985.32,255.91,615.6
13091,184849.28,96476.0,27626.371,17199.66,299.92,615.6
13092,262143.0,108291.0,128194.734,55320.21,978.0,615.8
13093,180669.44,88805.0,32664.13,11798.601,203.75,615.8
13094,188228.33,98272.0,37693.242,13635.86,255.91,615.8
13095,202266.4,98134.0,25989.791,14644.45,195.6,615.9
13096,206464.16,97052.0,45217.01,16948.81,308.07,615.9
13097,209235.05,106860.0,31560.39,12443.891,291.77,615.9
13098,168067.2,75917.0,47504.07,8082.56,415.65,615.9
13099,171547.05,101912.0,25700.88,12907.53,156.48,615.9
13100,166127.36,93512.0,30759.4,13651.43,179.3,616.0
13101,212148.16,82524.0,102609.76,43651.36,966.59,616.1
13102,187468.95,100609.0,36482.242,9942.311,308.07,616.1
13103,222378.23,101527.0,66883.53,24849.72,459.66,616.1
13104,194206.88,96680.0,57852.93,8537.55,376.53,616.1
13105,179948.16,92820.0,37847.21,11618.68,309.7,616.1
13106,182179.2,87953.0,54375.63,38117.09,415.65,616.1
13107,131231.52,81320.0,29361.56,18656.32,319.48,616.2
13108,200673.77,95251.0,37039.3,6475.39,125.51,616.2
13109,190305.92,94648.0,47244.57,14583.9,223.31,616.2
13110,213050.88,104097.0,32679.701,20856.88,208.64,616.2
13111,262143.0,109165.0,79846.42,12004.47,521.6,616.2
13112,157171.84,77861.0,94926.83,614.15,668.3,616.3
13113,196766.08,100357.0,23858.43,27567.55,342.3,616.3
13114,211958.88,102561.0,43974.87,18149.43,223.31,616.3
13115,206289.44,109144.0,44462.73,7935.5103,252.65,616.3
13116,197030.4,101588.0,35584.37,16784.46,247.76,616.3
13117,193494.56,94485.0,38428.492,15967.9,286.88,616.3
13118,198112.33,105217.0,39286.57,10490.72,275.47,616.3
13119,194222.56,104049.0,27102.18,16230.86,265.69,616.4
13120,262143.0,104524.0,78758.25,33726.35,531.38,616.4
13121,208059.05,95940.0,41734.52,15597.68,277.1,616.5
13122,201177.77,94818.0,48836.17,9788.34,304.81,616.5
13123,194103.84,101873.0,33643.31,19535.16,327.63,616.6
13124,222792.64,83456.0,116197.18,13559.74,793.81,616.6
13125,220109.12,106686.0,35883.66,22801.4,254.28,616.6
13126,164309.6,96729.0,31814.701,6359.48,236.35,616.6
13127,248819.2,112523.0,46839.75,18924.47,295.03,616.6
13128,183936.48,96213.0,25633.41,12513.09,176.04,616.6
13129,199482.08,105371.0,37111.96,10302.15,277.1,616.6
13130,204764.0,94429.0,79445.06,18293.02,596.58,616.6
13131,233723.84,94957.0,111479.47,25837.55,852.49,616.7
13132,216218.23,100396.0,58524.17,11584.08,293.4,616.7
13133,238172.48,106148.0,46521.43,19097.47,288.51,616.7
13134,183519.84,91622.0,50453.72,15748.19,291.77,616.7
13135,262143.0,116717.0,47914.082,22889.63,316.22,616.7
13136,261708.16,109655.0,89968.65,19694.32,519.97,616.7
13137,254206.4,94250.0,59973.91,34741.86,489.0,616.8
13138,208548.48,107197.0,44403.91,12099.62,326.0,616.9
13139,262143.0,101525.0,134244.55,65921.65,1043.2,616.9
13140,86757.44,54259.0,28591.71,178.19,324.37,616.9
13141,176764.0,99843.0,21555.8,18983.291,218.42,617.3
13142,162233.12,89304.0,24116.201,7778.08,127.14,617.4
13143,199894.23,99088.0,32698.73,33856.1,298.29,617.5
13144,164516.8,90242.0,46189.27,29309.66,345.56,617.5
13145,254626.4,106364.0,44571.72,36987.402,506.93,617.6
13146,209294.4,105597.0,25640.33,14580.44,189.08,617.6
13147,192564.95,94390.0,35025.582,19443.47,187.45,617.8
13148,147458.08,82304.0,49375.93,5022.19,193.97,618.1
13149,119117.6,76528.0,15646.12,11542.561,145.06999,618.1
13150,168803.05,91121.0,35639.73,13256.99,378.16,618.1
13151,200079.05,92531.0,61055.16,17862.25,474.33,618.2
13152,213390.23,101816.0,56090.062,38246.84,456.4,618.3
13153,101449.6,35274.0,16445.38,11734.59,335.78,618.3
13154,150273.77,85188.0,20862.07,16185.88,156.48,618.3
13155,197312.64,96701.0,43831.28,24894.701,469.44,618.4
13156,205636.48,108045.0,22645.701,14014.73,224.94,618.4
13157,71481.76,46812.0,36181.22,892.68,334.15,618.4
13158,235309.77,109225.0,35067.1,39661.98,347.19,618.5
13159,171877.44,96972.0,26631.621,12110.0,224.94,618.6
13160,189999.05,102967.0,27295.94,12753.561,151.59,618.6
13161,179873.12,97700.0,30102.0,14137.561,226.56999,618.6
13162,255114.72,110976.0,47697.832,21524.66,397.72,618.7
13163,197366.4,103365.0,29172.99,18900.25,343.93,618.7
13164,189059.36,96897.0,38392.16,11904.13,249.39,618.7
13165,177181.77,96185.0,35188.2,10144.72,272.21,618.8
13166,48911.52,11209.0,16284.49,25.95,207.01,618.8
13167,169307.05,92372.0,39238.13,14898.76,221.68,618.9
13168,184238.88,97160.0,31460.05,13466.32,260.8,619.0
13169,203938.56,100472.0,59672.89,9667.24,327.63,619.0
13170,216444.48,101251.0,26923.99,30358.041,290.13998,619.1
13171,151107.05,87484.0,30844.17,10724.2705,140.18,619.2
13172,225032.64,102870.0,33359.59,20059.35,275.47,619.2
13173,198220.95,94617.0,37563.492,35869.82,446.62,619.3
13174,159520.48,90377.0,25147.281,27906.63,158.11,619.4
13175,180781.44,102339.0,30807.84,11655.01,125.51,619.5
13176,262143.0,99692.0,74628.74,33837.07,557.46,619.5
13177,235827.2,109519.0,34119.06,21765.13,371.63998,619.5
13178,201288.64,101777.0,27408.39,21567.91,208.64,619.5
13179,230525.12,104485.0,48448.652,31695.33,482.48,619.6
13180,229438.72,111228.0,60714.35,32544.76,431.95,619.6
13181,175564.48,97325.0,26123.0,25593.621,228.2,619.6
13182,79385.6,54633.0,20815.36,12575.37,159.74,619.7
13183,171922.23,96525.0,19651.07,13026.9,169.52,619.7
13184,162396.64,94287.0,39362.69,9743.36,264.06,619.7
13185,186548.33,80077.0,83046.92,39824.6,767.73,619.7
13186,183321.6,99377.0,25206.1,11219.05,241.24,619.8
13187,161042.56,86285.0,25040.02,10333.29,327.63,619.8
13188,150636.64,83437.0,48633.76,17938.371,444.99,619.9
13189,200331.05,78686.0,64253.93,19869.05,629.18,619.9
13190,228077.92,111696.0,39720.8,23522.81,267.32,619.9
13191,195371.69,106117.0,21432.97,8724.39,172.78,620.0
13192,166229.28,97861.0,27892.791,9534.03,203.75,620.1
13193,235077.92,109400.0,36874.95,24993.31,409.13,620.1
13194,179749.92,84397.0,56948.14,35053.26,511.82,620.1
13195,200089.12,105196.0,39437.082,17656.38,234.72,620.2
13196,180041.12,99535.0,24756.3,11395.51,146.7,620.2
13197,74492.32,47325.0,34752.242,15310.5,291.77,620.2
13198,224552.16,101324.0,45441.91,25202.64,335.78,620.3
13199,159952.8,94156.0,35894.04,10933.601,242.87,620.3
13200,173423.05,96168.0,36874.95,8611.94,176.04,620.3
13201,203208.33,102120.0,26636.81,11646.36,211.9,620.4
13202,203808.64,90508.0,67241.64,3444.43,428.69,620.4
13203,262143.0,97868.0,63895.82,25861.77,430.32,620.4
13204,165793.6,103044.0,22595.53,12525.2,174.41,620.4
13205,180158.72,99582.0,12609.97,18023.14,195.6,620.5
13206,226437.12,102033.0,33975.47,19331.02,262.43,620.5
13207,204557.92,102637.0,37630.96,12213.8,288.51,620.5
13208,46491.2,7295.0,80905.18,143.59,596.58,620.5
13209,119576.8,75279.0,32966.88,14741.33,311.33,620.5
13210,228985.12,109170.0,45590.69,27372.06,425.43,620.5
13211,81898.88,45979.0,25285.68,53.63,105.95,620.6
13212,228253.77,97612.0,37432.01,22467.51,226.56999,620.6
13213,187145.28,98661.0,33470.31,23785.77,280.36,620.6
13214,217594.72,103800.0,38696.64,16806.95,280.36,620.7
13215,86772.0,59305.0,32311.21,249.12,211.9,620.7
13216,149648.8,72200.0,48225.48,17274.05,370.01,620.7
13217,262143.0,92306.0,63925.23,40513.14,531.38,620.7
13218,177135.84,92349.0,29652.201,10681.0205,335.78,620.7
13219,262143.0,108708.0,84861.69,40369.55,678.08,620.8
13220,193680.48,98988.0,24820.31,18036.98,233.09,620.8
13221,192838.23,97514.0,47081.95,24221.73,394.46,620.8
13222,233254.56,109564.0,54259.72,22766.8,412.38998,620.9
13223,233571.52,111102.0,36463.21,25166.31,343.93,621.0
13224,221100.33,102167.0,53920.64,11136.01,544.42,621.0
13225,181391.84,95822.0,26436.13,12616.891,277.1,621.0
13226,167438.88,98089.0,41139.402,8053.15,249.39,621.1
13227,44453.92,29708.0,10236.41,22.49,50.53,621.1
13228,156912.0,88880.0,22649.16,19632.041,161.37,621.1
13229,39154.082,13931.0,54588.42,211.06,236.35,621.1
13230,218952.16,106699.0,56982.742,23778.85,308.07,621.2
13231,135114.56,79420.0,21789.35,16661.63,179.3,621.2
13232,245173.6,97256.0,58269.86,22938.07,420.54,621.2
13233,184602.88,100353.0,40423.18,19978.041,200.49,621.2
13234,198898.56,98001.0,33767.87,15561.351,273.84,621.2
13235,175545.44,89456.0,75076.81,43627.14,661.77997,621.3
13236,161164.64,87042.0,39689.66,9816.0205,255.91,621.3
13237,242312.0,104655.0,88747.27,44305.3,583.54,621.3
13238,215494.72,105343.0,34580.97,20502.23,356.97,621.3
13239,262143.0,104494.0,57282.03,26813.27,627.55,621.4
13240,198922.08,92081.0,39310.79,29235.27,435.21,621.4
13241,262143.0,107468.0,72281.13,26524.36,622.66,621.4
13242,205254.56,108565.0,40492.38,15229.19,371.63998,621.4
13243,216036.8,106921.0,47265.332,14000.891,337.41,621.4
13244,233908.64,110912.0,55866.89,22649.16,319.48,621.4
13245,152104.95,76917.0,43251.73,20747.89,402.61,621.5
13246,203957.6,90604.0,67506.33,21318.791,784.02997,621.5
13247,66166.24,33401.0,38997.66,84.770004,386.31,621.5
13248,262143.0,100797.0,177740.2,86313.164,1476.78,621.6
13249,89044.48,30765.0,156997.5,494.78,881.83,621.7
13250,73622.08,42681.0,43222.32,302.75,392.83,621.7
13251,181193.6,94990.0,35328.332,9814.29,218.42,621.7
13252,262143.0,108557.0,75474.71,28591.71,502.04,621.7
13253,92127.84,51702.0,49085.29,2050.05,414.02,621.8
13254,262143.0,104673.0,79107.71,17659.84,591.69,622.0
13255,46513.6,31299.0,15104.63,107.26,187.45,622.0
13256,222140.8,105320.0,45038.82,19395.03,365.12,622.0
13257,113291.36,25655.0,262143.0,859.81,1515.9,622.2
13258,262143.0,109937.0,136784.19,33115.66,885.09,622.3
13259,202379.52,99489.0,32273.15,10082.44,185.81999,622.5
13260,262143.0,103030.0,71628.92,32138.21,570.5,622.5
13261,237553.12,107182.0,37919.87,17298.27,332.52,622.5
13262,212409.12,107013.0,42715.43,29314.85,378.16,622.5
13263,163171.69,89861.0,24062.57,7151.8203,228.2,622.6
13264,183594.88,100775.0,29294.09,12698.2,172.78,622.6
13265,129082.24,75990.0,43236.16,5712.46,340.67,622.6
13266,213068.8,102832.0,23662.94,16410.78,215.16,622.6
13267,185914.4,96908.0,32178.0,5077.5503,99.43,622.6
13268,213339.84,84708.0,56778.6,24451.82,397.72,622.6
13269,117038.88,70455.0,44912.53,21773.78,259.17,622.6
13270,211209.6,107441.0,53574.64,15256.87,312.96,622.6
13271,202158.88,99637.0,36250.42,14160.05,352.08,622.6
13272,175202.72,100269.0,22230.5,7577.4,123.88,622.6
13273,188282.08,97152.0,43672.12,17628.7,350.45,622.7
13274,139081.6,71648.0,39926.67,7439.0,335.78,622.7
13275,144938.08,89425.0,34248.81,5873.35,138.55,622.7
13276,122622.08,68522.0,32094.96,18746.28,355.34,622.7
13277,209882.4,106005.0,53567.72,17178.9,277.1,622.7
13278,186156.33,99657.0,29636.63,9464.83,231.46,622.7
13279,208793.77,104704.0,36054.93,17547.39,334.15,622.8
13280,257048.97,99024.0,44602.86,25446.57,485.74,622.8
13281,262143.0,134238.0,262143.0,180176.05,3124.71,622.8
13282,202918.23,100061.0,28020.81,18047.36,205.38,622.8
13283,226891.84,108384.0,30873.58,26121.27,373.27,622.8
13284,198112.33,101457.0,42206.81,9904.25,356.97,623.0
13285,209713.28,101382.0,36553.17,15307.04,218.42,623.0
13286,10399.2,10452.0,422.12,667.78,-68.46,623.0
13287,184113.44,103832.0,35989.19,11760.54,295.03,623.0
13288,216789.44,106776.0,42834.8,15059.65,224.94,623.1
13289,169803.2,94785.0,24022.78,17165.06,291.77,623.4
13290,217014.56,106833.0,33831.88,16870.96,273.84,623.4
13291,243611.2,106636.0,90264.484,57569.21,632.44,623.5
13292,207222.4,104976.0,31716.09,19408.871,128.77,623.5
13293,206390.23,103329.0,46481.64,25420.621,330.88998,624.0
13294,184982.56,103546.0,29231.81,12644.57,149.96,624.3
13295,67473.28,43676.0,31453.13,186.84,267.32,624.3
13296,37787.68,23518.0,14922.98,20.76,99.43,624.7
13297,59945.76,35844.0,18967.72,81.31,273.84,624.9
13298,10207.68,5460.0,5712.46,-5.19,57.05,626.0
13299,181737.92,103480.0,25899.83,13109.94,138.55,627.2
13300,179110.4,96837.0,38053.082,19663.18,182.56,627.3
13301,237149.92,107443.0,54003.68,12980.19,405.87,627.4
13302,134630.72,86352.0,17429.75,7402.67,117.36,627.6
13303,8220.8,5676.0,20370.75,38.06,86.39,627.7
13304,174107.36,82504.0,55456.88,34138.09,596.58,627.9
13305,205741.77,101025.0,41431.77,16045.75,264.06,628.1
13306,163103.36,81604.0,49675.22,5921.79,347.19,628.2
13307,130292.96,87076.0,17173.71,8883.55,169.52,628.5
13308,229507.05,106307.0,34269.57,9622.26,326.0,628.6
13309,108590.72,69028.0,18907.17,13004.41,163.0,628.7
13310,162538.88,87356.0,36432.07,18019.68,360.23,628.8
13311,138482.4,77265.0,19919.22,16531.88,193.97,628.9
13312,202509.44,94669.0,50875.84,24322.07,383.05,629.0
13313,161686.56,79069.0,40829.73,24477.77,368.38,629.0
13314,154924.0,85557.0,16748.13,19050.76,166.26,629.0
13315,240998.23,111845.0,49481.46,26242.371,484.11,629.0
13316,149858.23,84771.0,36229.66,8423.37,278.73,629.1
13317,25868.64,10201.0,64516.89,214.52,453.13998,629.1
13318,233072.0,110124.0,39025.34,22112.86,308.07,629.1
13319,166232.64,89401.0,30434.16,11082.38,234.72,629.2
13320,153587.84,77364.0,47562.89,19453.85,374.9,629.2
13321,197971.2,100844.0,48863.85,10153.37,335.78,629.3
13322,207313.12,98213.0,51154.37,10328.101,348.82,629.3
13323,187136.33,89100.0,40812.43,18689.19,405.87,629.3
13324,138849.77,83249.0,26311.57,19116.5,275.47,629.4
13325,183856.95,91632.0,24057.38,16319.09,169.52,629.4
13326,218603.84,102265.0,34352.61,24614.44,270.58,629.5
13327,114530.08,65468.0,30636.57,6234.92,335.78,629.5
13328,178115.84,96896.0,45213.55,21528.121,332.52,629.5
13329,148713.6,75060.0,32747.17,9009.84,430.32,629.6
13330,231133.28,100176.0,44950.59,14288.07,427.06,629.6
13331,161959.84,85764.0,49875.902,22974.4,365.12,629.6
13332,98313.6,53271.0,54456.94,28960.201,407.5,629.6
13333,262143.0,103063.0,82410.28,46175.43,652.0,629.7
13334,163701.44,89696.0,39942.242,13819.24,251.02,629.7
13335,135721.6,85677.0,15609.79,22334.3,154.85,629.7
13336,189191.52,94772.0,33956.44,7695.04,352.08,629.8
13337,262143.0,111585.0,75794.76,36432.07,674.82,629.8
13338,112295.68,55124.0,46585.44,295.83002,461.29,629.8
13339,151669.28,83450.0,31046.58,10623.93,247.76,629.9
13340,170339.69,92028.0,40374.742,29264.68,415.65,629.9
13341,128253.44,74685.0,55934.36,9310.86,409.13,629.9
13342,170232.16,89824.0,37615.39,14879.73,327.63,630.0
13343,202283.2,99072.0,40219.04,18728.98,262.43,630.0
13344,201793.77,102819.0,37603.28,13225.851,334.15,630.1
13345,159186.72,92633.0,25771.81,13324.46,177.67,630.1
13346,262143.0,106794.0,51560.92,40914.5,436.84,630.1
13347,200138.4,103161.0,21455.46,13255.26,145.06999,630.2
13348,179270.56,99713.0,29996.47,12317.601,130.4,630.2
13349,233404.64,111419.0,48318.902,25436.19,352.08,630.2
13350,200284.0,105385.0,28792.39,8850.68,143.44,630.3
13351,151931.36,87065.0,36184.68,17988.541,166.26,630.3
13352,189956.48,99676.0,30880.5,18647.67,383.05,630.3
13353,224428.97,107512.0,39911.1,15680.72,422.17,630.3
13354,143225.6,86248.0,36629.29,39421.51,316.22,630.3
13355,179388.16,95968.0,27712.871,6112.09,257.54,630.3
13356,216655.05,98405.0,38001.18,17857.06,306.44,630.4
13357,179306.4,91875.0,31951.371,9023.68,290.13998,630.4
13358,180332.33,102735.0,16056.13,17334.6,182.56,630.4
13359,236897.92,98633.0,52524.53,14883.19,513.45,630.4
13360,200023.05,95502.0,29811.36,28877.16,334.15,630.4
13361,93535.68,53181.0,42580.492,231.82,376.53,630.5
13362,185934.56,91129.0,55932.63,18940.041,368.38,630.5
13363,200456.48,100964.0,30451.46,18554.25,290.13998,630.5
13364,203525.28,98641.0,41193.03,18649.4,304.81,630.6
13365,138750.08,64545.0,43727.48,16836.36,321.11,630.6
13366,191063.05,98285.0,33082.79,8757.26,213.53,630.7
13367,184390.08,98252.0,35968.43,15634.01,202.12,630.7
13368,146961.92,89593.0,19284.31,17476.46,174.41,630.7
13369,175660.8,92489.0,19030.0,12421.4,141.81,630.7
13370,215766.88,102912.0,50593.85,24790.9,405.87,630.8
13371,231600.33,103070.0,35418.29,17462.621,244.5,630.8
13372,177251.2,91735.0,27764.77,15589.03,117.36,630.8
13373,58308.32,41199.0,35352.55,193.76001,371.63998,630.8
13374,177451.69,95635.0,27551.98,6466.74,184.19,630.8
13375,191367.69,97749.0,33622.55,11146.39,197.23,630.8
13376,233007.05,100131.0,54873.87,25526.15,360.23,630.8
13377,164890.88,87511.0,34833.55,4850.92,296.66,630.9
13378,211827.84,100965.0,39290.03,14969.69,389.57,630.9
13379,165855.2,94526.0,39132.6,7169.12,343.93,630.9
13380,190347.36,95735.0,39487.25,25128.25,166.26,630.9
13381,132584.48,69518.0,36399.2,8271.13,257.54,630.9
13382,233060.8,108689.0,42535.51,40523.52,500.41,631.0
13383,156896.33,87620.0,33709.05,11900.67,109.21,631.1
13384,171155.05,95187.0,24835.88,12338.36,151.59,631.1
13385,133147.84,75523.0,37637.88,15289.74,247.76,631.1
13386,208937.12,103495.0,33610.44,21279.0,324.37,631.1
13387,178543.69,94011.0,29418.65,14111.61,192.34,631.2
13388,212866.08,95151.0,46597.55,19365.621,454.77,631.2
13389,203959.84,92868.0,27463.75,13987.05,179.3,631.2
13390,173518.23,87532.0,27041.63,13983.59,259.17,631.2
13391,134366.4,81657.0,32761.01,16133.98,179.3,631.2
13392,191291.52,98977.0,35743.53,17296.541,316.22,631.3
13393,218328.33,95041.0,48054.21,20825.74,363.49,631.3
13394,201387.2,105197.0,19711.621,5700.35,154.85,631.3
13395,155162.56,96124.0,26380.77,10449.2,247.76,631.3
13396,154428.95,88549.0,30228.291,8357.63,220.05,631.3
13397,155804.33,83313.0,43983.52,18099.26,422.17,631.4
13398,239184.97,109922.0,50227.09,22740.85,409.13,631.4
13399,262143.0,83220.0,156779.52,48460.76,1343.12,631.4
13400,162395.52,92903.0,27048.55,14959.311,314.59,631.5
13401,197908.48,97586.0,42058.03,18434.88,356.97,631.5
13402,170524.48,99311.0,35119.0,10445.74,174.41,631.5
13403,148354.08,81966.0,30935.86,16459.22,293.4,631.6
13404,152368.16,85925.0,29197.21,10553.0,203.75,631.6
13405,188513.92,97025.0,34075.81,17801.701,383.05,631.7
13406,262143.0,117773.0,78619.85,17235.99,676.45,631.7
13407,195469.12,99153.0,25491.55,13962.83,242.87,631.7
13408,182135.52,102442.0,14942.01,17843.22,99.43,631.7
13409,146034.56,85989.0,17628.7,12469.84,239.61,631.8
13410,128416.96,71537.0,36046.28,28164.4,422.17,631.9
13411,207945.92,101178.0,50763.39,14834.75,200.49,631.9
13412,207151.84,98920.0,42142.8,12945.59,213.53,631.9
13413,134825.6,81174.0,29768.11,15343.37,319.48,631.9
13414,173332.33,92772.0,34416.62,9160.351,270.58,632.2
13415,175557.77,86782.0,48865.582,7665.63,513.45,632.3
13416,176323.84,94798.0,22336.03,13499.19,133.66,632.3
13417,197094.23,107140.0,55915.332,10781.36,536.27,632.4
13418,207002.88,105060.0,30171.201,15365.86,135.29,632.5
13419,200897.77,90992.0,48671.82,13078.8,376.53,632.5
13420,139156.64,79163.0,25408.51,9169.0,224.94,632.6
13421,144743.2,86153.0,32577.63,12869.47,262.43,632.6
13422,29610.56,6577.0,79896.59,209.33,350.45,632.6
13423,148835.69,76700.0,20547.21,18429.69,132.03,632.7
13424,134171.52,82534.0,23218.33,10463.04,86.39,632.8
13425,201166.56,101221.0,49178.71,14384.95,237.98,632.8
13426,230599.05,98989.0,45787.91,11930.08,215.16,632.9
13427,173267.36,97657.0,24986.39,21138.871,180.93,633.0
13428,163139.2,92063.0,20727.13,21647.49,166.26,633.0
13429,145757.92,87231.0,29783.68,15372.78,193.97,633.0
13430,185708.33,95163.0,23204.49,6369.86,180.93,633.0
13431,128835.84,79893.0,22104.21,9298.75,241.24,633.0
13432,140022.4,81671.0,52427.652,5591.36,281.99,633.0
13433,191662.23,100319.0,23187.19,8622.32,249.39,633.1
13434,202425.44,101627.0,36286.75,10715.62,295.03,633.1
13435,187689.6,105600.0,21240.94,7759.0503,228.2,633.1
13436,142291.52,82945.0,36639.67,8871.44,314.59,633.2
13437,172155.2,87476.0,36650.05,9265.88,286.88,633.2
13438,212117.92,102192.0,21969.27,11103.14,210.27,633.2
13439,203621.6,106276.0,27363.41,16232.59,370.01,633.2
13440,188927.2,99240.0,30702.31,9973.45,327.63,633.3
13441,188279.84,94605.0,36003.03,13909.2,218.42,633.3
13442,193147.36,97368.0,35466.73,22092.1,324.37,633.3
13443,185572.8,105420.0,27377.25,10610.09,161.37,633.4
13444,219933.28,101435.0,31522.33,20389.78,244.5,633.4
13445,184619.69,90187.0,27032.98,26576.26,391.2,633.4
13446,231038.08,105351.0,59188.492,20446.871,311.33,633.5
13447,205358.72,95508.0,48365.61,11871.26,280.36,633.5
13448,156401.28,92304.0,20469.36,7290.22,153.22,633.5
13449,178293.92,96681.0,36755.582,12156.71,366.75,633.5
13450,178776.64,94353.0,36636.21,7798.84,295.03,633.6
13451,166788.16,89501.0,34283.41,20808.44,322.74,633.6
13452,141499.69,84094.0,21848.17,24252.871,172.78,633.6
13453,167970.88,99981.0,21967.541,11526.99,118.99,633.6
13454,220930.08,98625.0,52335.96,18490.24,402.61,633.6
13455,221941.44,107156.0,48677.01,7461.49,373.27,633.6
13456,174870.08,91024.0,37105.04,11097.95,174.41,633.7
13457,183041.6,89177.0,60171.13,24721.701,342.3,633.7
13458,246570.23,101492.0,82304.75,50830.86,712.31,633.7
13459,220754.23,106196.0,43331.31,12417.94,370.01,633.7
13460,233554.72,98543.0,46026.652,43921.242,435.21,633.7
13461,241353.28,96309.0,71417.86,13950.72,502.04,633.8
13462,189952.0,98597.0,24669.8,15954.061,208.64,633.8
13463,248199.84,103857.0,59551.79,19246.25,327.63,633.8
13464,72066.4,39068.0,19545.541,207.6,293.4,633.8
13465,201648.16,104355.0,31543.09,16978.22,244.5,633.9
13466,209260.8,107556.0,24943.14,19580.14,353.71,633.9
13467,262143.0,112268.0,157004.42,69130.8,1222.5,633.9
13468,227253.6,99867.0,46670.21,30655.6,407.5,634.0
13469,260040.48,103218.0,52361.91,16606.27,330.88998,634.0
13470,146826.4,90944.0,15999.04,11725.94,231.46,634.0
13471,146323.52,87281.0,25792.57,18305.13,272.21,634.1
13472,230967.52,105845.0,54335.84,23166.43,466.18,634.1
13473,16322.88,12488.0,4191.79,-17.3,37.49,634.3
13474,61633.6,44372.0,3024.04,7720.99,35.86,634.3
13475,155273.44,79453.0,47293.01,14121.99,430.32,634.4
13476,175827.69,95599.0,30641.76,11739.78,237.98,634.4
13477,262143.0,108500.0,71167.01,32340.621,635.7,634.4
13478,231893.77,109408.0,60498.1,20156.23,374.9,634.6
13479,176921.92,101007.0,19171.86,7658.71,149.96,634.6
13480,205860.48,104622.0,35125.92,23105.88,286.88,634.6
13481,262143.0,108919.0,73440.234,22868.871,392.83,634.6
13482,130096.96,74040.0,27334.0,11845.311,309.7,634.6
13483,173939.36,91680.0,39926.67,5873.35,308.07,634.7
13484,94337.6,46410.0,49718.47,411.74,392.83,634.7
13485,166073.6,82776.0,32543.031,18263.61,239.61,634.8
13486,194720.95,100013.0,36888.79,7463.22,299.92,634.8
13487,251945.12,114745.0,48202.992,27019.14,379.79,634.8
13488,71918.56,44648.0,31285.32,223.17,259.17,634.8
13489,197162.56,99289.0,25202.64,19095.74,257.54,634.8
13490,212337.44,86720.0,47895.05,27290.75,466.18,634.8
13491,185991.69,97405.0,35876.742,23047.06,257.54,634.9
13492,198340.8,104934.0,26846.14,21457.19,308.07,634.9
13493,192094.56,98472.0,31159.031,18903.71,316.22,634.9
13494,217442.4,100885.0,38869.64,9227.82,293.4,634.9
13495,210000.0,97595.0,36603.34,17895.121,348.82,634.9
13496,177789.92,99221.0,27218.09,15504.26,226.56999,634.9
13497,185116.95,100841.0,28859.86,12848.71,138.55,634.9
13498,171778.88,93038.0,29418.65,12737.99,239.61,635.0
13499,174070.4,86096.0,38125.742,43730.94,387.94,635.1
13500,193468.8,97413.0,39585.86,26328.871,410.76,635.1
13501,177466.23,100425.0,36906.09,25079.81,412.38998,635.1
13502,8696.8,8928.0,588.2,721.41003,-45.64,635.1
13503,186127.2,92933.0,31591.531,22232.23,242.87,635.2
13504,262143.0,101869.0,51528.05,29449.791,536.27,635.2
13505,194820.64,95752.0,36876.68,4421.88,348.82,635.2
13506,98022.4,59712.0,30556.99,12580.561,317.85,635.2
13507,217975.52,97527.0,35658.76,17550.85,229.83,635.2
13508,198702.56,101985.0,30551.8,14945.47,244.5,635.2
13509,181435.52,90072.0,34480.63,9630.91,182.56,635.2
13510,153469.12,39428.0,231993.0,1067.41,1760.4,635.3
13511,246732.64,75130.0,83908.46,12867.74,621.02997,635.3
13512,171214.4,91543.0,34319.742,26095.32,366.75,635.3
13513,171218.88,85609.0,45550.902,20934.73,405.87,635.5
13514,171881.92,91073.0,33660.61,14794.96,215.16,635.6
13515,28227.36,16153.0,58186.82,136.67,402.61,635.6
13516,148184.95,80496.0,30889.15,17761.91,200.49,635.7
13517,203692.16,109626.0,27001.84,13748.311,251.02,635.7
13518,178721.77,93196.0,44711.85,8390.5,267.32,635.8
13519,195121.92,105728.0,39189.69,8239.99,259.17,635.8
13520,67861.92,37085.0,38471.742,250.85,264.06,635.9
13521,212551.36,102320.0,25266.65,18694.38,239.61,635.9
13522,197121.12,105477.0,18824.13,12561.53,259.17,635.9
13523,213683.69,100686.0,41907.52,28378.92,363.49,636.0
13524,225354.08,98001.0,38682.8,19462.5,286.88,636.1
13525,191835.84,98081.0,45900.36,17492.03,247.76,636.1
13526,182175.84,96990.0,40807.242,9400.82,353.71,636.1
13527,13489.28,5289.0,38499.42,43.25,226.56999,636.2
13528,119603.68,70883.0,23988.18,18197.871,221.68,636.2
13529,213722.88,91557.0,59522.38,24887.781,653.63,636.4
13530,175603.69,96068.0,26645.46,6345.64,210.27,636.5
13531,176945.44,97428.0,24076.41,6618.98,316.22,636.6
13532,151353.44,66911.0,38764.11,16341.58,332.52,636.6
13533,5687.36,5650.0,486.13,157.43001,47.27,636.7
13534,179506.88,96196.0,30899.531,16642.6,317.85,636.7
13535,167520.64,92268.0,23742.52,20092.22,115.73,636.8
13536,142691.36,74209.0,38646.47,14578.71,228.2,636.8
13537,201520.48,94542.0,35065.37,20529.91,239.61,636.9
13538,196762.72,95378.0,35323.14,20706.371,264.06,636.9
13539,193137.28,90038.0,44061.37,36658.7,337.41,636.9
13540,262143.0,100777.0,76386.42,48311.98,676.45,637.0
13541,235351.2,97080.0,58582.992,16919.4,423.8,637.0
13542,175838.88,101221.0,25863.5,18106.18,192.34,637.1
13543,262143.0,125311.0,79171.72,47038.7,590.06,637.1
13544,197415.69,94755.0,33402.84,14149.67,286.88,637.2
13545,199598.56,97461.0,45478.242,10463.04,427.06,637.3
13546,67814.88,41620.0,26434.4,98.61,210.27,637.3
13547,163077.6,92355.0,23958.77,12812.38,288.51,637.3
13548,225155.84,108820.0,47825.85,20100.871,229.83,637.3
13549,160479.2,81912.0,51121.5,16012.88,554.2,637.4
13550,175028.0,94949.0,49417.45,14338.24,392.83,637.4
13551,168835.52,92440.0,19436.55,13867.68,174.41,637.4
13552,181244.0,93900.0,33285.2,17583.72,275.47,637.4
13553,150865.12,79254.0,30710.96,22088.64,387.94,637.5
13554,262143.0,107821.0,68578.93,22223.58,554.2,637.5
13555,167347.05,95490.0,31465.24,12120.38,262.43,637.5
13556,206715.05,94153.0,48320.63,17983.35,249.39,637.5
13557,14125.44,13563.0,615.88,1031.08,58.68,637.6
13558,222603.36,104075.0,38667.23,16955.73,370.01,637.6
13559,262143.0,116960.0,102723.94,21377.61,868.79,637.6
13560,186268.33,97528.0,39464.76,12590.94,386.31,637.6
13561,166804.95,93741.0,31838.92,10873.05,280.36,637.7
13562,232905.12,106760.0,59306.13,37016.81,552.57,637.7
13563,262143.0,98693.0,140891.2,116539.72,1170.34,637.7
13564,197382.08,95505.0,49993.54,23356.73,391.2,637.8
13565,210855.69,105033.0,42085.71,13597.8,415.65,637.8
13566,243405.12,125944.0,76723.77,19773.9,534.64,637.8
13567,224136.64,103967.0,51420.79,23531.46,513.45,637.9
13568,202087.2,95860.0,41672.242,8982.16,330.88998,638.0
13569,201535.05,98203.0,31361.44,19772.17,334.15,638.1
13570,15991.36,6237.0,36759.04,143.59,200.49,638.1
13571,113524.32,68674.0,42128.96,39855.742,493.88998,638.4
13572,262143.0,108808.0,83150.72,51905.19,966.59,638.5
13573,153166.72,87716.0,14608.12,5992.72,174.41,638.6
13574,217819.84,108188.0,43743.05,16697.96,386.31,638.6
13575,141472.8,70925.0,105381.22,1683.29,4347.21,638.7
13576,158168.64,89350.0,28859.86,12492.33,205.38,638.8
13577,141634.08,79024.0,29930.73,17547.39,156.48,638.9
13578,178753.12,92325.0,36378.44,14620.23,316.22,639.0
13579,169785.28,95236.0,28821.8,16099.38,171.15,639.0
13580,38137.12,21281.0,35525.55,114.18,363.49,639.1
13581,152177.77,88878.0,25306.44,14426.47,281.99,639.2
13582,225751.69,104293.0,39220.832,29427.3,356.97,639.6
13583,182947.52,94144.0,37982.152,20311.93,378.16,639.8
13584,182958.72,97545.0,32812.91,14284.61,234.72,639.9
13585,214490.08,100459.0,41322.78,16066.51,303.18,639.9
13586,72549.12,41644.0,23043.6,169.54001,135.29,640.0
13587,262143.0,95065.0,78289.42,36907.82,581.91,640.2
13588,253622.88,112480.0,46146.02,24697.48,383.05,640.3
13589,210801.92,106129.0,36084.34,15222.2705,242.87,640.3
13590,129314.08,72071.0,36352.492,19261.82,308.07,640.3
13591,198364.33,106085.0,43865.88,34337.04,409.13,640.4
13592,166091.52,97617.0,19619.93,13111.67,202.12,640.4
13593,176869.28,99998.0,28629.77,17050.88,242.87,640.4
13594,162284.64,90043.0,29569.16,9186.3,132.03,640.4
13595,166407.36,80441.0,46839.75,9386.98,374.9,640.5
13596,197522.08,102712.0,31982.51,18332.81,247.76,640.5
13597,179987.36,93034.0,33811.12,11442.22,172.78,640.5
13598,7904.96,5889.0,13019.98,79.58,57.05,640.5
13599,191270.23,96313.0,20313.66,6255.68,99.43,640.5
13600,87031.84,46840.0,54648.97,344.27,340.67,640.6
13601,176120.0,89245.0,36376.71,12950.78,356.97,640.6
13602,172285.12,94641.0,25214.75,20574.89,226.56999,640.6
13603,202564.33,96706.0,47741.082,31226.5,560.72,640.6
13604,172737.6,102904.0,29610.68,13488.811,159.74,640.7
13605,114828.0,64560.0,20484.93,17531.82,193.97,640.7
13606,199821.44,97240.0,30837.25,12106.54,329.26,640.7
13607,170903.05,98616.0,19119.96,7904.37,161.37,640.8
13608,177521.12,104630.0,23656.02,10867.86,145.06999,640.9
13609,193951.52,83814.0,60555.19,62553.34,604.73,640.9
13610,262143.0,112259.0,41684.35,14730.95,324.37,640.9
13611,148770.72,85264.0,22507.3,18521.38,254.28,640.9
13612,166675.05,95474.0,22448.48,10269.28,224.94,640.9
13613,170704.8,90086.0,31408.15,10424.98,221.68,641.0
13614,262143.0,111162.0,107965.84,30001.66,881.83,641.0
13615,124330.08,70182.0,33728.082,11319.39,280.36,641.0
13616,180800.48,100283.0,15621.9,9111.91,110.84,641.1
13617,180018.72,89853.0,52886.1,19568.03,311.33,641.1
13618,167334.72,77694.0,61909.78,9452.72,502.04,641.1
13619,204674.4,105261.0,30432.43,9345.46,321.11,641.1
13620,151384.8,91600.0,19709.89,14685.97,260.8,641.1
13621,228646.88,106313.0,33371.7,9229.55,202.12,641.1
13622,262143.0,95057.0,71265.62,37643.07,544.42,641.2
13623,165882.08,98269.0,30468.76,14519.891,298.29,641.2
13624,262017.28,109625.0,67336.79,26813.27,518.34,641.2
13625,150838.23,79092.0,27141.97,16656.44,237.98,641.2
13626,226880.64,105093.0,45374.44,19427.9,190.71,641.2
13627,234272.64,99349.0,50573.09,23822.1,352.08,641.2
13628,150500.0,86091.0,21145.791,21002.201,296.66,641.3
13629,102122.72,59596.0,14909.141,21798.0,352.08,641.4
13630,261464.0,106148.0,38653.39,14774.2,237.98,641.5
13631,169348.48,92206.0,30233.48,11246.73,79.87,641.6
13632,245812.0,108860.0,41224.17,14597.74,330.88998,641.6
13633,194307.69,98949.0,41968.07,15296.66,241.24,641.7
13634,85742.72,52261.0,40672.3,22041.93,251.02,641.7
13635,240393.44,92647.0,45376.17,19081.9,324.37,641.7
13636,98224.0,21003.0,110060.875,88.23,586.8,641.7
13637,262143.0,106774.0,65039.35,34684.77,578.65,641.8
13638,141895.05,85512.0,22216.66,12033.88,190.71,641.8
13639,204504.16,101813.0,35766.02,13564.93,237.98,641.8
13640,227918.88,98704.0,37345.51,22154.38,363.49,641.8
13641,161816.48,80136.0,41509.62,23323.86,404.24,641.9
13642,262143.0,102319.0,116842.47,69580.6,976.37,642.0
13643,166974.08,87736.0,21247.86,9397.36,301.55,642.0
13644,205312.8,94421.0,39691.39,27519.11,337.41,642.1
13645,218388.8,104568.0,38705.29,13139.351,347.19,642.1
13646,262143.0,116775.0,86679.92,25193.99,516.71,642.2
13647,149536.8,81557.0,29375.4,17396.88,365.12,642.2
13648,185245.77,93305.0,29083.031,12289.92,224.94,642.2
13649,176086.4,96048.0,23707.92,9125.75,163.0,642.3
13650,184179.52,95667.0,38094.6,14575.25,264.06,642.3
13651,141410.08,81153.0,30754.21,14151.4,163.0,642.3
13652,230447.84,103632.0,51988.23,16203.181,298.29,642.3
13653,198340.8,94913.0,22647.43,26861.71,242.87,642.4
13654,118432.164,64820.0,30439.35,10885.16,172.78,642.4
13655,192774.4,96032.0,36497.81,36553.17,355.34,642.4
13656,203546.56,88069.0,49792.86,24444.9,221.68,642.4
13657,173981.92,97061.0,23451.88,20239.27,218.42,642.5
13658,193109.28,92075.0,40466.43,17976.43,236.35,642.6
13659,170110.08,97225.0,28288.96,11890.29,153.22,642.6
13660,175355.05,97288.0,35378.5,22486.541,322.74,642.6
13661,6310.08,6130.0,1057.03,586.47003,47.27,642.7
13662,200443.05,106000.0,42961.09,23910.33,226.56999,642.8
13663,212066.4,103532.0,39757.13,18607.88,404.24,642.8
13664,171016.16,94371.0,25427.541,9928.47,205.38,642.8
13665,151857.44,81476.0,34087.92,11712.101,224.94,642.8
13666,173903.52,95595.0,19163.21,15286.28,262.43,642.9
13667,135244.48,84689.0,21284.19,13187.79,125.51,643.0
13668,183076.33,101895.0,36227.93,9058.28,281.99,643.0
13669,198072.0,99608.0,18663.24,11319.39,291.77,643.0
13670,5946.08,6101.0,39238.13,-24.220001,57.05,643.0
13671,219229.92,102714.0,48623.38,19990.15,278.73,643.0
13672,235808.16,105370.0,41680.89,23361.92,444.99,643.1
13673,157635.52,92468.0,29837.31,13732.74,234.72,643.1
13674,229028.8,110360.0,45184.14,10165.48,427.06,643.1
13675,147399.84,87813.0,38731.242,11407.62,205.38,643.1
13676,204540.0,97159.0,28724.92,20590.46,249.39,643.2
13677,200700.64,104392.0,56249.22,21984.84,286.88,643.2
13678,262143.0,108209.0,54102.29,23086.85,396.09,643.2
13679,159377.12,87797.0,36800.56,11677.5,322.74,643.2
13680,193065.6,95232.0,51038.46,15255.141,431.95,643.2
13681,160425.44,85501.0,32541.3,15819.12,208.64,643.2
13682,215953.92,101121.0,30800.92,16777.541,330.88998,643.3
13683,168756.0,91842.0,20939.92,20728.86,272.21,643.3
13684,185663.52,96064.0,38534.02,10969.93,316.22,643.3
13685,173227.05,79907.0,38679.34,22668.19,389.57,643.4
13686,211531.05,97144.0,30911.64,14663.48,208.64,643.4
13687,214316.48,103037.0,44123.652,21168.28,301.55,643.4
13688,169908.48,97155.0,31671.11,12950.78,200.49,643.4
13689,173707.52,94860.0,24128.31,14457.61,296.66,643.4
13690,242592.0,107271.0,60345.86,37822.992,669.93,643.4
13691,176204.0,95229.0,30012.041,19004.05,208.64,643.5
13692,177572.64,89340.0,38618.79,13788.101,355.34,643.6
13693,157956.95,80072.0,40151.57,11954.3,190.71,643.6
13694,189728.0,82625.0,48104.38,25294.33,236.35,643.6
13695,239940.97,102808.0,66298.79,14604.66,358.6,643.6
13696,240307.2,102996.0,57809.68,21808.38,365.12,643.6
13697,194928.16,101244.0,26394.61,17396.88,104.32,643.6
13698,237783.84,116807.0,58624.51,31082.91,529.75,643.7
13699,248336.48,108986.0,61086.3,25737.21,368.38,643.7
13700,167186.88,90589.0,32210.871,10736.38,237.98,643.8
13701,234692.64,101153.0,76626.89,9584.2,583.54,643.9
13702,48764.8,29413.0,17578.53,141.86,257.54,643.9
13703,262143.0,109650.0,60020.62,11333.23,456.4,643.9
13704,179047.69,92357.0,22496.92,29800.98,311.33,644.0
13705,222782.56,101053.0,46194.46,22368.9,547.68,644.0
13706,262143.0,108598.0,50540.22,34639.79,534.64,644.1
13707,176592.64,98615.0,37909.492,18488.51,249.39,644.1
13708,218607.2,103909.0,56984.47,13070.15,472.7,644.1
13709,238355.05,106024.0,63240.152,29167.8,498.78,644.1
13710,244455.69,63577.0,18853.541,16376.181,182.56,644.1
13711,184152.64,100004.0,28698.97,17158.14,166.26,644.1
13712,202013.28,94422.0,45772.34,14267.311,197.23,644.2
13713,262143.0,114269.0,91132.94,63627.67,906.27997,644.2
13714,197038.23,95089.0,42246.6,24702.67,355.34,644.2
13715,99523.2,63050.0,25953.46,13455.94,207.01,644.3
13716,262143.0,109252.0,36930.31,36430.34,340.67,644.4
13717,205517.77,105881.0,44952.32,13983.59,252.65,644.4
13718,191600.64,96918.0,42064.95,20403.621,378.16,644.5
13719,203465.92,103144.0,42919.57,13808.86,275.47,644.5
13720,182649.6,99225.0,33281.742,15637.47,135.29,644.6
13721,262143.0,106406.0,114892.76,21642.3,873.68,644.6
13722,187346.88,102180.0,35591.29,15089.061,228.2,644.6
13723,193399.36,98408.0,38675.88,19997.07,220.05,644.7
13724,208437.6,100827.0,38317.77,36831.7,477.59,644.7
13725,180932.64,89420.0,31278.4,17682.33,293.4,644.7
13726,175828.8,95492.0,32838.86,11155.04,308.07,644.8
13727,187531.69,100429.0,36112.02,16206.641,185.81999,644.8
13728,167660.64,94306.0,38636.09,18438.34,247.76,644.8
13729,262143.0,93290.0,71519.93,37944.09,625.92,644.8
13730,201517.12,93303.0,50228.82,26252.75,433.58,645.0
13731,262143.0,101569.0,60321.64,30785.35,528.12,645.0
13732,176887.2,90744.0,32830.21,9663.78,149.96,645.2
13733,148094.23,79050.0,34181.34,19268.74,332.52,645.2
13734,184646.56,92291.0,37669.02,13488.811,304.81,645.2
13735,149486.4,85513.0,29728.32,10883.43,255.91,645.2
13736,160462.4,90897.0,29908.24,8380.12,251.02,645.2
13737,223073.77,97150.0,25873.88,17417.64,218.42,645.3
13738,173050.08,86275.0,62458.19,12312.41,353.71,645.3
13739,168379.69,90137.0,27596.96,21467.57,239.61,645.4
13740,210321.44,103077.0,50055.82,17173.71,252.65,645.4
13741,176312.64,93080.0,29211.05,6658.77,215.16,645.5
13742,229732.16,108718.0,42184.32,35606.86,343.93,645.5
13743,88079.04,56476.0,21815.3,12672.25,171.15,645.5
13744,262143.0,111661.0,150923.47,57787.19,935.62,645.5
13745,223857.77,107322.0,33146.8,18884.68,262.43,645.5
13746,157974.88,95571.0,15544.05,7051.48,192.34,645.6
13747,262143.0,120080.0,68558.17,50002.19,749.8,645.6
13748,173038.88,90000.0,36352.492,17545.66,321.11,645.6
13749,179798.08,102669.0,25413.701,16810.41,254.28,645.6
13750,6829.7603,6240.0,1942.79,126.29,197.23,645.7
13751,188061.44,101092.0,27567.55,16308.71,189.08,645.9
13752,205443.84,103662.0,48223.75,18709.951,270.58,645.9
13753,169318.23,87878.0,45320.81,16208.37,366.75,645.9
13754,233255.69,98390.0,48621.652,25097.11,371.63998,646.0
13755,167198.08,94852.0,24021.05,8963.13,200.49,646.1
13756,167390.72,95408.0,16248.16,9291.83,140.18,646.1
13757,214543.84,100404.0,33854.37,22128.43,306.44,646.2
13758,150442.88,83644.0,21939.86,9277.99,193.97,646.3
13759,157828.16,81644.0,39893.8,11888.561,312.96,646.3
13760,199711.69,101773.0,40985.43,29486.121,286.88,646.4
13761,157627.69,93576.0,18139.05,5857.7803,213.53,646.4
13762,220324.16,109736.0,38473.47,24353.21,317.85,646.4
13763,192864.0,102123.0,30498.17,11812.44,309.7,646.6
13764,173157.6,93440.0,30115.84,7440.73,233.09,646.6
13765,210478.23,94527.0,41604.77,27759.58,339.04,646.6
13766,40242.72,19648.0,28577.871,588.2,360.23,646.7
13767,175985.6,102078.0,40722.47,12085.78,224.94,646.7
13768,160591.2,93235.0,31588.07,8772.83,267.32,646.8
13769,185156.16,100344.0,45130.51,11144.66,337.41,646.8
13770,176528.8,92673.0,34598.27,13774.26,267.32,646.8
13771,192528.0,96457.0,30999.871,9238.2,210.27,646.9
13772,220550.4,109829.0,49017.82,11808.98,314.59,646.9
13773,214877.6,106044.0,37807.42,16810.41,224.94,647.0
13774,186552.8,99940.0,22567.85,7058.4,321.11,647.0
13775,160731.2,86780.0,23936.28,9561.71,128.77,647.2
13776,188173.44,92373.0,31074.26,15192.86,203.75,647.3
13777,194652.64,96372.0,29283.71,18376.06,236.35,647.4
13778,24644.48,12947.0,27960.26,153.97,207.01,647.4
13779,146018.88,84102.0,26261.4,15993.851,208.64,647.5
13780,183395.52,97896.0,19834.451,11703.45,135.29,647.5
13781,192824.8,106977.0,32826.75,18256.69,272.21,647.6
13782,156542.4,85664.0,32330.24,15635.74,226.56999,647.7
13783,104722.24,64049.0,30254.24,17870.9,306.44,647.9
13784,197034.88,97541.0,34321.47,11592.73,268.95,648.0
13785,143421.6,75204.0,63011.79,10367.89,513.45,648.0
13786,158849.6,88320.0,23633.53,9528.84,159.74,648.1
13787,204908.48,101301.0,40459.51,20612.951,326.0,648.1
13788,211666.56,101081.0,50772.04,16165.12,251.02,648.2
13789,53251.52,33069.0,31546.55,179.92,314.59,648.2
13790,226731.69,109089.0,38923.27,14559.68,185.81999,648.2
13791,116338.88,72200.0,24026.24,11604.84,234.72,648.2
13792,187830.72,93785.0,39018.42,11623.87,267.32,648.3
13793,186567.36,96321.0,44547.5,20097.41,275.47,648.3
13794,126150.08,77520.0,33034.35,9909.44,200.49,648.3
13795,185897.6,101597.0,22214.93,9675.89,221.68,648.3
13796,60564.0,38185.0,32126.1,223.17,308.07,648.4
13797,262143.0,98908.0,71260.43,36271.18,619.4,648.5
13798,176184.95,94977.0,24315.15,23856.701,205.38,648.5
13799,175469.28,96676.0,37148.29,16514.58,378.16,648.5
13800,198307.2,93333.0,30114.11,13654.891,260.8,648.6
13801,262143.0,103478.0,65001.29,25441.38,438.47,648.6
13802,180656.0,92535.0,45528.41,14549.3,347.19,648.6
13803,27640.48,25341.0,2119.25,2321.66,30.97,648.6
13804,92588.164,60480.0,14345.16,18249.77,110.84,648.7
13805,187847.52,98315.0,20247.92,15092.5205,182.56,648.7
13806,202975.36,99340.0,30472.22,19609.55,179.3,648.7
13807,229868.8,102032.0,43926.43,11878.18,246.13,648.7
13808,79841.44,51129.0,20804.98,11641.17,202.12,648.8
13809,160876.8,86388.0,30788.81,8156.95,208.64,648.8
13810,179337.77,89781.0,34193.45,17367.47,327.63,648.8
13811,207564.0,98225.0,43942.0,30387.451,339.04,648.9
13812,262143.0,111024.0,39871.31,19976.31,356.97,648.9
13813,225729.28,105968.0,50460.64,23543.57,404.24,649.0
13814,185133.77,96536.0,36252.152,7390.56,332.52,649.0
13815,175309.12,95504.0,24607.52,14314.0205,291.77,649.0
13816,180371.52,97198.0,37483.91,13324.46,286.88,649.0
13817,194787.05,97123.0,45341.57,10755.41,308.07,649.1
13818,185953.6,92617.0,44554.42,13838.2705,400.98,649.1
13819,256781.28,97075.0,62754.02,35214.15,497.15,649.2
13820,179745.44,96153.0,25908.48,8291.89,272.21,649.2
13821,201994.23,99324.0,46415.902,24920.65,534.64,649.2
13822,164842.72,33925.0,262143.0,522.46,1956.0,649.2
13823,99361.92,44401.0,46888.19,169.54001,275.47,649.3
13824,237453.44,101672.0,57145.36,31127.89,489.0,649.4
13825,192596.33,100069.0,35196.85,4124.32,321.11,649.5
13826,175348.33,81624.0,40909.31,33809.39,270.58,649.5
13827,181805.12,97841.0,31555.201,10194.89,140.18,649.6
13828,174408.64,96745.0,43352.07,14409.17,326.0,649.7
13829,170177.28,94613.0,20168.34,12964.62,159.74,649.7
13830,228393.77,100556.0,46287.88,17384.77,461.29,649.7
13831,189916.16,97597.0,44007.742,10810.7705,291.77,649.8
13832,163199.69,89912.0,36290.21,18673.621,404.24,649.9
13833,175570.08,88948.0,46035.3,16990.33,316.22,650.0
13834,8025.92,7996.0,873.65,361.57,70.09,650.0
13835,174693.12,96948.0,29361.56,13840.0,226.56999,650.0
13836,231694.4,101049.0,55555.492,36298.86,521.6,650.0
13837,166335.69,94944.0,28797.58,11618.68,205.38,650.1
13838,205612.95,99141.0,26204.31,15044.08,205.38,650.2
13839,170291.52,94584.0,29224.89,5632.88,260.8,650.2
13840,163544.64,93143.0,32221.25,10788.28,210.27,650.2
13841,221774.56,111600.0,44857.17,18972.91,249.39,650.3
13842,199459.69,100044.0,45201.44,14711.92,231.46,650.3
13843,135901.92,87825.0,17862.25,10551.2705,128.77,650.3
13844,207504.64,94741.0,57889.26,28091.74,417.28,650.3
13845,170014.88,92341.0,38004.64,10253.71,342.3,650.4
13846,184970.23,94872.0,31610.56,14473.18,334.15,650.5
13847,257895.69,103192.0,42542.43,26275.24,361.86,650.5
13848,217446.88,103014.0,66731.29,27304.59,567.24,650.5
13849,262143.0,112902.0,98995.79,48644.14,818.26,650.5
13850,262143.0,102377.0,75730.75,34127.71,606.36,650.7
13851,161878.08,88381.0,25624.76,11966.41,163.0,650.7
13852,163038.4,95491.0,25939.621,11744.97,81.5,650.7
13853,203219.52,97645.0,23344.621,13533.79,236.35,650.7
13854,213514.56,100888.0,52434.57,25164.58,321.11,650.8
13855,262143.0,106088.0,63928.69,38840.23,487.37,650.8
13856,199669.12,97845.0,31643.43,14834.75,208.64,650.8
13857,205689.12,105013.0,34061.97,10255.44,270.58,650.8
13858,203677.6,106021.0,35663.95,16787.92,402.61,650.8
13859,175784.0,100298.0,28854.67,12919.641,148.33,650.8
13860,226486.4,97558.0,57979.22,28685.13,422.17,650.9
13861,214761.12,98183.0,57131.52,13282.94,471.07,650.9
13862,262143.0,119025.0,118534.414,29678.15,1716.39,651.0
13863,157255.84,85831.0,19891.541,25801.22,185.81999,651.0
13864,225216.33,106612.0,25277.031,11480.28,179.3,651.0
13865,63599.2,28901.0,24498.53,351.19,241.24,651.1
13866,158030.88,86948.0,49521.25,10535.7,335.78,651.1
13867,197787.52,101546.0,26764.83,8892.2,107.58,651.1
13868,210439.05,100072.0,39956.082,18130.4,293.4,651.2
13869,190886.08,89998.0,67909.42,35612.05,472.7,651.2
13870,178809.12,93828.0,51280.66,6297.2,374.9,651.3
13871,178297.28,96269.0,27128.13,16407.32,288.51,651.3
13872,115467.52,51032.0,45841.54,17023.2,197.23,651.3
13873,171890.88,92660.0,44999.03,30499.9,444.99,651.4
13874,142814.56,78941.0,18972.91,12822.76,215.16,651.4
13875,172256.0,92068.0,33693.48,17364.01,366.75,651.4
13876,236846.4,103549.0,30877.041,12808.92,117.36,651.5
13877,262143.0,104061.0,91781.69,34382.02,489.0,651.5
13878,191209.77,98605.0,46613.12,13909.2,394.46,651.5
13879,245780.64,107576.0,59870.11,10890.351,381.42,651.6
13880,140988.95,76995.0,38386.97,12667.061,353.71,651.6
13881,190949.92,95929.0,38528.832,14997.37,210.27,651.6
13882,168997.92,90820.0,31255.91,16102.84,233.09,651.7
13883,234383.52,106865.0,68352.3,28122.88,484.11,651.7
13884,183065.12,100969.0,21246.13,14499.13,130.4,651.8
13885,235426.23,107360.0,58892.66,21481.41,376.53,651.8
13886,162167.05,92407.0,25927.51,12888.5,4.89,651.8
13887,33001.92,15845.0,47369.13,38.06,275.47,651.9
13888,171757.6,78900.0,28136.72,15531.94,347.19,651.9
13889,233649.92,105012.0,85091.78,47901.97,648.74,651.9
13890,182908.33,96357.0,42772.52,17403.8,430.32,652.0
13891,203741.44,101657.0,36790.18,20765.19,342.3,652.0
13892,29273.44,7304.0,51754.68,171.27,182.56,652.1
13893,193043.2,103609.0,45706.6,11272.68,345.56,652.1
13894,215874.4,99272.0,49941.64,12554.61,431.95,652.2
13895,6702.08,6361.0,21355.121,-12.110001,89.65,652.4
13896,196366.23,104326.0,22351.6,12916.18,247.76,652.4
13897,188849.92,100270.0,31742.041,16599.35,198.86,652.5
13898,60434.082,41393.0,32027.49,261.23,184.19,652.6
13899,217857.92,104453.0,27065.85,11468.17,241.24,652.7
13900,15152.48,7872.0,9992.48,8.65,61.94,653.3
13901,159258.4,88468.0,27680.0,9316.05,211.9,653.3
13902,184057.44,95864.0,24304.77,16627.03,237.98,653.4
13903,177744.0,99937.0,25299.52,12442.16,184.19,653.6
13904,172064.48,92432.0,24835.88,10407.68,205.38,653.8
13905,144434.08,89716.0,17542.2,18877.76,136.92,653.8
13906,151775.69,86956.0,18441.8,16499.01,211.9,653.9
13907,195415.36,104675.0,30345.93,18568.09,249.39,653.9
13908,150178.56,92710.0,24071.22,12398.91,138.55,653.9
13909,153055.84,89871.0,22048.85,14909.141,210.27,653.9
13910,127374.24,77415.0,36160.46,19164.94,252.65,653.9
13911,192513.44,95001.0,31003.33,20597.38,233.09,654.0
13912,212802.23,101765.0,28264.74,29100.33,376.53,654.0
13913,184826.88,97743.0,31870.06,8572.15,275.47,654.1
13914,5434.24,5140.0,1017.24,-12.110001,9.78,654.1
13915,221711.84,103337.0,47531.75,9174.19,435.21,654.1
13916,148637.44,82462.0,30534.5,21284.19,226.56999,654.1
13917,172662.56,98574.0,29728.32,18753.201,239.61,654.2
13918,231249.77,108852.0,28361.621,14139.29,265.69,654.2
13919,214267.2,104165.0,28640.15,6509.99,215.16,654.2
13920,131809.44,82842.0,24259.791,6558.43,177.67,654.3
13921,256019.69,88470.0,126878.2,34051.59,1152.41,654.3
13922,21899.36,21192.0,3677.98,1499.91,19.56,654.3
13923,206291.69,101517.0,43781.11,5420.09,343.93,654.4
13924,195965.28,100074.0,26619.51,18194.41,278.73,654.5
13925,45718.4,16885.0,77600.88,126.29,402.61,654.5
13926,73166.24,41553.0,35238.37,211.06,322.74,654.5
13927,111483.68,69944.0,24657.69,13241.42,122.25,654.5
13928,151454.23,86913.0,22988.24,11874.72,151.59,654.6
13929,175287.84,88585.0,33191.78,6840.42,223.31,654.7
13930,153817.44,90210.0,25706.07,7565.29,161.37,654.7
13931,213470.88,103249.0,56057.19,10198.351,340.67,654.7
13932,173978.56,96277.0,29446.33,11172.34,221.68,654.7
13933,194717.6,101871.0,20206.4,16184.15,193.97,654.7
13934,200019.69,105637.0,35888.85,17197.93,187.45,654.8
13935,189033.6,96071.0,48910.56,17706.55,272.21,654.9
13936,143052.0,89729.0,23356.73,13135.891,104.32,655.0
13937,189823.2,104146.0,32527.46,15504.26,241.24,655.0
13938,88047.68,56632.0,16116.681,20839.58,262.43,655.0
13939,257910.23,107447.0,70994.01,29615.871,603.1,655.2
13940,184106.72,98452.0,24550.43,18177.11,158.11,655.2
13941,49137.76,27480.0,35018.66,219.71,180.93,655.2
13942,174125.28,88052.0,49100.86,25271.84,319.48,655.3
13943,155593.77,89808.0,31255.91,8662.11,252.65,655.3
13944,198526.72,99068.0,41070.2,21135.41,306.44,655.6
13945,242771.2,101885.0,50919.09,30752.48,516.71,655.6
13946,148046.08,65992.0,31252.451,22964.02,348.82,655.7
13947,193854.08,101300.0,33160.64,16199.72,79.87,655.7
13948,166831.84,89980.0,26830.57,18213.44,265.69,655.8
13949,138850.88,82878.0,24886.05,14535.46,277.1,655.8
13950,168557.77,94141.0,33567.19,9527.11,288.51,655.9
13951,161520.8,92248.0,17663.3,5549.84,166.26,655.9
13952,170313.92,100158.0,22548.82,17049.15,184.19,656.0
13953,167592.33,93247.0,33401.11,10277.93,218.42,656.0
13954,155937.6,98228.0,30354.58,19057.68,203.75,656.1
13955,160810.72,94355.0,28508.67,9826.4,213.53,656.1
13956,193072.33,99049.0,25098.84,9236.47,272.21,656.1
13957,148786.4,87105.0,24522.75,15471.391,229.83,656.1
13958,90773.76,35422.0,18218.63,110.72,280.36,656.2
13959,180738.88,94639.0,22400.041,21363.77,394.46,656.3
13960,161351.69,93540.0,27927.39,10748.49,236.35,656.3
13961,171153.92,98992.0,32484.21,20394.97,265.69,656.3
13962,190069.6,92496.0,35961.51,14106.42,317.85,656.3
13963,154451.36,89456.0,24147.34,16403.86,275.47,656.4
13964,238649.6,107417.0,37952.742,22763.34,396.09,656.4
13965,175036.95,96316.0,43902.21,13634.13,224.94,656.5
13966,184644.33,96992.0,31075.99,12869.47,291.77,656.5
13967,152054.56,97059.0,11705.18,9599.7705,109.21,656.5
13968,254275.84,112794.0,32186.65,15613.25,262.43,656.5
13969,164345.44,92407.0,25109.22,14850.32,251.02,656.5
13970,63141.12,30362.0,44206.69,273.34,405.87,656.6
13971,189433.44,100577.0,36772.88,11279.601,290.13998,656.6
13972,166081.44,79376.0,47575.0,16749.86,339.04,656.6
13973,190934.23,99849.0,32439.23,15428.141,252.65,656.6
13974,184083.2,89270.0,38404.27,20543.75,365.12,656.7
13975,184318.4,102640.0,20294.63,11303.82,127.14,656.7
13976,242196.64,107393.0,49542.01,13722.36,1048.09,656.7
13977,108557.12,73136.0,17910.69,14307.101,123.88,656.7
13978,165514.72,94760.0,31671.11,6248.7603,239.61,656.8
13979,216233.92,112053.0,21569.64,16864.041,118.99,656.8
13980,192417.12,87949.0,43540.64,25692.23,280.36,656.8
13981,249984.0,98272.0,57645.332,14793.23,415.65,656.8
13982,201502.56,97236.0,54747.582,16092.46,347.19,656.8
13983,188683.05,93003.0,27181.76,2840.66,278.73,656.8
13984,262143.0,97113.0,88930.65,39058.21,676.45,656.8
13985,216476.95,105854.0,34236.7,14924.71,329.26,656.9
13986,174916.0,89284.0,30648.68,13295.05,278.73,657.0
13987,215825.12,109048.0,53244.21,16241.24,391.2,657.0
13988,163831.36,93311.0,41468.1,20536.83,233.09,657.0
13989,132080.48,75713.0,19389.84,55316.75,265.69,657.1
13990,117252.8,70273.0,26643.73,14858.97,176.04,657.1
13991,231807.52,110952.0,38656.85,37156.94,381.42,657.1
13992,174109.6,99941.0,33141.61,17585.45,203.75,657.1
13993,182416.64,97198.0,21422.59,10409.41,211.9,657.2
13994,216970.88,102333.0,45509.38,18756.66,185.81999,657.2
13995,212077.6,102659.0,40115.242,21849.9,414.02,657.2
13996,262143.0,80825.0,64103.42,27150.621,461.29,657.2
13997,174319.05,97101.0,27584.85,16900.371,132.03,657.3
13998,178760.95,95284.0,31387.39,7700.23,270.58,657.3
13999,157893.12,93954.0,19971.121,7222.75,210.27,657.3
14000,204295.84,102894.0,41644.56,7020.34,221.68,657.3
14001,135020.48,77975.0,31133.08,20998.74,288.51,657.3
14002,207840.64,101642.0,46580.25,33416.68,467.81,657.3
14003,128923.2,76731.0,38492.5,13874.601,259.17,657.3
14004,234675.84,107644.0,57730.1,15793.17,366.75,657.3
14005,106657.6,58804.0,25360.07,9861.0,249.39,657.3
14006,173154.23,95088.0,27354.76,15116.74,205.38,657.4
14007,112665.28,63917.0,31835.46,29897.86,332.52,657.4
14008,179151.84,101220.0,38300.47,14760.36,236.35,657.4
14009,201998.72,100104.0,34868.15,9651.67,237.98,657.4
14010,262143.0,112888.0,41480.21,19097.47,229.83,657.4
14011,188693.12,89201.0,36819.59,12464.65,363.49,657.4
14012,180919.2,94512.0,35271.242,12042.53,291.77,657.4
14013,254366.56,99333.0,95643.055,23342.89,635.7,657.4
14014,139592.33,73885.0,35622.43,23425.93,330.88998,657.4
14015,232178.23,110629.0,47318.96,19711.621,418.91,657.4
14016,221401.6,109817.0,46799.96,22325.65,293.4,657.5
14017,185444.0,91824.0,51770.25,17637.35,208.64,657.5
14018,262143.0,107689.0,67874.82,28645.34,533.01,657.5
14019,230398.56,102960.0,34254.0,19052.49,503.67,657.5
14020,204610.56,103084.0,22381.01,11390.32,133.66,657.6
14021,262143.0,112740.0,63015.25,34726.29,555.83,657.6
14022,225482.88,107907.0,42334.832,14331.32,438.47,657.6
14023,186569.6,99140.0,39073.78,12895.42,376.53,657.6
14024,262143.0,105779.0,66553.1,29750.81,400.98,657.7
14025,102673.76,33150.0,59039.71,505.16,552.57,657.7
14026,232411.2,107841.0,52147.39,27359.951,285.25,657.7
14027,196134.4,96000.0,30724.8,10399.03,247.76,657.7
14028,223734.56,106684.0,34032.56,17927.99,246.13,657.7
14029,213560.48,105693.0,30551.8,16682.39,347.19,657.7
14030,262143.0,116140.0,135322.33,68302.13,960.07,657.7
14031,129418.24,69301.0,27150.621,18675.35,316.22,657.8
14032,262143.0,104585.0,63394.12,40213.85,528.12,657.8
14033,191264.64,99789.0,38634.36,19464.23,352.08,657.8
14034,258132.0,113008.0,36542.79,15166.91,158.11,657.8
14035,183413.44,94340.0,27970.64,7779.81,182.56,657.8
14036,262143.0,102033.0,114098.69,73054.44,1049.72,657.9
14037,213963.69,107869.0,37587.71,10584.14,422.17,657.9
14038,18639.041,8992.0,56219.812,119.37,376.53,658.0
14039,262143.0,99229.0,64719.3,18270.53,502.04,658.0
14040,219558.08,105009.0,45736.01,15874.48,290.13998,658.0
14041,221495.69,105516.0,42407.492,23334.24,381.42,658.1
14042,171447.36,93607.0,29600.3,5001.43,355.34,658.1
14043,15806.561,11440.0,1667.72,58.82,-45.64,658.2
14044,171737.44,88383.0,31050.041,23733.871,472.7,658.2
14045,184845.92,89748.0,33349.21,12238.0205,273.84,658.2
14046,213834.88,103984.0,40911.04,19742.76,265.69,658.2
14047,218971.2,105756.0,38089.41,14637.53,229.83,658.3
14048,131722.08,78408.0,22100.75,8585.99,169.52,658.3
14049,185785.6,100389.0,36020.332,14267.311,172.78,658.3
14050,162704.64,73824.0,34520.42,14474.91,213.53,658.3
14051,25705.12,7521.0,57929.05,126.29,298.29,658.3
14052,189622.72,90971.0,45803.48,24967.36,319.48,658.4
14053,161295.69,90112.0,24403.38,16384.83,127.14,658.4
14054,214048.8,108017.0,42987.04,13450.75,234.72,658.4
14055,36725.92,8832.0,102853.69,373.68,428.69,658.4
14056,104292.164,64291.0,13542.44,10751.95,34.23,658.5
14057,262143.0,97623.0,57690.312,22038.47,489.0,658.5
14058,189445.77,103420.0,44829.492,11916.24,193.97,658.5
14059,100092.164,60629.0,34392.4,18625.18,280.36,658.5
14060,191719.36,100869.0,31252.451,6868.1,273.84,658.5
14061,240933.28,114436.0,51903.46,25193.99,330.88998,658.5
14062,212402.4,97940.0,69954.28,17344.98,427.06,658.6
14063,157781.12,86681.0,42345.21,14013.0,309.7,658.6
14064,249829.44,108544.0,41867.73,21611.16,376.53,658.6
14065,198359.84,85801.0,20441.68,9509.811,197.23,658.7
14066,178109.12,90268.0,34627.68,10973.39,247.76,658.7
14067,255370.08,107790.0,60973.85,11324.58,417.28,658.8
14068,196370.72,106387.0,38149.96,13194.71,308.07,658.8
14069,209611.36,101188.0,42642.77,20465.9,327.63,658.8
14070,104519.52,67313.0,23441.5,11770.92,247.76,658.9
14071,223157.77,108665.0,45630.48,22707.98,272.21,658.9
14072,165475.52,65789.0,60387.38,46398.6,462.92,658.9
14073,148311.52,76817.0,56718.05,26946.48,384.68,658.9
14074,234608.64,109805.0,44068.29,17841.49,379.79,658.9
14075,246186.08,107960.0,55410.17,18896.791,374.9,659.0
14076,45357.76,18537.0,19568.03,128.02,161.37,659.0
14077,178805.77,91181.0,40635.97,21493.52,356.97,659.1
14078,174937.28,91992.0,25578.05,12584.0205,329.26,659.1
14079,189732.48,97484.0,44938.48,18843.16,471.07,659.2
14080,192469.77,97975.0,33985.85,18960.8,311.33,659.2
14081,195050.23,98513.0,31795.67,12758.75,340.67,659.3
14082,164569.44,83168.0,52842.85,22967.48,404.24,659.3
14083,262143.0,110944.0,40644.62,8838.57,321.11,659.3
14084,262143.0,105949.0,65523.75,31155.57,526.49,659.3
14085,172355.69,92125.0,31370.09,16948.81,251.02,659.3
14086,197921.92,107416.0,28138.451,14260.391,208.64,659.3
14087,178893.12,92999.0,37459.69,26749.26,249.39,659.3
14088,235420.64,107659.0,38549.59,25181.88,319.48,659.4
14089,166808.33,96769.0,19638.96,19568.03,125.51,659.4
14090,194888.95,100673.0,40163.68,22185.52,257.54,659.4
14091,182066.08,103009.0,28648.8,13750.04,140.18,659.4
14092,154500.64,90468.0,22015.98,13134.16,198.86,659.5
14093,141098.72,91872.0,20728.86,10923.22,169.52,659.5
14094,184581.6,89968.0,42718.89,18597.5,280.36,659.5
14095,254399.05,106968.0,91892.414,48657.98,713.94,659.5
14096,162523.2,97220.0,27207.71,15196.32,203.75,659.7
14097,138885.6,79100.0,55581.44,21381.07,599.84,659.7
14098,234295.05,102213.0,62785.16,29311.39,681.34,659.7
14099,71757.28,44969.0,33843.992,328.7,231.46,659.7
14100,188137.6,102080.0,26680.06,12808.92,153.22,659.7
14101,163041.77,92865.0,26123.0,9475.21,242.87,659.8
14102,232835.69,108960.0,42987.04,25661.09,293.4,659.8
14103,160348.16,93845.0,22576.5,17393.42,234.72,659.8
14104,207537.12,102365.0,51917.3,18052.55,278.73,659.8
14105,148031.52,90597.0,31299.16,16580.32,234.72,659.8
14106,193335.52,101980.0,40397.23,13781.18,356.97,659.8
14107,201211.36,106336.0,32745.44,15784.5205,304.81,659.8
14108,204402.23,107681.0,29842.5,20446.871,366.75,659.9
14109,159863.2,89728.0,29249.11,8328.22,154.85,659.9
14110,252171.36,69084.0,116198.914,2513.69,1103.51,659.9
14111,110285.28,63425.0,40281.32,16400.4,335.78,659.9
14112,208188.95,101939.0,52982.98,4158.92,396.09,660.0
14113,177882.88,97718.0,34247.082,10843.64,229.83,660.0
14114,195353.77,96557.0,34952.92,22509.03,239.61,660.1
14115,169307.05,89440.0,34136.36,9672.43,306.44,660.1
14116,151420.64,90208.0,38143.04,11212.13,208.64,660.1
14117,234832.64,106352.0,70217.24,39326.36,603.1,660.1
14118,262143.0,118732.0,49092.21,22633.59,383.05,660.1
14119,136360.0,78024.0,38656.85,20362.1,381.42,660.1
14120,176258.88,100565.0,25695.69,8644.811,241.24,660.1
14121,140016.8,79145.0,49602.562,26539.93,334.15,660.2
14122,160904.8,87976.0,46493.75,14180.811,373.27,660.2
14123,168292.33,87473.0,33068.95,17128.73,285.25,660.2
14124,181302.23,98325.0,28263.01,15025.05,283.62,660.2
14125,178184.16,90675.0,44384.88,6651.85,185.81999,660.2
14126,250088.16,112819.0,34622.492,28920.41,449.88,660.2
14127,201900.16,103466.0,42570.11,15642.66,326.0,660.2
14128,205259.05,96112.0,60065.6,10551.2705,392.83,660.3
14129,223145.44,98573.0,80057.484,13336.57,554.2,660.3
14130,185868.48,95966.0,26863.44,11571.97,184.19,660.3
14131,235481.12,100943.0,65030.7,24534.86,458.03,660.4
14132,9800.0,8433.0,113366.9,60.55,541.16,660.4
14133,169431.36,92872.0,24382.621,9246.851,234.72,660.4
14134,262143.0,116994.0,64023.84,15929.84,348.82,660.4
14135,107337.44,69008.0,36193.332,12182.66,311.33,660.4
14136,224112.0,108236.0,47801.63,20126.82,342.3,660.4
14137,177141.44,103824.0,23375.76,9482.13,102.69,660.4
14138,238188.16,98596.0,58878.82,25434.46,379.79,660.5
14139,197761.77,100993.0,27496.621,25335.85,200.49,660.5
14140,232303.69,112288.0,56398.0,24431.06,405.87,660.5
14141,104139.84,69628.0,28942.9,12087.51,272.21,660.5
14142,201947.2,107241.0,27299.4,16012.88,249.39,660.5
14143,253781.92,111444.0,52943.19,24380.89,363.49,660.5
14144,214660.33,107848.0,27128.13,14267.311,210.27,660.6
14145,225443.69,111084.0,54726.82,19943.44,373.27,660.6
14146,211201.77,100280.0,34042.94,8585.99,205.38,660.6
14147,135140.33,84001.0,18436.61,11964.68,117.36,660.6
14148,160474.72,90917.0,35852.52,16163.391,164.63,660.6
14149,44017.12,28906.0,47770.492,197.22,531.38,660.6
14150,173796.0,100414.0,26285.621,15281.09,252.65,660.6
14151,219916.48,104136.0,38129.2,26986.27,358.6,660.7
14152,200284.0,102583.0,51289.312,18803.371,355.34,660.7
14153,213071.05,108073.0,27989.67,11712.101,322.74,660.8
14154,193418.4,101321.0,37437.2,18376.06,316.22,660.8
14155,160899.2,93592.0,32190.111,13651.43,332.52,660.8
14156,172236.95,97182.0,36778.07,7624.11,185.81999,660.8
14157,229013.12,100370.0,51277.2,33885.51,400.98,660.9
14158,200015.2,104908.0,35836.95,21645.76,335.78,660.9
14159,211884.95,107113.0,35840.41,20033.4,337.41,660.9
14160,177969.12,91917.0,38314.31,9149.97,347.19,660.9
14161,168986.72,93940.0,37449.31,15526.75,262.43,660.9
14162,150226.72,90440.0,21483.14,20028.21,249.39,661.0
14163,174763.69,95084.0,26752.72,15992.12,229.83,661.0
14164,205226.56,103677.0,32401.17,17024.93,251.02,661.0
14165,163845.92,88668.0,19666.64,6247.0303,192.34,661.0
14166,216485.92,111185.0,43452.41,16415.97,286.88,661.0
14167,262143.0,107621.0,56872.02,29963.6,430.32,661.1
14168,174951.84,90543.0,39580.67,18938.31,342.3,661.1
14169,188705.44,95699.0,42025.16,11449.14,319.48,661.1
14170,155257.77,92314.0,29493.041,13184.33,177.67,661.1
14171,152559.69,52643.0,36994.32,14051.061,335.78,661.1
14172,195165.6,95838.0,53697.47,34338.77,425.43,661.1
14173,175243.05,99617.0,24408.57,9918.09,192.34,661.1
14174,262143.0,104800.0,78318.83,35885.39,534.64,661.1
14175,213620.95,100949.0,45921.12,17343.25,378.16,661.1
14176,20827.52,16440.0,4008.4102,20.76,101.06,661.2
14177,179118.23,95051.0,27392.82,5586.17,242.87,661.2
14178,254612.97,114732.0,122264.29,50640.562,1131.22,661.2
14179,174687.52,96661.0,27050.281,14417.82,265.69,661.2
14180,221369.12,109580.0,44967.89,11563.32,301.55,661.2
14181,228786.88,106188.0,55579.71,21772.05,458.03,661.3
14182,178926.72,100356.0,34312.82,14948.93,195.6,661.3
14183,150299.52,90968.0,30923.75,8459.7,241.24,661.3
14184,148883.84,64368.0,39743.29,19033.46,321.11,661.3
14185,205803.36,99692.0,35432.13,14208.49,278.73,661.3
14186,201015.36,100536.0,31221.31,7496.09,215.16,661.3
14187,173307.69,93153.0,35285.082,19725.46,218.42,661.3
14188,216348.16,104168.0,52905.13,32195.3,436.84,661.3
14189,220386.88,110537.0,45409.04,27157.541,405.87,661.4
14190,150944.64,84606.0,32034.41,17293.08,223.31,661.4
14191,187365.92,99704.0,32558.6,13047.66,218.42,661.4
14192,73373.44,36611.0,28878.89,171.27,352.08,661.5
14193,176281.28,97370.0,27193.871,15345.101,295.03,661.5
14194,217099.69,104636.0,42094.36,23745.98,374.9,661.5
14195,203070.56,102944.0,41819.29,14056.25,482.48,661.6
14196,188195.84,102120.0,38006.37,12867.74,306.44,661.6
14197,195926.08,91511.0,31210.93,17990.27,329.26,661.6
14198,252161.28,126808.0,54396.39,37672.48,534.64,661.6
14199,158348.95,87860.0,40134.27,20761.73,324.37,661.6
14200,154561.12,95382.0,18983.291,21912.18,184.19,661.6
14201,230015.52,105514.0,48355.23,13577.04,339.04,661.6
14202,150432.8,87456.0,29956.68,8096.4,189.08,661.6
14203,203044.8,105340.0,40632.51,13459.4,356.97,661.6
14204,151509.12,77951.0,45602.8,21889.69,252.65,661.6
14205,244097.28,113044.0,53873.93,11947.38,384.68,661.7
14206,172133.92,98993.0,25508.85,16992.06,215.16,661.7
14207,182861.28,94577.0,35074.02,14940.28,246.13,661.7
14208,195002.08,100333.0,35930.37,17255.02,265.69,661.7
14209,203991.2,108572.0,32245.47,21820.49,180.93,661.7
14210,178213.28,98137.0,23740.791,21057.56,177.67,661.7
14211,191046.23,100428.0,28553.65,14973.15,158.11,661.7
14212,181195.84,95105.0,31409.88,10153.37,228.2,661.7
14213,248214.4,111541.0,48227.21,12961.16,441.73,661.8
14214,195298.88,102004.0,43353.8,32152.05,301.55,661.8
14215,139503.84,72729.0,37252.09,20673.5,451.51,661.8
14216,114991.52,67316.0,31184.98,19768.71,286.88,661.9
14217,168932.95,91410.0,27297.67,24960.44,166.26,661.9
14218,222738.88,103788.0,44109.81,13646.24,306.44,661.9
14219,206223.36,105688.0,34702.07,16661.63,343.93,661.9
14220,234982.72,114441.0,41850.43,32242.01,339.04,661.9
14221,127042.72,75220.0,30989.49,20676.96,370.01,661.9
14222,200872.0,103384.0,38378.32,17064.72,308.07,661.9
14223,262143.0,112345.0,75886.45,26498.41,655.26,661.9
14224,174457.92,90940.0,41347.0,15848.53,400.98,661.9
14225,262143.0,96885.0,71715.42,13568.391,549.31,661.9
14226,230554.23,103157.0,51434.63,19152.83,441.73,661.9
14227,185400.33,94936.0,36765.96,9705.3,239.61,662.0
14228,203480.48,100981.0,40641.16,9542.68,299.92,662.0
14229,204023.69,98860.0,43938.54,21505.63,280.36,662.0
14230,215641.44,103889.0,53702.66,17656.38,330.88998,662.0
14231,201171.05,104705.0,39767.51,20128.55,427.06,662.0
14232,206110.23,94884.0,35553.23,21787.621,404.24,662.0
14233,262143.0,102080.0,61162.42,27721.52,493.88998,662.0
14234,184339.69,93869.0,23680.24,20725.4,193.97,662.1
14235,170504.33,93352.0,31387.39,11480.28,361.86,662.1
14236,198651.05,98921.0,40663.652,27273.451,251.02,662.1
14237,190124.48,103945.0,35048.07,16038.83,215.16,662.1
14238,158866.4,79790.0,65421.68,34056.78,482.48,662.1
14239,186910.08,102693.0,25789.11,15300.12,193.97,662.2
14240,235179.84,103365.0,58714.47,25827.17,410.76,662.2
14241,262143.0,108551.0,74241.22,32726.41,533.01,662.2
14242,174090.56,95604.0,27635.02,12893.69,210.27,662.2
14243,197308.16,94000.0,41175.73,11331.5,285.25,662.2
14244,12983.04,9958.0,7708.88,36.33,97.8,662.3
14245,262143.0,83284.0,262143.0,12035.61,11147.57,662.3
14246,21988.96,6180.0,33216.0,231.82,492.26,662.3
14247,11026.4,5596.0,23443.23,121.1,145.06999,662.3
14248,155854.72,87957.0,33843.992,11981.98,402.61,662.3
14249,226534.56,99965.0,53133.492,27316.701,365.12,662.4
14250,165107.05,88199.0,25550.371,13474.97,288.51,663.2
14251,211508.64,108364.0,40540.82,18796.451,330.88998,663.3
14252,220149.44,108630.0,22353.33,8329.95,159.74,663.6
14253,219088.8,105896.0,46971.23,10245.061,339.04,663.9
14254,12656.0,9469.0,15672.07,48.440002,70.09,664.0
14255,51129.12,19608.0,115581.305,340.81,492.26,664.1
14256,125683.04,80054.0,19363.89,7087.81,123.88,664.2
14257,262143.0,111645.0,99194.74,33442.63,606.36,664.4
14258,113544.484,69088.0,41184.38,24868.75,358.6,664.4
14259,244228.33,110050.0,63465.05,30157.36,495.52,664.5
14260,170718.23,94750.0,42923.03,12222.45,244.5,664.5
14261,75336.8,51022.0,30482.6,169.54001,360.23,664.5
14262,215157.6,105855.0,47362.21,13948.99,241.24,664.6
14263,187933.77,106080.0,27951.61,16905.56,221.68,664.7
14264,172524.8,20443.0,262143.0,1963.55,2971.49,664.8
14265,262143.0,107217.0,109995.13,36125.86,712.31,664.8
14266,75414.08,50540.0,29221.43,20704.64,324.37,664.9
14267,217066.08,104451.0,27522.57,44862.36,412.38998,665.0
14268,17775.52,5837.0,70928.27,46.71,327.63,665.0
14269,162237.6,79489.0,32826.75,13239.69,340.67,665.3
14270,182636.16,98524.0,64124.18,19107.85,474.33,665.4
14271,171844.95,85879.0,52969.14,24372.24,502.04,665.5
14272,166612.33,96404.0,24801.281,10620.47,265.69,665.5
14273,240732.8,97193.0,47677.07,8445.86,417.28,665.6
14274,173937.12,77500.0,63499.652,53429.32,661.77997,665.6
14275,59120.32,34636.0,26906.69,186.84,138.55,665.7
14276,193929.12,100442.0,43331.31,21299.76,316.22,666.0
14277,137859.69,75540.0,28513.86,5978.88,207.01,666.1
14278,156335.2,90092.0,27334.0,3522.28,277.1,666.2
14279,168004.48,97168.0,28960.201,11949.11,105.95,666.2
14280,173728.8,90651.0,35909.61,11251.92,221.68,666.3
14281,244378.4,105636.0,71888.42,25856.58,500.41,666.3
14282,167652.8,85104.0,34311.09,12398.91,277.1,666.4
14283,243868.8,113788.0,65053.19,16064.78,404.24,666.4
14284,223342.56,112596.0,46433.2,24123.121,356.97,666.5
14285,157444.0,81406.0,41821.02,9395.63,267.32,666.5
14286,213053.12,104889.0,42988.77,19024.81,347.19,666.6
14287,191548.0,99889.0,39786.54,17327.68,342.3,666.7
14288,236040.0,106197.0,60498.1,9828.13,487.37,666.7
14289,187386.08,95534.0,36864.57,18360.49,347.19,666.8
14290,165403.84,88369.0,30202.34,14054.5205,259.17,666.8
14291,166910.23,83428.0,52889.562,28173.05,353.71,667.0
14292,152535.05,89260.0,22872.33,13265.641,185.81999,667.2
14293,235076.8,111849.0,44236.1,24002.02,409.13,667.3
14294,176131.2,96969.0,34996.17,6435.6,280.36,667.5
14295,180443.2,99887.0,22806.59,8755.53,192.34,667.6
14296,171981.6,95861.0,31550.01,14597.74,182.56,667.7
14297,105134.4,61961.0,36802.29,24751.11,360.23,667.9
14298,183961.12,94637.0,24524.48,18460.83,215.16,667.9
14299,220594.08,108127.0,35603.402,15009.48,304.81,667.9
14300,170884.0,98967.0,33171.02,12423.13,252.65,668.1
14301,185529.12,80229.0,75585.43,20028.21,518.34,668.1
14302,205944.48,97968.0,31207.47,9715.68,242.87,668.2
14303,214734.23,104993.0,37056.6,21009.121,326.0,668.2
14304,149085.44,83652.0,37688.05,6797.17,363.49,668.3
14305,197116.64,97669.0,54569.39,18248.041,528.12,668.4
14306,200116.0,99377.0,35210.69,21225.371,303.18,668.4
14307,235755.52,90669.0,104156.38,26278.701,780.77,668.4
14308,174527.36,97796.0,45317.35,7098.19,301.55,668.6
14309,65866.08,42624.0,24557.35,69.2,208.64,668.7
14310,21362.88,13578.0,5753.98,27.68,27.71,668.7
14311,197114.4,104192.0,44988.652,15080.41,394.46,668.8
14312,221391.52,103916.0,55221.6,16959.19,503.67,668.8
14313,10875.2,6461.0,20040.32,81.31,140.18,668.9
14314,187286.4,104341.0,27847.81,9741.63,200.49,668.9
14315,224760.48,111213.0,51246.062,9497.7,472.7,668.9
14316,166855.36,87728.0,41238.01,31162.49,387.94,669.6
14317,218352.95,110960.0,52825.55,19144.18,365.12,669.8
14318,173391.69,102027.0,32345.81,17568.15,255.91,669.9
14319,253512.0,111701.0,41734.52,20780.76,474.33,670.0
14320,10293.92,7361.0,17410.72,84.770004,143.44,670.3
14321,11984.0,5689.0,25334.121,100.340004,153.22,670.6
14322,198576.0,102688.0,32906.332,22140.541,220.05,671.0
14323,167151.05,92149.0,20974.52,14322.67,128.77,671.1
14324,127817.76,78945.0,25417.16,15500.8,135.29,671.1
14325,260843.52,112280.0,41535.57,17751.53,379.79,671.2
14326,192143.84,94928.0,27887.6,11843.58,190.71,671.3
14327,169308.16,98016.0,29581.27,14301.91,277.1,671.3
14328,170549.12,102426.0,27655.781,12703.391,17.93,671.3
14329,221880.97,105814.0,65288.473,27531.22,376.53,671.3
14330,126816.484,77581.0,15151.34,5276.5,40.75,671.4
14331,221114.88,104220.0,52870.53,20709.83,352.08,671.4
14332,128914.24,85052.0,22678.57,15085.601,145.06999,671.5
14333,189221.77,103048.0,28624.58,12307.22,164.63,671.6
14334,90836.48,61981.0,27764.77,301.02,140.18,671.6
14335,100416.96,59657.0,40362.63,219.71,368.38,671.6
14336,181408.64,96777.0,33800.742,18415.85,220.05,671.7
14337,192502.23,93578.0,39611.81,9691.46,446.62,671.7
14338,182692.16,99266.0,38662.04,7873.23,210.27,671.7
14339,147280.0,77930.0,42054.57,11942.19,350.45,671.8
14340,190304.8,105369.0,26968.97,10860.94,184.19,671.9
14341,186144.0,92505.0,53827.22,7944.16,456.4,672.0
14342,184237.77,97689.0,27984.48,18632.1,260.8,672.1
14343,80577.28,52246.0,21957.16,8027.2,182.56,672.1
14344,218568.0,85230.0,54453.48,22296.24,513.45,672.1
14345,168453.6,92603.0,33442.63,10347.13,179.3,672.1
14346,262143.0,106939.0,59468.75,25302.98,428.69,672.1
14347,181951.84,97856.0,22413.88,15912.54,303.18,672.1
14348,80360.0,44144.0,38632.63,235.28,391.2,672.2
14349,243725.44,100960.0,48431.35,14205.03,317.85,672.2
14350,96139.68,61780.0,36938.96,16936.7,252.65,672.2
14351,160171.2,92033.0,28716.27,7850.74,169.52,672.3
14352,191300.48,100497.0,31958.291,13225.851,322.74,672.3
14353,190279.05,96233.0,38390.43,7643.14,335.78,672.3
14354,166568.64,94692.0,23412.09,13244.88,148.33,672.4
14355,167745.77,96017.0,28937.71,18106.18,218.42,672.4
14356,188051.36,100101.0,20820.55,13964.561,125.51,672.4
14357,183476.16,97996.0,33859.56,15549.24,291.77,672.5
14358,188641.6,99066.0,31617.48,12724.15,138.55,672.5
14359,170964.64,99477.0,42647.96,10537.43,281.99,672.6
14360,198681.28,101898.0,47943.492,9644.75,379.79,672.6
14361,172467.69,88896.0,28892.73,10565.11,400.98,672.6
14362,163884.0,84012.0,49353.44,12283.0,255.91,672.7
14363,178620.95,94060.0,38312.582,10494.18,327.63,672.7
14364,222855.36,104512.0,37054.87,13713.71,268.95,672.7
14365,174120.8,98832.0,29314.85,18491.97,259.17,672.8
14366,199580.64,100384.0,36624.1,13109.94,317.85,672.8
14367,193351.2,102133.0,23463.99,15570.0,277.1,672.8
14368,197693.44,103108.0,42289.85,20370.75,339.04,672.8
14369,262143.0,106623.0,147254.14,50201.14,1338.23,672.8
14370,182808.64,92567.0,34271.3,10696.59,273.84,672.9
14371,218833.44,103797.0,48009.23,17408.99,255.91,672.9
14372,169598.23,85557.0,28437.74,25176.69,342.3,672.9
14373,205907.52,99117.0,47773.95,29858.07,370.01,672.9
14374,262143.0,107220.0,61844.04,34729.75,474.33,673.0
14375,146644.95,80492.0,37089.47,4344.0303,254.28,673.0
14376,191042.88,100640.0,33584.492,10686.21,102.69,673.0
14377,226275.84,98982.0,42895.35,12791.62,277.1,673.0
14378,212819.05,103086.0,38303.93,17838.03,329.26,673.0
14379,145943.84,89449.0,11973.33,12987.11,136.92,673.0
14380,199920.0,104485.0,37169.05,9077.311,337.41,673.0
14381,120178.24,68748.0,25100.57,14359.0,169.52,673.1
14382,179085.77,94495.0,32240.281,15772.41,180.93,673.1
14383,262143.0,83156.0,262143.0,7245.24,9046.5,673.1
14384,262143.0,105231.0,62390.72,27849.541,441.73,673.2
14385,82423.04,16626.0,179196.86,527.65,917.69,673.4
14386,173858.72,99304.0,33468.582,9658.59,210.27,673.8
14387,175580.16,95519.0,30707.5,19498.83,280.36,673.9
14388,179978.4,100741.0,34427.0,12315.87,221.68,674.0
14389,179845.12,104145.0,35525.55,15277.63,244.5,674.0
14390,20590.08,15468.0,9212.25,22.49,30.97,674.1
14391,129187.52,80190.0,20486.66,11819.36,149.96,674.1
14392,77300.164,41041.0,29508.61,314.86002,223.31,674.1
14393,234223.36,112189.0,38210.51,22022.9,327.63,674.2
14394,178522.4,90337.0,32316.4,10976.851,264.06,674.2
14395,144681.6,90624.0,15064.84,10660.26,96.17,674.2
14396,70427.84,42217.0,40312.46,212.79001,435.21,674.2
14397,147956.48,84149.0,37425.09,23611.041,348.82,674.2
14398,175855.69,92496.0,26576.26,15448.9,255.91,674.3
14399,7150.08,5657.0,8857.6,44.98,163.0,674.3
14400,27341.44,21838.0,1928.9501,20.76,16.3,674.3
14401,165701.77,86148.0,41841.78,20116.44,415.65,674.4
14402,147147.84,90528.0,19420.98,9762.39,182.56,674.4
14403,125994.4,71735.0,20073.19,13324.46,167.89,674.4
14404,195694.23,101512.0,46431.47,13215.47,283.62,674.4
14405,210175.84,97254.0,86513.84,12492.33,477.59,674.4
14406,262143.0,105036.0,48424.43,17753.26,374.9,674.4
14407,153754.72,88761.0,30328.63,6459.8203,187.45,674.4
14408,248713.92,107469.0,41959.42,22073.07,249.39,674.4
14409,182840.0,94768.0,29446.33,14094.311,198.86,674.5
14410,206582.88,104093.0,47888.13,21851.63,374.9,674.6
14411,173078.08,95394.0,27124.67,12110.0,164.63,674.7
14412,217962.08,103941.0,23816.91,12552.88,291.77,674.9
14413,162667.69,91140.0,27643.67,13845.19,125.51,675.0
14414,6437.7603,6405.0,922.09,297.56,57.05,675.0
14415,209305.6,98609.0,23486.48,10959.55,326.0,675.1
14416,186146.23,89443.0,39691.39,16199.72,146.7,675.1
14417,193551.69,99233.0,27060.66,9847.16,187.45,675.2
14418,115476.484,69676.0,38566.89,15137.5,283.62,675.2
14419,208614.56,98753.0,40821.082,16308.71,293.4,675.2
14420,207574.08,85001.0,56759.57,25059.05,189.08,675.2
14421,119294.56,59411.0,41528.652,19050.76,262.43,675.3
14422,185895.36,99193.0,31043.121,13720.63,270.58,675.4
14423,152453.28,89681.0,22571.31,20498.77,197.23,675.4
14424,262143.0,114370.0,66196.72,17971.24,415.65,675.5
14425,192195.36,95817.0,30339.01,17434.94,257.54,675.5
14426,152150.88,90693.0,27534.68,6852.5303,234.72,675.5
14427,204485.12,102673.0,48657.98,16569.94,298.29,675.5
14428,178408.16,95949.0,30319.98,8589.45,249.39,675.6
14429,39024.16,14856.0,58249.1,273.34,379.79,675.6
14430,103368.164,68633.0,25200.91,22771.99,296.66,675.7
14431,262143.0,94260.0,103479.95,59963.53,777.51,675.7
14432,165848.48,92165.0,38829.85,20211.59,348.82,675.7
14433,172085.77,98540.0,18941.77,7703.69,246.13,675.7
14434,226048.48,106229.0,87832.1,19521.32,533.01,675.8
14435,187781.44,98097.0,38170.72,17754.99,273.84,675.8
14436,190884.95,99497.0,29968.791,10360.97,295.03,675.8
14437,13364.96,7677.0,24047.0,89.96,-16.3,675.8
14438,193392.64,100678.0,37113.69,18645.94,244.5,675.9
14439,189224.0,94739.0,31956.56,4946.07,270.58,675.9
14440,184315.05,91821.0,59364.95,8938.91,484.11,676.0
14441,170615.2,97608.0,26334.06,19770.44,223.31,676.0
14442,175013.44,90089.0,43836.47,9023.68,234.72,676.0
14443,262143.0,87912.0,79919.08,41987.1,489.0,676.0
14444,262143.0,105597.0,37144.832,29152.23,391.2,676.0
14445,214868.64,93819.0,45469.59,24365.32,378.16,676.1
14446,152709.77,89585.0,24856.64,15891.78,197.23,676.1
14447,209388.48,94680.0,35489.22,22486.541,303.18,676.1
14448,253649.77,94520.0,72070.07,25676.66,560.72,676.2
14449,262143.0,126310.0,144513.83,108581.72,1530.57,676.2
14450,160065.92,89119.0,31608.83,22552.28,136.92,676.6
14451,196456.95,100120.0,38085.95,10488.99,365.12,676.7
14452,30148.16,8493.0,58394.42,356.38,453.13998,676.7
14453,196594.72,98444.0,31859.68,11879.91,229.83,676.7
14454,163561.44,91388.0,35797.16,12760.48,216.79,677.0
14455,216406.4,102700.0,34060.242,27832.24,317.85,677.1
14456,99848.0,66283.0,13739.66,14379.76,118.99,677.1
14457,198525.6,101045.0,46927.98,10466.5,260.8,677.2
14458,16200.8,9342.0,11073.73,39.79,79.87,677.3
14459,240052.97,107997.0,54593.61,27863.38,324.37,677.3
14460,259848.97,103105.0,63907.93,47903.7,591.69,677.3
14461,164914.4,84528.0,26000.17,19043.84,291.77,677.4
14462,166203.52,92994.0,26953.4,23351.541,417.28,677.4
14463,218288.0,104657.0,37165.59,18486.78,304.81,677.5
14464,212871.69,93744.0,51607.63,40622.13,557.46,677.5
14465,158114.88,90980.0,24875.67,10623.93,172.78,677.7
14466,197624.0,102009.0,34132.9,14516.43,273.84,677.7
14467,180348.0,101056.0,31458.32,16933.24,218.42,677.7
14468,182231.84,96827.0,47175.37,10499.37,237.98,678.0
14469,173065.77,88516.0,36615.45,15995.58,264.06,678.1
14470,103257.28,62254.0,33584.492,12303.76,303.18,678.1
14471,216811.84,101664.0,50182.11,20431.3,211.9,678.2
14472,91594.72,58293.0,46874.35,11480.28,146.7,678.2
14473,171052.0,92762.0,31518.871,12558.07,226.56999,678.3
14474,137198.88,80788.0,25143.82,11665.39,233.09,678.3
14475,178890.88,94211.0,31300.89,21896.61,264.06,678.3
14476,157554.88,96793.0,27624.64,15426.41,216.79,678.4
14477,166483.52,90957.0,35336.98,13492.2705,409.13,678.4
14478,155674.4,93765.0,20723.67,13398.851,127.14,678.4
14479,243759.05,111373.0,40405.88,24379.16,286.88,678.4
14480,12159.84,11252.0,802.72003,1112.39,48.9,678.6
14481,214734.23,94272.0,47175.37,32776.582,384.68,678.6
14482,199224.48,95757.0,39601.43,27527.76,311.33,678.6
14483,204388.8,102034.0,44030.23,20147.58,394.46,678.6
14484,207238.08,106105.0,25655.9,8073.91,293.4,678.6
14485,9441.6,5132.0,15850.26,53.63,44.01,678.7
14486,197172.64,101373.0,36426.88,18113.1,224.94,678.8
14487,147613.77,95853.0,14007.811,10215.65,138.55,678.8
14488,185501.12,97081.0,22979.59,7184.69,210.27,678.8
14489,156780.95,90685.0,30681.55,12902.34,234.72,678.8
14490,171715.05,97853.0,33826.69,10739.84,255.91,678.9
14491,177209.77,95986.0,25785.65,20272.14,125.51,678.9
14492,226004.8,89066.0,66537.53,7712.34,673.19,678.9
14493,189486.08,105823.0,40220.77,15320.88,340.67,678.9
14494,5875.52,6018.0,1328.64,13.84,27.71,679.0
14495,185855.05,92940.0,37821.26,19824.07,330.88998,679.0
14496,153836.48,89393.0,20645.82,9072.12,151.59,679.1
14497,192933.44,95756.0,24704.4,13334.84,200.49,679.1
14498,153081.6,94402.0,16192.8,9876.57,91.28,679.1
14499,199907.69,102940.0,40236.34,13952.45,319.48,679.1
14500,192457.44,100377.0,23092.041,16673.74,198.86,679.1
14501,195848.8,106133.0,35824.84,14205.03,345.56,679.1
14502,199675.84,103106.0,34520.42,17493.76,218.42,679.2
14503,174050.23,97467.0,31055.23,19061.14,128.77,679.2
14504,163338.56,91815.0,38213.97,7371.5303,384.68,679.2
14505,262143.0,104796.0,40838.38,33717.7,497.15,679.2
14506,187342.4,98292.0,38300.47,13770.8,252.65,679.2
14507,169904.0,93938.0,23327.32,13504.38,158.11,679.3
14508,160857.77,98551.0,21920.83,20896.67,218.42,679.3
14509,140421.12,83708.0,27430.88,9485.59,267.32,679.4
14510,209003.2,108769.0,30084.701,22479.621,251.02,679.4
14511,177207.52,88349.0,54603.992,25744.13,430.32,679.4
14512,178881.92,98592.0,26370.39,8840.3,189.08,679.5
14513,181762.56,77548.0,45601.07,28688.59,546.05,679.5
14514,227364.48,101861.0,31977.32,24697.48,458.03,679.5
14515,159325.6,86720.0,20109.52,10490.72,223.31,679.6
14516,262143.0,113110.0,64255.66,21150.98,635.7,679.6
14517,197852.48,99985.0,44464.46,10795.2,312.96,679.6
14518,198615.2,96333.0,29648.74,18372.6,156.48,679.6
14519,262143.0,129572.0,54972.48,25128.25,490.63,679.6
14520,162440.33,92444.0,32285.26,11021.83,247.76,679.6
14521,233520.0,103873.0,44398.72,22896.55,242.87,679.6
14522,262143.0,101559.0,76789.51,34795.492,715.57,679.6
14523,191708.16,105794.0,42213.73,23360.19,296.66,679.7
14524,168330.4,98200.0,31712.63,14097.7705,205.38,679.7
14525,245723.52,105544.0,40961.21,28553.65,337.41,679.7
14526,190814.4,90657.0,38409.46,15924.65,272.21,679.8
14527,163257.92,91812.0,32906.332,11770.92,202.12,679.8
14528,205282.56,97424.0,37302.26,13641.05,215.16,679.8
14529,181342.56,96797.0,31148.65,17163.33,234.72,679.8
14530,161360.64,89981.0,34760.89,19504.02,254.28,679.8
14531,187426.4,104629.0,29093.41,16362.34,176.04,679.8
14532,220993.92,119596.0,36874.95,16163.391,352.08,679.8
14533,229244.97,109229.0,34859.5,18094.07,361.86,679.8
14534,190311.52,102524.0,29885.75,13968.0205,319.48,679.8
14535,179504.64,100600.0,29347.72,16035.37,286.88,679.9
14536,257336.8,103764.0,54398.12,16509.39,342.3,679.9
14537,179313.12,100733.0,34084.46,11995.82,293.4,679.9
14538,242646.88,102897.0,40042.582,25861.77,280.36,679.9
14539,197481.77,100817.0,20507.42,14985.26,278.73,679.9
14540,176350.72,90125.0,47680.53,25327.201,410.76,679.9
14541,262143.0,123251.0,48035.18,17229.07,342.3,679.9
14542,262143.0,115196.0,93676.04,52711.37,987.77997,680.0
14543,189192.64,103705.0,29358.1,10222.57,286.88,680.0
14544,220162.88,108683.0,42800.2,18516.19,286.88,680.0
14545,197555.69,101987.0,33323.26,15308.7705,306.44,680.0
14546,192736.33,95546.0,39163.742,21448.541,246.13,680.0
14547,192439.52,95941.0,34636.332,15531.94,280.36,680.1
14548,93446.08,49542.0,60550.0,404.82,604.73,680.1
14549,202072.64,87828.0,67904.234,39127.41,502.04,680.1
14550,148708.0,85168.0,29114.17,19177.05,223.31,680.1
14551,201772.48,102046.0,32115.72,20811.9,314.59,680.1
14552,201063.52,98346.0,42807.12,19562.84,430.32,680.1
14553,222410.72,95880.0,61831.93,20893.21,438.47,680.1
14554,171146.08,90989.0,33807.66,17208.31,308.07,680.1
14555,192519.05,107509.0,50465.832,22244.34,391.2,680.1
14556,262143.0,106881.0,36800.56,41942.12,454.77,680.2
14557,164193.12,89892.0,41018.3,15170.37,469.44,680.2
14558,175916.16,96288.0,36345.57,12582.29,381.42,680.3
14559,230418.72,113164.0,56306.312,23633.53,221.68,680.4
14560,213774.4,102553.0,37297.07,15509.45,370.01,680.4
14561,193810.4,97871.0,45602.8,22593.8,410.76,680.6
14562,172151.84,93977.0,25507.121,12587.48,281.99,680.6
14563,250558.56,95428.0,44763.75,12907.53,550.94,680.7
14564,190183.84,99493.0,35894.04,17799.97,200.49,680.8
14565,151019.69,89483.0,23998.56,23356.73,208.64,680.9
14566,201140.8,89020.0,51353.32,37241.71,516.71,680.9
14567,214720.8,102091.0,42388.46,10743.3,356.97,681.0
14568,156695.84,87920.0,29449.791,16706.61,272.21,681.0
14569,194789.28,98897.0,34951.19,13993.97,330.88998,681.1
14570,64039.36,17720.0,75716.914,280.26,361.86,681.1
14571,227678.08,107069.0,75197.914,38563.43,458.03,681.2
14572,210589.12,107616.0,38096.332,19604.36,176.04,681.3
14573,194204.64,101697.0,17678.871,12563.26,264.06,681.4
14574,204527.69,107905.0,29633.17,22022.9,259.17,681.4
14575,179702.88,99473.0,34523.88,22130.16,239.61,681.5
14576,238193.77,108850.0,39651.6,19998.8,249.39,681.5
14577,192768.8,99477.0,35639.73,6662.23,268.95,681.6
14578,165161.92,99370.0,31152.11,13281.21,185.81999,681.8
14579,166542.88,94526.0,29193.75,15435.061,182.56,681.8
14580,171330.88,93691.0,21932.94,13609.91,167.89,682.0
14581,192384.64,101232.0,23946.66,12269.16,324.37,682.0
14582,185282.72,91333.0,38722.59,31871.791,334.15,682.0
14583,169030.4,98581.0,18851.81,9374.87,169.52,682.2
14584,191567.05,91790.0,38205.32,21737.451,371.63998,682.3
14585,250440.97,109493.0,61162.42,25775.27,386.31,682.4
14586,184054.08,101783.0,18540.41,11881.64,138.55,682.4
14587,262143.0,111691.0,47599.22,26617.781,482.48,682.5
14588,169361.92,90304.0,25315.09,9213.98,146.7,682.5
14589,155445.92,91776.0,24777.06,2942.73,101.06,682.5
14590,182493.92,100594.0,35826.57,13469.78,205.38,682.5
14591,186520.33,96149.0,33420.14,12438.7,298.29,682.7
14592,174176.8,96122.0,28979.23,15890.05,337.41,682.7
14593,205800.0,106872.0,34067.16,8828.19,226.56999,682.8
14594,181174.56,95109.0,31492.92,9745.09,198.86,682.8
14595,199422.72,98868.0,30441.08,18208.25,288.51,682.8
14596,181294.4,90413.0,22221.85,13558.01,189.08,683.0
14597,192519.05,98880.0,32470.371,11985.44,352.08,683.0
14598,250261.77,108112.0,61361.37,29190.291,516.71,683.0
14599,215909.12,94408.0,34458.14,29576.08,190.71,683.0
14600,205236.64,104231.0,21657.871,13511.3,207.01,683.1
14601,192199.84,103993.0,35240.1,17564.69,239.61,683.2
14602,196287.84,92156.0,44473.11,15950.601,255.91,683.3
14603,197445.92,96700.0,37826.45,14940.28,244.5,683.4
14604,176589.28,88549.0,34916.59,28340.86,448.25,683.5
14605,229520.48,107619.0,41438.69,25289.14,335.78,683.5
14606,209378.4,96447.0,41381.6,17710.01,317.85,683.6
14607,217706.72,109073.0,26617.781,19765.25,306.44,683.6
14608,204519.84,106996.0,36137.97,15094.25,339.04,683.6
14609,214953.77,101732.0,42480.152,13054.58,326.0,683.7
14610,171823.69,90596.0,33191.78,19810.23,296.66,683.7
14611,196127.69,96289.0,32100.15,22931.15,384.68,683.8
14612,262143.0,113546.0,73251.664,27842.621,733.5,683.8
14613,185236.8,95691.0,32340.621,14051.061,254.28,684.0
14614,32236.96,7649.0,64523.812,237.01001,355.34,684.0
14615,199363.36,92972.0,40438.75,11042.59,334.15,684.0
14616,218562.4,99235.0,48386.37,6774.68,363.49,684.1
14617,157680.33,94076.0,24654.23,8454.51,192.34,684.1
14618,157902.08,89453.0,27474.13,14467.99,303.18,684.3
14619,209333.6,105501.0,48076.7,16306.98,322.74,684.3
14620,187505.92,98509.0,32086.31,10440.55,296.66,684.4
14621,241433.92,110232.0,45633.94,21484.871,251.02,684.4
14622,231947.52,104340.0,49697.71,19647.61,511.82,684.4
14623,191151.52,96098.0,28330.48,14684.24,202.12,684.5
14624,223545.28,104382.0,61024.02,35646.652,461.29,684.6
14625,228477.77,111815.0,54804.67,14305.37,471.07,684.7
14626,190559.05,100500.0,36601.61,13468.05,295.03,684.8
14627,47432.0,24117.0,20279.06,164.35,286.88,684.9
14628,207456.48,96197.0,39255.43,8369.74,360.23,684.9
14629,106030.4,70229.0,33702.13,25989.791,236.35,685.0
14630,177353.12,96412.0,27439.531,6665.69,120.62,685.0
14631,202017.77,97880.0,25950.0,23092.041,234.72,685.0
14632,147614.88,87289.0,24327.26,16303.5205,179.3,685.0
14633,192935.69,98389.0,46960.85,10627.39,370.01,685.1
14634,186287.36,100176.0,20452.06,6304.12,92.909996,685.1
14635,194141.92,101948.0,28010.43,20562.78,298.29,685.1
14636,173051.2,93389.0,24830.69,10566.84,228.2,685.2
14637,157041.92,89163.0,30494.71,9329.89,241.24,685.2
14638,198923.2,105281.0,42653.152,13002.68,317.85,685.2
14639,106992.48,68979.0,22540.17,8710.55,226.56999,685.3
14640,194863.2,103809.0,38463.09,18576.74,187.45,685.3
14641,191319.52,90414.0,29477.47,8188.0903,120.62,685.3
14642,190823.36,96999.0,30460.11,17772.291,135.29,685.4
14643,231394.23,106305.0,21002.201,20104.33,268.95,685.5
14644,172016.33,94173.0,35667.41,14461.07,228.2,685.5
14645,223628.16,111613.0,62029.152,42568.38,559.09,685.5
14646,213458.56,99142.0,57510.39,24417.22,453.13998,685.6
14647,77932.96,44220.0,42019.97,262.96,311.33,685.7
14648,11446.4,5941.0,43909.13,31.14,254.28,685.9
14649,172510.23,91653.0,29152.23,15241.3,330.88998,685.9
14650,180653.77,98329.0,40013.17,14869.351,396.09,686.0
14651,160680.8,95785.0,19661.451,2743.78,154.85,686.0
14652,195778.23,107460.0,23142.21,26621.24,193.97,686.1
14653,185861.77,98766.0,34117.332,22124.97,267.32,686.2
14654,9892.96,5392.0,6468.47,-10.38,68.46,686.2
14655,179796.95,96383.0,23908.6,12603.05,220.05,686.3
14656,126127.68,68484.0,21910.451,18981.56,215.16,686.3
14657,100909.76,57097.0,17789.59,13679.11,207.01,686.4
14658,253719.2,99564.0,79919.08,11276.14,601.47,686.4
14659,184222.08,105388.0,28790.66,19517.86,340.67,686.4
14660,197410.08,105323.0,24948.33,9551.33,291.77,686.5
14661,245542.08,113947.0,35961.51,18154.621,335.78,686.5
14662,148676.64,88238.0,30638.3,11379.94,205.38,686.5
14663,169106.56,98128.0,37999.45,10257.17,192.34,686.5
14664,233021.6,104548.0,53880.85,13167.03,366.75,686.6
14665,193574.08,105173.0,43720.56,9366.22,267.32,686.7
14666,194073.6,105188.0,32549.951,14936.82,210.27,686.7
14667,99611.68,65261.0,29342.531,9103.26,163.0,686.8
14668,180182.23,91025.0,31620.94,12353.93,104.32,686.8
14669,262143.0,116569.0,80780.62,29034.59,687.86,686.9
14670,137456.48,80161.0,19004.05,11025.29,298.29,687.0
14671,77924.0,50612.0,28596.9,157.43001,171.15,687.0
14672,97115.2,65133.0,27039.9,3927.1,195.6,687.1
14673,195076.0,104792.0,43826.09,23183.73,275.47,687.1
14674,212217.6,90829.0,98417.97,66312.63,844.34,687.2
14675,10608.64,10468.0,333.89,634.91003,42.38,687.2
14676,235940.33,110291.0,32030.951,37092.93,319.48,687.2
14677,177767.52,100911.0,20282.52,8020.2803,159.74,687.3
14678,113112.164,64536.0,24649.041,15589.03,286.88,687.4
14679,164082.23,94254.0,22149.19,10597.98,184.19,687.4
14680,199284.95,100058.0,30927.21,14940.28,356.97,687.5
14681,191640.95,93807.0,33954.71,19452.121,272.21,687.5
14682,162926.4,90662.0,33373.43,8650.0,193.97,687.6
14683,230460.16,101942.0,28439.47,8812.62,286.88,687.6
14684,207166.4,95831.0,39006.31,34122.52,440.1,687.6
14685,149584.95,90649.0,38764.11,7601.62,221.68,687.7
14686,200994.08,57601.0,47407.19,5407.98,378.16,687.7
14687,160014.4,85049.0,39279.652,16725.64,166.26,687.8
14688,203257.6,102718.0,36342.11,7125.87,272.21,687.8
14689,26339.041,11892.0,35470.19,67.47,392.83,687.8
14690,237148.8,105706.0,47220.35,21073.13,301.55,687.9
14691,206532.48,96293.0,103428.055,30702.31,811.74,688.0
14692,262143.0,112260.0,111609.22,35061.91,788.92,688.1
14693,173038.88,95405.0,26974.16,11679.23,273.84,688.1
14694,180564.16,97933.0,26775.21,11741.51,255.91,688.2
14695,205848.16,107616.0,52470.902,19410.6,171.15,688.2
14696,96985.28,49749.0,69566.76,399.63,487.37,688.2
14697,204569.12,98700.0,25159.39,7606.81,198.86,688.3
14698,183629.6,94344.0,52880.91,13374.63,298.29,688.3
14699,222073.6,109536.0,27346.11,17874.36,356.97,688.4
14700,242081.28,110407.0,49682.14,25925.781,448.25,688.4
14701,262143.0,104184.0,81048.77,26854.791,738.39,688.4
14702,218663.2,105757.0,39916.29,24669.8,285.25,688.4
14703,199767.69,82337.0,31857.951,11312.47,277.1,688.5
14704,71077.44,39573.0,36390.55,198.95,221.68,688.5
14705,225891.69,105241.0,33719.43,12442.16,319.48,688.5
14706,158324.33,81389.0,27230.201,12677.44,254.28,688.5
14707,209356.0,100137.0,39096.27,16853.66,311.33,688.5
14708,169778.56,100332.0,24804.74,18054.28,174.41,688.5
14709,178961.44,94986.0,25901.56,20633.71,140.18,688.6
14710,190519.84,102104.0,29153.96,16917.67,251.02,688.6
14711,230516.16,110877.0,35665.68,13682.57,259.17,688.6
14712,132363.84,74473.0,29257.76,24501.99,221.68,688.7
14713,215644.8,96705.0,78820.53,28802.77,552.57,688.7
14714,254459.52,121202.0,48619.92,19343.13,278.73,688.7
14715,201297.6,102987.0,43751.7,23133.56,316.22,688.7
14716,251734.56,109831.0,43635.79,34937.35,370.01,688.8
14717,26044.48,12232.0,68580.664,302.75,440.1,688.8
14718,145882.23,84613.0,35456.35,14507.78,202.12,688.8
14719,67242.56,17312.0,95402.58,454.99,689.49,688.9
14720,192831.52,98968.0,33762.68,27951.61,272.21,689.0
14721,179804.8,94722.0,41497.51,29915.16,361.86,689.0
14722,262143.0,107000.0,49808.43,25202.64,570.5,689.0
14723,10753.12,10341.0,22138.81,27.68,97.8,689.1
14724,221945.92,106938.0,50131.94,30838.98,308.07,689.1
14725,197412.33,95177.0,39437.082,19372.541,480.85,689.2
14726,240091.05,104373.0,62335.36,27380.71,638.96,689.3
14727,205440.48,104957.0,37527.16,23780.58,329.26,689.4
14728,168532.0,97167.0,21590.4,9174.19,213.53,689.4
14729,198654.4,88738.0,53363.582,38117.09,475.96,689.5
14730,222400.64,105842.0,54354.87,29589.92,384.68,689.5
14731,196875.84,98839.0,26823.65,27878.951,280.36,689.6
14732,188154.4,86891.0,37364.54,14384.95,327.63,689.7
14733,210527.52,108289.0,42528.59,7023.8003,319.48,689.7
14734,154809.77,89284.0,13968.0205,9667.24,86.39,689.8
14735,221167.52,97506.0,45748.12,22882.71,304.81,689.8
14736,176576.95,98880.0,29709.291,17232.53,135.29,689.8
14737,228223.52,107884.0,37091.2,25256.27,242.87,689.9
14738,164927.84,97163.0,34881.992,16561.291,166.26,690.0
14739,161183.69,94697.0,23808.26,8066.99,99.43,690.0
14740,116502.4,70848.0,39319.44,17073.371,267.32,690.0
14741,185411.52,101822.0,41073.66,25792.57,329.26,690.2
14742,189477.12,100021.0,17050.88,13443.83,221.68,690.2
14743,209718.88,98261.0,46512.78,15383.16,389.57,690.2
14744,74548.32,43589.0,30757.67,240.47,363.49,690.2
14745,89915.84,58593.0,22663.0,18690.92,104.32,690.3
14746,213489.92,102586.0,48561.1,20946.84,316.22,690.3
14747,146839.84,89371.0,19772.17,14096.04,92.909996,690.4
14748,166460.0,86677.0,35973.62,26813.27,373.27,690.4
14749,166698.56,89021.0,27436.07,13097.83,218.42,690.4
14750,173757.92,91234.0,40070.26,9134.4,273.84,690.4
14751,183610.56,96513.0,35828.3,12902.34,270.58,690.4
14752,131157.6,80665.0,23647.371,6058.46,251.02,690.4
14753,82016.48,33402.0,25614.38,7748.67,233.09,690.5
14754,148610.56,84756.0,29904.781,12440.43,251.02,690.6
14755,177133.6,96185.0,34136.36,13528.601,298.29,690.6
14756,196477.12,101088.0,31394.31,12511.36,182.56,690.6
14757,172816.0,91261.0,36065.31,5030.84,179.3,690.6
14758,234274.88,108295.0,30806.11,23664.67,277.1,690.6
14759,232884.97,107159.0,58017.28,18976.371,440.1,690.6
14760,160058.08,87101.0,33221.19,10182.78,239.61,690.7
14761,209671.84,87088.0,69848.75,19270.47,423.8,690.8
14762,224940.8,100524.0,41684.35,25972.49,358.6,690.8
14763,231520.8,103081.0,52401.7,15329.53,441.73,690.9
14764,129142.72,78825.0,18805.1,19350.05,158.11,690.9
14765,194196.8,100656.0,30387.451,20157.96,316.22,690.9
14766,262143.0,108948.0,41926.55,27463.75,343.93,691.0
14767,185096.8,95332.0,45530.14,16992.06,246.13,691.0
14768,184828.0,89786.0,55026.11,10347.13,340.67,691.0
14769,71495.2,47334.0,28866.781,8169.06,167.89,691.1
14770,161557.77,91765.0,21344.74,14962.7705,177.67,691.1
14771,201193.44,105885.0,39648.14,11283.061,277.1,691.1
14772,182340.48,95496.0,29193.75,17583.72,234.72,691.1
14773,230087.2,106013.0,55920.52,23903.41,467.81,691.2
14774,29740.48,18132.0,32302.56,-44.98,35.86,691.2
14775,193098.08,102349.0,31966.94,8689.79,216.79,691.2
14776,244705.44,100161.0,81998.54,28510.4,611.25,691.2
14777,185479.84,98684.0,57005.23,29365.02,469.44,691.3
14778,189520.8,97817.0,39783.082,34982.332,405.87,691.3
14779,188806.23,102332.0,48747.94,9937.12,198.86,691.4
14780,194440.95,104474.0,38034.05,24361.86,278.73,691.4
14781,190429.12,102840.0,28884.08,15140.96,330.88998,691.4
14782,194250.56,97463.0,38215.7,21524.66,251.02,691.4
14783,229578.72,105583.0,47703.02,19536.89,321.11,691.4
14784,90596.8,51291.0,27254.42,358.11002,327.63,691.5
14785,155338.4,87865.0,39056.48,13642.78,267.32,691.5
14786,183086.4,101177.0,30281.92,21976.19,316.22,691.5
14787,154122.08,88760.0,22910.39,4241.96,96.17,691.5
14788,203945.28,100008.0,36355.95,28140.18,353.71,691.5
14789,262143.0,97066.0,62696.93,19872.51,464.55,691.5
14790,237908.16,109397.0,55844.402,25875.61,311.33,691.6
14791,262143.0,113657.0,62710.77,23162.97,462.92,691.6
14792,181792.8,80512.0,43407.43,31620.94,405.87,691.6
14793,189841.12,95557.0,30183.31,21401.83,285.25,691.6
14794,30705.92,19342.0,6371.59,60.55,-55.42,691.6
14795,162608.33,92524.0,16992.06,13116.86,120.62,691.6
14796,193415.05,95399.0,43205.02,18163.27,237.98,691.7
14797,182590.23,100705.0,16921.13,11106.601,189.08,691.7
14798,29862.56,6685.0,75706.53,10.38,552.57,691.7
14799,189935.2,76697.0,32029.22,19140.72,368.38,691.7
14800,197693.44,96625.0,34670.93,19813.69,290.13998,691.7
14801,262143.0,100937.0,225157.77,133822.42,2110.85,691.8
14802,195656.16,91367.0,33828.42,23412.09,218.42,691.9
14803,256453.12,112208.0,56316.69,21325.71,383.05,691.9
14804,98458.08,45864.0,25631.68,155.7,203.75,691.9
14805,16931.041,6772.0,34311.09,62.28,293.4,692.1
14806,180041.12,95326.0,44948.86,22272.02,306.44,692.1
14807,186095.84,104571.0,37978.69,12938.67,254.28,692.1
14808,157376.8,87163.0,33863.02,16127.061,410.76,692.2
14809,262143.0,112020.0,52150.85,7805.7603,495.52,692.2
14810,249623.36,99866.0,75114.87,9303.94,749.8,692.3
14811,14865.76,6370.0,49024.742,22.49,174.41,692.3
14812,65508.8,37581.0,33174.48,375.41,451.51,692.4
14813,191607.36,104917.0,38149.96,8601.561,252.65,692.5
14814,195870.08,97220.0,26956.86,16824.25,337.41,692.5
14815,171608.64,94401.0,29937.65,8760.72,226.56999,692.5
14816,186438.56,103328.0,34792.03,10693.13,184.19,692.6
14817,158449.77,78164.0,46329.402,16969.57,342.3,692.6
14818,194689.6,90385.0,23827.291,19185.701,179.3,692.6
14819,177749.6,102829.0,21061.02,9473.48,241.24,692.7
14820,156628.64,83940.0,39988.95,12141.14,283.62,692.7
14821,207640.16,104896.0,37847.21,23472.64,264.06,692.8
14822,143167.36,90710.0,21678.63,6840.42,179.3,692.8
14823,118913.76,71301.0,25911.94,27071.041,197.23,692.8
14824,210445.77,93849.0,71775.97,18889.871,557.46,692.8
14825,208292.0,109905.0,48391.56,19633.77,415.65,692.9
14826,151132.8,93094.0,24012.4,14443.7705,177.67,692.9
14827,201287.52,95630.0,30774.97,11757.08,312.96,692.9
14828,232517.6,104574.0,28785.47,16234.32,389.57,693.0
14829,16393.44,13608.0,2999.82,20.76,44.01,693.0
14830,195974.23,88480.0,55984.53,19355.24,454.77,693.0
14831,191114.56,102657.0,35828.3,11269.22,355.34,693.0
14832,178494.4,86040.0,41888.492,20689.07,340.67,693.0
14833,183805.44,94845.0,32717.76,12585.75,195.6,693.1
14834,120004.64,78213.0,16192.8,12724.15,148.33,693.1
14835,174966.4,97607.0,25581.51,17599.291,189.08,693.1
14836,193324.33,97525.0,50095.61,17412.45,458.03,693.1
14837,262143.0,111476.0,63030.82,30124.49,580.27997,693.2
14838,238150.08,110948.0,51477.88,14722.3,467.81,693.2
14839,169541.12,92233.0,39350.582,9213.98,242.87,693.2
14840,216444.48,106699.0,39860.93,19990.15,298.29,693.3
14841,262143.0,87652.0,99386.77,36442.45,798.7,693.3
14842,176191.69,96513.0,39047.832,24671.53,273.84,693.4
14843,199337.6,101031.0,34475.44,13336.57,352.08,693.4
14844,195618.08,97617.0,27311.51,20104.33,254.28,693.4
14845,167353.77,99616.0,34231.51,15087.33,422.17,693.5
14846,174312.33,91816.0,46457.42,17692.71,340.67,693.5
14847,186821.6,98525.0,46822.45,9426.7705,251.02,693.5
14848,182673.12,97955.0,27294.21,13474.97,260.8,693.5
14849,215293.12,105276.0,40751.88,15063.11,254.28,693.5
14850,215830.72,102172.0,42909.19,20024.75,254.28,693.5
14851,202743.52,99201.0,28387.57,19618.201,167.89,693.6
14852,145531.69,84861.0,25207.83,10852.29,215.16,693.6
14853,195203.69,105732.0,36394.01,12324.5205,273.84,693.6
14854,219666.72,97308.0,61665.85,26167.98,422.17,693.6
14855,159464.48,83671.0,51676.832,21358.58,244.5,693.7
14856,262143.0,127563.0,152852.42,62574.1,1186.64,693.7
14857,188384.0,101801.0,32608.77,18374.33,241.24,693.7
14858,194722.08,103668.0,24910.27,7459.7603,257.54,693.8
14859,108519.04,61800.0,56205.97,406.55002,366.75,693.8
14860,120736.0,68273.0,49538.55,14997.37,526.49,693.8
14861,209091.69,95652.0,69661.914,13983.59,524.86,693.8
14862,66360.0,36033.0,28878.89,173.0,312.96,693.8
14863,71412.32,55369.0,7347.31,1894.35,109.21,693.9
14864,73708.32,20980.0,39397.29,230.09,855.75,693.9
14865,207794.72,105029.0,37784.93,21844.71,247.76,694.1
14866,125202.56,75723.0,30506.82,12369.5,140.18,694.1
14867,163177.28,91948.0,33750.57,14710.19,272.21,694.2
14868,169654.23,89124.0,28891.0,5162.32,169.52,694.2
14869,145601.12,89425.0,25458.68,12257.05,231.46,694.4
14870,194769.12,101861.0,30051.83,16204.91,228.2,694.4
14871,205465.12,104811.0,29031.13,13210.28,295.03,694.4
14872,167866.72,93239.0,38035.78,11027.0205,285.25,694.5
14873,225910.72,103953.0,49988.35,15317.42,249.39,694.5
14874,30677.92,12944.0,49612.94,240.47,348.82,694.6
14875,161196.0,95292.0,19230.68,10117.04,81.5,694.8
14876,113533.28,73010.0,23951.85,14416.09,174.41,694.8
14877,60644.64,32344.0,30318.25,522.46,228.2,694.9
14878,139031.2,84912.0,24612.71,15943.68,167.89,695.0
14879,195286.56,96636.0,49957.21,11338.42,308.07,695.1
14880,191215.36,99675.0,36926.85,14466.26,211.9,695.1
14881,86245.6,54829.0,24159.451,13620.29,167.89,695.1
14882,177999.36,98072.0,38281.44,9857.54,247.76,695.2
14883,222491.36,112642.0,38821.2,20137.201,226.56999,695.2
14884,172710.72,101670.0,32968.61,13435.18,334.15,695.3
14885,190667.69,97715.0,34700.34,20422.65,257.54,695.3
14886,195657.28,97525.0,22493.46,12955.97,296.66,695.4
14887,169426.88,91528.0,29802.71,14788.04,202.12,695.5
14888,189744.8,102576.0,32743.71,16781.0,288.51,695.5
14889,262143.0,102832.0,63887.17,31617.48,423.8,695.6
14890,223870.08,99813.0,36786.72,20450.33,166.26,695.6
14891,173057.92,91246.0,44106.35,19265.28,283.62,695.7
14892,191537.92,98197.0,29814.82,16789.65,290.13998,695.8
14893,163058.56,90299.0,38269.332,13388.47,224.94,695.8
14894,171775.52,98829.0,32056.9,13064.96,275.47,695.8
14895,136345.44,75649.0,23002.08,27214.63,272.21,695.9
14896,186562.88,102416.0,36293.67,6112.09,262.43,695.9
14897,169647.52,95747.0,27114.291,20690.8,295.03,695.9
14898,201078.08,105018.0,38617.06,18377.791,275.47,696.0
14899,129217.76,80797.0,28591.71,6131.12,226.56999,696.0
14900,176134.56,97040.0,22574.77,14442.04,145.06999,696.0
14901,221795.84,107440.0,44801.81,13736.2,381.42,696.0
14902,163879.52,98633.0,25550.371,15568.2705,242.87,696.1
14903,174667.36,92637.0,34411.43,11516.61,285.25,696.1
14904,208071.36,102504.0,50855.082,27887.6,436.84,696.1
14905,262143.0,107408.0,105908.875,14589.09,837.82,696.2
14906,144665.92,88746.0,50574.82,4887.25,321.11,696.2
14907,179568.48,91697.0,21848.17,11814.17,308.07,696.3
14908,262143.0,113999.0,80695.85,23256.39,508.56,696.3
14909,234311.84,103508.0,52225.242,17857.06,314.59,696.3
14910,207193.28,105102.0,43623.68,14765.55,332.52,696.3
14911,78132.32,49911.0,34997.9,354.65,356.97,696.3
14912,217984.48,104554.0,34710.72,21927.75,348.82,696.3
14913,183685.6,100616.0,25173.23,10572.03,88.02,696.3
14914,189232.95,104924.0,29569.16,8610.21,366.75,696.4
14915,96251.68,38681.0,55605.66,726.60004,456.4,696.4
14916,212952.33,101745.0,39162.01,13731.01,241.24,696.4
14917,201306.56,99659.0,35189.93,17351.9,291.77,696.4
14918,158712.95,88987.0,30723.07,15665.15,249.39,696.4
14919,161808.64,93505.0,24690.56,12225.91,301.55,696.4
14920,180545.12,98336.0,44602.86,13032.09,273.84,696.4
14921,160913.77,94800.0,31870.06,12718.96,376.53,696.5
14922,240892.97,112304.0,50976.18,17362.28,415.65,696.5
14923,191876.16,90458.0,34831.82,11504.5,229.83,696.5
14924,206594.08,93385.0,39750.21,16497.28,384.68,696.5
14925,95124.96,59324.0,40404.152,366.76,361.86,696.6
14926,204776.33,106188.0,31370.09,16933.24,334.15,696.6
14927,197854.72,91312.0,42628.93,18301.67,252.65,696.6
14928,262143.0,99252.0,124535.78,49183.902,1033.42,696.6
14929,262143.0,99704.0,73964.42,32695.27,519.97,696.6
14930,189533.12,101636.0,21932.94,17587.18,374.9,696.6
14931,176555.69,100004.0,36333.46,7535.88,236.35,696.6
14932,198048.48,103406.0,41431.77,18825.86,290.13998,696.7
14933,182418.88,100031.0,34894.1,14045.87,281.99,696.7
14934,262143.0,106322.0,69589.25,22301.43,572.13,696.7
14935,208341.28,104255.0,54448.29,6572.27,379.79,696.7
14936,160148.8,81938.0,57074.43,9539.22,461.29,696.7
14937,193780.16,99607.0,41649.75,10047.84,295.03,696.7
14938,156599.52,82980.0,39113.57,10812.5,339.04,696.7
14939,221007.36,102817.0,74059.57,16722.18,495.52,696.8
14940,262143.0,89589.0,97115.28,49311.92,857.38,696.9
14941,164566.08,93305.0,27515.65,10833.26,193.97,696.9
14942,179664.8,86705.0,50026.41,14961.04,400.98,696.9
14943,161980.0,86672.0,27223.281,11969.87,251.02,696.9
14944,262143.0,113245.0,72402.234,40334.95,658.52,696.9
14945,176164.8,90164.0,41571.902,15765.49,347.19,696.9
14946,171417.12,93677.0,27032.98,15422.95,329.26,697.0
14947,187276.33,92397.0,29709.291,10182.78,259.17,697.0
14948,215722.08,107681.0,47223.81,24725.16,436.84,697.0
14949,161528.64,93052.0,29228.35,6452.9,216.79,697.0
14950,262143.0,111901.0,98295.14,53711.312,612.88,697.0
14951,209677.44,102192.0,29648.74,16234.32,260.8,697.0
14952,196868.0,98772.0,34183.07,13172.22,169.52,697.0
14953,177415.84,95451.0,36897.44,7958.0,366.75,697.1
14954,262143.0,112154.0,87721.38,37483.91,500.41,697.1
14955,184885.12,93146.0,35989.19,12243.21,167.89,697.1
14956,179970.56,95819.0,20927.81,21415.67,94.54,697.1
14957,181946.23,92415.0,31020.63,16943.621,145.06999,697.1
14958,199991.69,102523.0,47607.87,16073.431,399.35,697.1
14959,192788.95,93256.0,42999.152,16182.42,218.42,697.1
14960,177051.84,104394.0,37103.31,23263.31,244.5,697.1
14961,262143.0,101567.0,81424.18,40680.95,787.29,697.1
14962,163945.6,88973.0,40348.79,32504.97,286.88,697.1
14963,208932.64,106324.0,61046.51,27103.91,316.22,697.1
14964,135235.52,82613.0,19455.58,10824.61,228.2,697.2
14965,262143.0,101337.0,104971.21,45310.43,647.11,697.2
14966,262143.0,102264.0,174012.05,151115.5,1576.21,697.2
14967,111811.84,69209.0,37025.46,19064.6,342.3,697.2
14968,257470.08,107241.0,61401.16,23989.91,489.0,697.3
14969,184074.23,93361.0,22910.39,26541.66,242.87,697.3
14970,262143.0,116297.0,141977.64,52640.44,986.15,697.3
14971,194809.44,108737.0,38399.082,20303.28,303.18,697.3
14972,218606.08,105248.0,44061.37,23102.42,399.35,697.3
14973,200381.44,104628.0,34428.73,16632.22,257.54,697.4
14974,220052.0,91464.0,34375.1,39272.73,430.32,697.4
14975,168818.72,92216.0,21842.98,9215.71,226.56999,697.4
14976,177975.84,89205.0,34470.25,13751.7705,337.41,697.4
14977,77953.12,45091.0,28716.27,12547.69,208.64,697.4
14978,262143.0,105433.0,48062.86,32870.0,433.58,697.4
14979,159471.2,87047.0,19446.93,15550.97,166.26,697.4
14980,165596.48,85164.0,38860.992,32626.07,417.28,697.4
14981,262143.0,98494.0,88409.92,42374.62,782.4,697.5
14982,215641.44,100358.0,42587.41,25155.93,326.0,697.5
14983,120989.12,74881.0,32401.17,8776.29,316.22,697.5
14984,215068.0,95512.0,67179.36,9440.61,471.07,697.5
14985,166330.08,96761.0,19099.201,11795.14,242.87,697.5
14986,193169.77,103629.0,22413.88,11407.62,127.14,697.5
14987,152395.05,78293.0,51285.85,38449.25,384.68,697.6
14988,229479.05,107229.0,40795.13,17127.0,215.16,697.6
14989,192236.8,99608.0,36279.832,12544.23,220.05,697.6
14990,161369.6,92819.0,41755.28,23602.39,391.2,697.6
14991,216118.56,109837.0,47689.18,18403.74,392.83,697.6
14992,152063.52,82600.0,36103.37,8959.67,176.04,697.6
14993,214823.84,99377.0,33034.35,15995.58,404.24,697.7
14994,262143.0,115007.0,244165.28,98127.33,2014.68,697.7
14995,158524.8,90816.0,30911.64,15376.24,290.13998,697.8
14996,187642.56,102725.0,23050.52,15819.12,312.96,697.8
14997,191049.6,104973.0,19156.291,10065.14,334.15,697.8
14998,210582.4,99862.0,56140.23,21208.07,417.28,697.9
14999,209743.52,105688.0,35297.19,14692.891,280.36,697.9
15000,187264.0,95720.0,22069.61,13653.16,177.67,698.0
15001,151372.48,81961.0,39570.29,18881.22,296.66,698.0
15002,184306.08,89890.0,41904.06,10565.11,316.22,698.0
15003,178760.95,100180.0,33653.69,11513.15,221.68,698.1
15004,253254.4,116125.0,76820.65,28463.69,581.91,698.1
15005,148671.05,83314.0,17229.07,15353.75,189.08,698.1
15006,190581.44,98925.0,44021.582,13538.98,285.25,698.1
15007,91441.28,56300.0,26936.1,9833.32,239.61,698.2
15008,243649.28,111803.0,54802.94,21154.44,373.27,698.2
15009,171412.64,95387.0,35406.18,14239.63,286.88,698.2
15010,202277.6,96083.0,35307.57,9914.63,301.55,698.3
15011,215876.64,104345.0,32790.42,21349.93,428.69,698.3
15012,262143.0,100688.0,167464.0,67179.36,1392.02,698.3
15013,178663.52,100846.0,33127.77,11769.19,244.5,698.4
15014,67943.68,40461.0,40786.48,278.53,396.09,698.4
15015,130418.4,76153.0,43296.71,23882.65,350.45,698.5
15016,194381.6,101653.0,24026.24,14993.91,117.36,698.5
15017,22560.16,8172.0,35689.902,70.93,239.61,698.6
15018,195493.77,99459.0,45464.402,23183.73,337.41,698.6
15019,183806.56,97950.0,16931.51,16801.76,172.78,698.6
15020,158682.72,83761.0,36971.832,12582.29,309.7,698.7
15021,224558.88,99485.0,49232.34,28797.58,342.3,698.7
15022,202180.16,98768.0,31871.791,22370.63,252.65,698.8
15023,178416.0,99218.0,47799.902,18185.76,396.09,698.8
15024,58950.082,35304.0,25225.13,159.16,293.4,698.8
15025,43190.56,25940.0,18699.57,67.47,198.86,698.9
15026,189567.84,101999.0,46959.12,12525.2,272.21,698.9
15027,160339.2,78513.0,40196.55,22342.951,321.11,699.0
15028,227805.77,105427.0,29889.21,19178.78,286.88,699.0
15029,134956.64,81177.0,25007.15,15628.82,179.3,699.0
15030,222163.2,96621.0,35669.14,16045.75,407.5,699.1
15031,170210.88,92481.0,44083.86,15680.72,374.9,699.1
15032,131570.88,63235.0,65316.152,584.74,547.68,699.2
15033,215247.2,106044.0,37515.05,17152.95,322.74,699.2
15034,262143.0,113323.0,56375.51,67909.42,441.73,699.3
15035,150726.23,92005.0,15595.95,10430.17,114.1,699.3
15036,209664.0,85280.0,191792.98,14066.63,1038.3099,699.3
15037,186206.72,101185.0,32748.9,15293.2,213.53,699.3
15038,262143.0,107987.0,51367.16,13016.5205,309.7,699.4
15039,262143.0,93597.0,52851.5,31674.57,570.5,699.4
15040,239457.12,103796.0,49661.38,21232.291,332.52,699.4
15041,161712.33,86212.0,19678.75,21214.99,321.11,699.4
15042,191093.28,100053.0,35722.77,19538.621,286.88,699.5
15043,184184.0,91817.0,47182.29,12871.2,356.97,699.5
15044,213549.28,104660.0,44912.53,21355.121,251.02,699.6
15045,76732.32,53436.0,31655.541,17765.371,278.73,699.7
15046,172005.12,96669.0,18870.84,11046.05,192.34,699.7
15047,149283.69,72739.0,50436.42,15967.9,291.77,699.7
15048,120220.8,70585.0,57769.89,21431.24,440.1,699.8
15049,191568.16,101124.0,35129.38,18744.55,298.29,699.8
15050,114580.484,67461.0,32217.791,19711.621,326.0,699.8
15051,214045.44,105571.0,54399.85,36153.54,379.79,699.8
15052,262143.0,92887.0,76981.54,35670.87,663.41,699.9
15053,193954.88,85536.0,42343.48,21317.06,182.56,699.9
15054,199142.72,99148.0,59108.91,19566.3,312.96,699.9
15055,152374.88,79828.0,38053.082,23803.07,215.16,700.0
15056,164466.4,79636.0,41248.39,12715.5,365.12,700.0
15057,188419.84,86376.0,60681.48,24903.35,384.68,700.0
15058,158396.0,77164.0,53270.16,17365.74,420.54,700.1
15059,147075.05,93213.0,20602.57,18645.94,177.67,700.1
15060,262143.0,107314.0,98404.13,19568.03,599.84,700.1
15061,262143.0,127902.0,218267.19,100568.36,1690.3099,700.1
15062,172042.08,101491.0,23201.03,9106.72,213.53,700.1
15063,176112.16,92584.0,32025.76,15486.96,290.13998,700.2
15064,262143.0,30124.0,262143.0,2245.54,2740.03,700.3
15065,157609.77,89869.0,27737.09,13118.59,138.55,700.4
15066,151664.8,94748.0,26536.47,12260.51,221.68,700.5
15067,157871.84,95092.0,16277.57,11149.851,101.06,700.5
15068,93033.92,62695.0,25339.31,14613.311,172.78,700.5
15069,143032.95,81878.0,19875.97,9559.98,91.28,700.5
15070,27852.16,22102.0,1648.6901,15.57,-13.04,700.5
15071,236654.88,101428.0,45255.07,29866.72,288.51,700.6
15072,188554.23,102241.0,25780.46,19453.85,233.09,700.6
15073,64215.2,41912.0,29861.531,126.29,273.84,700.6
15074,155404.48,85233.0,37200.19,20543.75,370.01,700.6
15075,198908.64,100557.0,36015.14,18594.041,308.07,700.7
15076,250932.64,103992.0,41414.47,31259.371,326.0,700.7
15077,130608.8,76877.0,31454.86,16812.14,247.76,700.7
15078,208277.44,90052.0,57501.742,60674.562,590.06,700.8
15079,165925.77,92880.0,31337.22,10656.8,317.85,700.8
15080,55733.44,37063.0,25202.64,231.82,216.79,700.8
15081,223199.2,101791.0,39348.85,16364.07,255.91,700.9
15082,136688.16,82500.0,22957.1,17874.36,154.85,700.9
15083,149439.36,80127.0,27733.63,20533.371,309.7,700.9
15084,155247.69,86934.0,25527.88,13070.15,259.17,700.9
15085,122902.08,72751.0,17900.31,5873.35,192.34,700.9
15086,181509.44,92229.0,26579.72,15929.84,277.1,701.0
15087,136670.23,79268.0,32574.17,12668.79,340.67,701.0
15088,226888.48,103388.0,58138.38,14563.141,373.27,701.0
15089,191759.69,102416.0,23318.67,16114.95,291.77,701.0
15090,205985.92,101656.0,37139.64,27446.451,350.45,701.0
15091,189399.84,101784.0,37750.332,15864.101,166.26,701.0
15092,192455.2,99704.0,36625.832,9686.2705,185.81999,701.0
15093,171105.77,86961.0,37143.1,14450.69,312.96,701.1
15094,227273.77,104261.0,83138.61,14755.17,536.27,701.1
15095,262143.0,95024.0,123274.61,56721.51,930.73,701.1
15096,201912.48,99162.0,41587.47,13383.28,386.31,701.1
15097,222598.88,94620.0,50595.582,17678.871,277.1,701.1
15098,173621.28,70116.0,60503.29,23528.0,547.68,701.1
15099,262143.0,112917.0,117515.44,61911.51,1015.49,701.2
15100,241765.44,107852.0,46836.29,17626.97,353.71,701.2
15101,262143.0,101581.0,100874.57,55583.17,766.1,701.2
15102,176984.64,88698.0,29152.23,22946.72,210.27,701.2
15103,229491.36,100988.0,112545.15,11033.94,801.96,701.2
15104,37008.16,11554.0,39357.5,-6.92,260.8,701.5
15105,64682.242,11616.0,87240.44,435.96,562.35,702.2
15106,187355.84,97941.0,35312.76,9338.54,190.71,702.3
15107,77331.52,24476.0,175368.38,603.77,886.72,702.5
15108,199506.72,99788.0,40450.86,19798.121,312.96,702.6
15109,18356.8,17176.0,4326.73,877.11,11.41,702.7
15110,197498.56,101653.0,31745.5,13468.05,257.54,703.0
15111,13460.16,12516.0,1172.9401,783.69,73.35,703.0
15112,167172.33,100223.0,25545.18,9431.96,311.33,703.1
15113,202911.52,101842.0,43469.71,22948.451,387.94,703.4
15114,126543.2,71093.0,25732.02,9063.47,229.83,703.5
15115,170134.72,91802.0,35674.332,17633.89,308.07,703.6
15116,72358.72,50047.0,18052.55,6202.0503,148.33,703.6
15117,184455.05,95796.0,34138.09,13739.66,247.76,703.7
15118,188843.2,93673.0,24979.47,18007.57,273.84,703.7
15119,184773.12,102412.0,33036.082,10551.2705,270.58,703.8
15120,11252.64,8329.0,4598.34,77.85,57.05,703.8
15121,210435.69,106920.0,31013.71,9989.0205,319.48,703.9
15122,209809.6,107450.0,28794.121,10502.83,283.62,703.9
15123,5483.52,5583.0,1887.43,3.46,66.83,704.0
15124,149161.6,89168.0,16739.48,6193.4,321.11,704.1
15125,122913.28,73965.0,29435.951,18621.72,254.28,704.2
15126,83480.32,39513.0,53965.62,366.76,335.78,704.2
15127,156303.84,89768.0,40994.082,17118.35,210.27,704.2
15128,166905.77,95624.0,26565.88,24176.75,327.63,704.3
15129,193548.33,96124.0,33624.28,15777.601,301.55,704.3
15130,152223.69,97289.0,19796.39,15999.04,208.64,704.4
15131,182392.0,94369.0,21967.541,13013.061,117.36,704.5
15132,187018.72,99320.0,27114.291,22394.85,319.48,704.7
15133,47847.52,43515.0,4868.22,1697.13,66.83,704.7
15134,94108.0,59538.0,29861.531,25408.51,221.68,704.8
15135,164267.05,91465.0,87999.914,22976.13,572.13,704.9
15136,186766.72,97632.0,44817.38,27185.22,469.44,705.0
15137,166746.72,97559.0,30032.8,9291.83,213.53,705.1
15138,262143.0,114602.0,67535.74,18225.55,508.56,705.1
15139,192253.6,100512.0,28906.57,18543.871,220.05,705.1
15140,181364.95,97788.0,33428.79,10824.61,140.18,705.2
15141,46744.32,14100.0,94650.03,121.1,378.16,705.2
15142,167560.95,90545.0,25190.531,28487.91,259.17,705.2
15143,239980.16,107716.0,24536.59,19986.69,345.56,705.3
15144,144939.2,88907.0,34741.86,19275.66,244.5,705.4
15145,164255.84,87650.0,25950.0,19490.18,239.61,705.5
15146,196702.23,94428.0,33897.62,13710.25,166.26,705.6
15147,145444.33,82357.0,31921.96,6378.5103,153.22,705.7
15148,188083.84,91843.0,52081.652,13800.21,448.25,705.7
15149,130919.04,71188.0,43933.35,13244.88,343.93,705.7
15150,262143.0,105531.0,81591.99,48334.47,682.97,705.8
15151,181924.95,100374.0,24060.84,14075.28,231.46,705.9
15152,19259.52,13472.0,18725.52,76.12,48.9,705.9
15153,183840.16,94092.0,33478.96,22573.041,293.4,705.9
15154,220305.12,100908.0,36925.12,22675.11,342.3,706.0
15155,154112.0,88241.0,27330.541,18946.96,257.54,706.1
15156,219793.28,104281.0,39971.652,22041.93,296.66,706.1
15157,238406.56,104488.0,56058.92,36440.72,376.53,706.3
15158,162805.44,93256.0,29641.82,12535.58,167.89,706.3
15159,262143.0,107908.0,53309.95,19348.32,536.27,706.4
15160,213790.08,102870.0,36850.73,16234.32,311.33,706.6
15161,25668.16,6868.0,53325.52,93.42,451.51,706.6
15162,130400.484,71351.0,32086.31,11020.101,262.43,706.6
15163,67034.24,49636.0,15132.311,667.78,875.31,706.6
15164,218715.84,94709.0,36255.61,22043.66,283.62,706.7
15165,108017.28,61289.0,16685.85,11530.45,190.71,706.7
15166,233793.28,102978.0,38829.85,27237.121,471.07,706.8
15167,262143.0,91804.0,46280.96,24669.8,428.69,706.8
15168,22723.68,12505.0,45642.59,8.65,231.46,706.8
15169,162899.52,83992.0,31645.16,19422.71,200.49,706.8
15170,217154.56,92569.0,51906.92,18049.09,391.2,706.8
15171,124984.164,75861.0,21528.121,12184.39,135.29,707.0
15172,153236.16,90945.0,39276.19,20415.73,405.87,707.0
15173,189890.4,85938.0,61133.01,15217.08,433.58,707.1
15174,206421.6,96313.0,40443.94,19099.201,291.77,707.1
15175,203263.2,104404.0,50197.68,15751.65,431.95,707.1
15176,195758.08,96020.0,50086.96,34963.3,391.2,707.2
15177,262143.0,104868.0,52246.0,38926.73,603.1,707.2
15178,15580.32,15279.0,2274.95,641.83,-26.08,707.2
15179,143178.56,86974.0,28188.621,5745.33,161.37,707.2
15180,211374.23,105384.0,37130.992,12694.74,203.75,707.3
15181,38170.72,9014.0,70836.58,141.86,386.31,707.3
15182,211971.2,98309.0,54683.57,20588.73,415.65,707.3
15183,178400.33,90878.0,38362.75,11227.7,244.5,707.3
15184,200513.6,102687.0,28972.31,14222.33,249.39,707.3
15185,201901.28,101993.0,29207.59,19166.67,347.19,707.4
15186,180772.48,102456.0,19486.72,16218.75,236.35,707.4
15187,160320.16,87821.0,26159.33,10464.7705,179.3,707.5
15188,116821.6,67404.0,26972.43,10279.66,151.59,707.5
15189,236523.84,116436.0,56714.59,31657.27,516.71,707.6
15190,228869.77,109773.0,36380.17,8058.3403,239.61,707.6
15191,182463.69,93926.0,29484.39,8307.46,275.47,707.6
15192,249408.33,108834.0,50970.992,23308.291,308.07,707.6
15193,255841.6,106244.0,77322.35,30076.05,531.38,707.7
15194,171362.23,90567.0,40850.492,22718.36,262.43,707.7
15195,250017.6,107232.0,58065.72,7483.98,441.73,707.7
15196,132142.08,79926.0,16926.32,14239.63,123.88,707.7
15197,231687.69,102017.0,43800.14,27072.77,435.21,707.7
15198,34060.32,22149.0,4805.94,79.58,8.15,707.8
15199,191565.92,102332.0,21362.041,11134.28,251.02,707.8
15200,190979.05,99544.0,32454.8,17512.791,236.35,708.0
15201,262143.0,89152.0,43827.82,14883.19,389.57,708.0
15202,184486.4,100161.0,27190.41,11966.41,241.24,708.0
15203,209092.8,99936.0,68468.21,15279.36,267.32,708.0
15204,262143.0,84923.0,81041.85,15346.83,645.48,708.1
15205,189147.84,94878.0,30403.02,20132.01,221.68,708.1
15206,200530.4,94561.0,43781.11,16974.76,249.39,708.1
15207,189618.23,94541.0,42779.44,18862.19,438.47,708.1
15208,190569.12,93952.0,47206.51,15499.07,374.9,708.1
15209,240257.92,106964.0,38625.71,19441.74,400.98,708.2
15210,222798.23,103833.0,41213.79,33631.2,446.62,708.2
15211,262143.0,95508.0,58316.57,41442.152,379.79,708.3
15212,176127.84,91594.0,40520.06,16716.99,154.85,708.3
15213,164945.77,90247.0,35053.26,8643.08,383.05,708.3
15214,10776.64,7993.0,4999.7,27.68,99.43,708.3
15215,207912.33,100333.0,47075.03,21045.451,304.81,708.3
15216,172578.56,92077.0,26564.15,14410.9,334.15,708.3
15217,164648.95,89053.0,18606.15,24828.96,286.88,708.3
15218,262143.0,114993.0,87543.19,9220.9,694.38,708.3
15219,74855.2,39445.0,30634.84,290.64,192.34,708.3
15220,181219.36,95041.0,30598.51,17137.38,306.44,708.3
15221,23787.68,23044.0,2345.8801,2408.16,17.93,708.4
15222,262143.0,123262.0,79010.83,22891.36,629.18,708.4
15223,184765.28,98054.0,26775.21,16808.68,229.83,708.4
15224,242132.8,110027.0,38937.11,27859.92,444.99,708.4
15225,197232.0,98542.0,50863.73,9994.21,378.16,708.5
15226,179693.92,100461.0,34055.05,12625.54,242.87,708.5
15227,212814.56,102648.0,44552.69,20002.26,435.21,708.6
15228,232256.64,97672.0,36944.152,28923.871,371.63998,708.6
15229,245096.33,102704.0,40957.75,27437.8,376.53,708.6
15230,213385.77,101113.0,33461.66,19754.871,270.58,708.6
15231,38921.12,22529.0,10532.24,19.03,26.08,708.6
15232,197355.2,94337.0,41251.85,16130.5205,234.72,708.6
15233,179565.12,90127.0,43722.29,17969.51,228.2,708.6
15234,181530.72,100169.0,36438.992,8577.34,156.48,708.7
15235,262143.0,107496.0,72275.94,69123.88,938.88,708.7
15236,226291.52,99320.0,51360.242,12002.74,430.32,708.7
15237,262143.0,114841.0,128154.945,53488.14,718.83,708.7
15238,206199.84,101704.0,39362.69,13250.07,234.72,708.7
15239,245477.12,108132.0,48727.18,16928.05,340.67,708.8
15240,262143.0,93911.0,90991.08,43935.082,575.39,709.0
15241,173691.84,95597.0,26673.14,8871.44,193.97,709.0
15242,8798.72,5928.0,18448.72,-27.68,55.42,709.0
15243,163826.88,94968.0,22836.0,8419.91,195.6,709.1
15244,181280.95,94065.0,42580.492,20631.98,402.61,709.3
15245,195781.6,106008.0,23917.25,16588.97,164.63,709.4
15246,203735.84,110601.0,22465.78,21694.201,312.96,709.5
15247,169047.2,96330.0,27321.89,13878.061,185.81999,709.5
15248,200307.52,98865.0,20960.68,16530.15,177.67,709.6
15249,186719.69,97001.0,32991.1,13371.17,244.5,709.8
15250,37206.4,25909.0,16748.13,81.31,133.66,709.9
15251,155778.56,88976.0,29394.43,10610.09,138.55,709.9
15252,133238.56,76694.0,42722.35,20540.291,425.43,710.0
15253,193175.36,103956.0,31930.611,18339.73,210.27,710.0
15254,83221.6,53877.0,29868.451,8328.22,339.04,710.0
15255,110817.28,64273.0,60425.44,465.37,604.73,710.2
15256,187705.28,104785.0,19289.5,15831.23,316.22,710.3
15257,91729.12,43001.0,62300.76,423.85,524.86,710.4
15258,199176.33,98341.0,59202.332,22754.69,259.17,710.4
15259,128233.28,73849.0,34496.2,17092.4,295.03,710.4
15260,199832.64,101820.0,21059.291,16471.33,295.03,710.5
15261,22050.56,15364.0,10307.34,-32.87,84.76,710.6
15262,182385.28,94448.0,34008.34,3001.55,180.93,710.7
15263,175964.33,96113.0,27737.09,13090.91,215.16,710.8
15264,174961.92,99772.0,28219.76,24605.791,192.34,711.2
15265,190196.16,102969.0,24751.11,17018.01,247.76,711.5
15266,142442.72,78650.0,34074.082,28169.59,396.09,711.6
15267,145733.28,79072.0,19446.93,14384.95,169.52,711.7
15268,107499.84,66205.0,20349.99,12552.88,135.29,711.7
15269,81485.6,55128.0,18417.58,12592.67,268.95,711.8
15270,74117.12,43552.0,24017.59,129.75,379.79,711.8
15271,170209.77,93549.0,22915.58,13071.88,99.43,711.9
15272,201304.33,106693.0,46578.52,18635.56,339.04,711.9
15273,196657.44,98260.0,56340.91,12808.92,356.97,712.0
15274,227859.52,93886.0,38485.582,29591.65,472.7,712.0
15275,74879.84,47317.0,24533.13,15419.49,179.3,712.1
15276,25548.32,17715.0,4385.55,-6.92,24.45,712.1
15277,196331.52,90512.0,44658.22,18431.42,249.39,712.1
15278,178624.33,99885.0,22188.98,18446.99,163.0,712.2
15279,191349.77,102912.0,25219.94,14774.2,138.55,712.2
15280,154103.05,94423.0,32203.951,13203.36,234.72,712.2
15281,222059.05,107053.0,42577.03,20998.74,386.31,712.3
15282,32305.28,16293.0,17408.99,108.99,472.7,712.3
15283,196888.16,100509.0,52979.52,20419.19,278.73,712.3
15284,236261.77,110514.0,35764.29,25683.58,322.74,712.4
15285,199844.95,95519.0,57683.39,14628.88,420.54,712.4
15286,195058.08,102657.0,23567.791,5209.0303,231.46,712.4
15287,185736.33,96777.0,29373.67,15632.28,192.34,712.5
15288,208891.2,95241.0,33389.0,19213.38,265.69,712.5
15289,166829.6,89194.0,34430.46,13144.54,211.9,712.7
15290,186523.69,99212.0,19732.38,11163.69,179.3,712.7
15291,216875.69,102054.0,26083.21,23280.61,314.59,712.7
15292,164193.12,90142.0,29143.58,12440.43,148.33,712.8
15293,194260.64,99340.0,36485.7,17912.42,283.62,712.9
15294,211822.23,104627.0,23614.5,31114.05,251.02,713.0
15295,159611.2,95203.0,19109.58,13101.29,200.49,713.1
15296,151063.36,87941.0,35447.7,4207.36,220.05,713.1
15297,126482.72,82476.0,17796.51,14580.44,110.84,713.1
15298,166720.95,90401.0,28389.3,13232.7705,140.18,713.2
15299,178334.23,98706.0,21054.1,8397.42,252.65,713.2
15300,204182.72,91150.0,32783.5,10867.86,283.62,713.2
15301,197887.2,101051.0,34240.16,23867.08,218.42,713.3
15302,174320.16,97393.0,26178.36,14694.62,149.96,713.4
15303,231455.84,108263.0,50868.92,25003.69,428.69,713.4
15304,181748.0,91809.0,37667.29,12682.63,205.38,713.4
15305,144568.48,84672.0,23152.59,11037.4,109.21,713.4
15306,164480.95,90848.0,25712.99,12023.5,136.92,713.4
15307,233968.0,108332.0,52356.72,25173.23,314.59,713.5
15308,135895.2,81089.0,15225.73,8925.07,267.32,713.5
15309,184693.6,96256.0,40706.902,15843.34,210.27,713.6
15310,61405.12,38417.0,31032.74,230.09,270.58,713.6
15311,150530.23,91173.0,22853.3,12559.8,169.52,713.6
15312,204457.12,102245.0,36475.32,17462.621,231.46,713.7
15313,188610.23,101140.0,35904.42,16850.2,303.18,713.7
15314,178143.84,78180.0,37651.72,22714.9,409.13,713.7
15315,7986.72,7797.0,3167.6301,1207.54,-1.63,713.7
15316,233583.84,108889.0,50983.1,30837.25,312.96,713.7
15317,196002.23,94243.0,24867.02,15525.0205,285.25,713.8
15318,228812.64,105546.0,53906.8,18763.58,311.33,713.8
15319,127923.04,72806.0,47960.79,13272.561,374.9,713.8
15320,172432.95,92540.0,32883.84,12954.24,241.24,713.9
15321,127515.36,74456.0,45583.77,14267.311,368.38,713.9
15322,203097.44,93872.0,29503.42,19296.42,249.39,713.9
15323,220954.72,104588.0,46623.5,4712.52,259.17,713.9
15324,249508.0,115809.0,83119.58,26998.38,542.79,713.9
15325,220430.56,103944.0,44471.38,12706.851,295.03,713.9
15326,170216.48,95000.0,31873.52,11400.7,301.55,714.0
15327,201752.33,94788.0,55763.09,19818.88,456.4,714.0
15328,262143.0,100925.0,59622.72,39549.53,593.32,714.0
15329,178908.8,93424.0,29690.26,10158.561,389.57,714.0
15330,180305.44,92900.0,29486.121,12604.78,272.21,714.0
15331,245034.72,105301.0,68599.69,16059.59,510.19,714.1
15332,195956.33,102911.0,42964.55,18263.61,268.95,714.1
15333,222551.84,110472.0,45825.97,23391.33,440.1,714.1
15334,139345.92,77285.0,41706.84,19568.03,335.78,714.1
15335,165301.92,66706.0,78858.59,44220.53,769.36,714.1
15336,178627.69,95294.0,38343.72,21605.97,334.15,714.2
15337,187099.36,75988.0,54557.28,28797.58,666.67,714.2
15338,231048.16,104445.0,63757.42,13485.351,389.57,714.2
15339,175426.72,98810.0,21910.451,12080.59,193.97,714.2
15340,215119.52,98316.0,43942.0,20808.44,249.39,714.3
15341,195883.52,94460.0,52858.42,22081.72,345.56,714.4
15342,262143.0,108384.0,75779.19,40319.38,552.57,714.4
15343,169192.8,95776.0,32622.611,14026.84,228.2,714.4
15344,189529.77,98341.0,21554.07,15703.21,270.58,714.4
15345,190991.36,97196.0,40018.36,10134.34,278.73,714.4
15346,186012.95,102037.0,30174.66,22417.34,290.13998,714.4
15347,208848.64,102972.0,29576.08,20907.05,233.09,714.5
15348,188944.0,98518.0,37118.88,33295.582,208.64,714.5
15349,153611.36,88323.0,21438.16,5068.9,159.74,714.5
15350,237218.23,112707.0,47121.742,17350.17,394.46,714.5
15351,242074.56,106834.0,73890.03,61423.652,583.54,714.6
15352,221809.28,103010.0,37516.78,21626.73,218.42,714.6
15353,237804.0,102920.0,78740.95,25484.63,515.08,714.6
15354,237909.28,107209.0,66816.06,24463.93,412.38998,714.6
15355,227411.52,109325.0,63615.562,16007.69,433.58,714.6
15356,251338.08,102396.0,42231.03,50057.55,472.7,714.7
15357,214761.12,95992.0,64793.69,14177.351,409.13,714.7
15358,215876.64,99616.0,82906.79,11016.64,335.78,714.7
15359,262143.0,134658.0,84802.87,25773.541,718.83,714.7
15360,184070.88,92636.0,25124.791,17242.91,244.5,714.8
15361,203594.72,107369.0,35644.92,18865.65,291.77,714.8
15362,186446.4,94473.0,32190.111,12755.29,345.56,714.8
15363,254489.77,101404.0,50477.94,18530.03,355.34,714.8
15364,262143.0,115565.0,111368.75,52188.91,779.14,714.8
15365,125263.04,65944.0,38674.152,22562.66,281.99,714.9
15366,182863.52,102539.0,28681.67,8222.69,257.54,714.9
15367,27303.36,10746.0,51464.04,-6.92,412.38998,714.9
15368,176328.33,95191.0,37113.69,18604.42,283.62,715.0
15369,155441.44,86732.0,32210.871,15592.49,247.76,715.3
15370,173727.69,93505.0,30467.031,15149.61,275.47,715.4
15371,208339.05,106101.0,24422.41,23154.32,277.1,715.5
15372,140836.64,75128.0,48254.89,30529.31,373.27,715.5
15373,108666.88,58544.0,22285.86,16085.54,203.75,715.5
15374,165052.16,98429.0,19549.0,12366.04,166.26,715.6
15375,192535.84,105756.0,28384.11,14606.391,208.64,715.6
15376,165910.08,90225.0,36605.07,8338.6,303.18,715.7
15377,59025.12,31086.0,47381.242,5511.7803,326.0,715.7
15378,95829.44,60496.0,24100.63,22436.371,339.04,715.8
15379,10418.24,9629.0,1252.52,1178.13,57.05,715.8
15380,148622.88,78930.0,26548.58,22758.15,296.66,715.9
15381,200435.2,104773.0,31562.121,14585.63,301.55,716.1
15382,179870.88,90062.0,31825.08,14108.15,252.65,716.1
15383,196935.2,97173.0,34193.45,18145.97,213.53,716.1
15384,218837.92,106737.0,40122.16,32501.51,296.66,716.1
15385,186515.84,97712.0,26674.871,10904.19,220.05,716.2
15386,177242.23,91379.0,29973.98,18794.72,237.98,716.3
15387,128589.44,77080.0,12808.92,23460.53,125.51,716.3
15388,181149.92,99348.0,25790.84,7864.58,255.91,716.3
15389,170496.48,90095.0,31186.71,15734.351,84.76,716.4
15390,202399.69,101779.0,31081.18,9681.08,198.86,716.4
15391,160688.64,88129.0,29859.8,23290.99,184.19,716.5
15392,113610.56,58301.0,39900.72,1771.52,303.18,716.5
15393,187356.95,95856.0,33601.79,18344.92,260.8,716.6
15394,216479.2,97917.0,47486.77,20666.58,343.93,716.7
15395,150978.23,90160.0,17031.85,6771.22,167.89,716.7
15396,197169.28,102936.0,48246.242,22799.67,368.38,716.7
15397,238338.23,102807.0,60205.73,11350.53,629.18,716.8
15398,104680.8,65921.0,19619.93,12345.28,97.8,716.8
15399,189445.77,100369.0,31036.201,4179.68,180.93,716.9
15400,13903.68,13018.0,33420.14,36.33,86.39,716.9
15401,41177.92,23462.0,17666.76,183.38,102.69,716.9
15402,170148.16,95056.0,37641.34,14120.26,272.21,716.9
15403,200720.8,99029.0,40838.38,9297.0205,247.76,717.0
15404,15686.72,6057.0,77439.99,25.95,314.59,717.0
15405,172037.6,103328.0,19180.51,12262.24,220.05,717.1
15406,176459.36,95655.0,32084.58,8284.97,224.94,717.1
15407,238573.44,109025.0,61017.1,24571.19,353.71,717.1
15408,164700.48,94592.0,29425.57,11276.14,128.77,717.1
15409,124729.92,75850.0,29233.541,21810.11,303.18,717.1
15410,180128.48,95944.0,25993.25,16348.5,110.84,717.1
15411,204330.56,105189.0,43782.84,14663.48,255.91,717.2
15412,247422.56,100228.0,65546.24,24822.041,402.61,717.2
15413,214441.92,100773.0,52526.26,21746.1,376.53,717.3
15414,184214.23,96500.0,44807.0,19007.51,347.19,717.3
15415,190410.08,104308.0,43073.54,16879.61,216.79,717.3
15416,171333.12,92077.0,25626.49,11784.76,91.28,717.3
15417,159996.48,92902.0,31992.89,21870.66,101.06,717.4
15418,132741.28,79625.0,28328.75,9925.01,270.58,717.4
15419,209552.0,97741.0,39264.082,26429.21,264.06,717.4
15420,232375.36,107236.0,35615.51,20711.56,226.56999,717.5
15421,262143.0,116077.0,128564.95,40514.87,829.67,717.5
15422,190458.23,96814.0,23109.34,18417.58,208.64,717.6
15423,96149.76,53774.0,45028.44,333.89,273.84,717.7
15424,241093.44,106613.0,42931.68,22938.07,337.41,717.7
15425,188754.72,99868.0,39713.88,29740.43,280.36,717.8
15426,167829.77,96845.0,17516.25,9829.86,151.59,717.8
15427,204015.84,101172.0,24292.66,12409.29,275.47,718.0
15428,153623.69,91613.0,21187.31,6916.54,163.0,718.0
15429,169195.05,90925.0,48322.36,18163.27,319.48,718.1
15430,174118.56,96698.0,29228.35,15267.25,334.15,718.1
15431,196712.33,96714.0,48414.05,11860.88,337.41,718.2
15432,205666.72,106580.0,40949.1,19280.85,254.28,718.2
15433,190538.88,93630.0,50208.062,23254.66,229.83,718.3
15434,140320.33,85940.0,29396.16,15575.19,190.71,718.3
15435,172086.88,100841.0,27680.0,18564.63,270.58,718.3
15436,196062.72,103626.0,40694.79,18472.94,306.44,718.3
15437,160693.12,93683.0,31219.58,4721.17,197.23,718.4
15438,86293.76,52510.0,35461.54,204.14,387.94,718.4
15439,242040.97,111824.0,54216.47,13722.36,335.78,718.4
15440,191960.16,97921.0,35195.12,9444.07,141.81,718.4
15441,148658.72,87125.0,16563.02,11573.7,174.41,718.5
15442,125397.44,75600.0,22875.791,11817.63,211.9,718.5
15443,208512.64,104302.0,25801.22,14961.04,166.26,718.5
15444,196157.92,93909.0,43452.41,29802.71,358.6,718.6
15445,214173.12,102829.0,32510.16,19896.73,251.02,718.8
15446,152236.0,74431.0,27801.1,20818.82,296.66,719.0
15447,168852.33,82133.0,45147.81,19251.44,281.99,719.0
15448,165931.36,97209.0,26349.63,5911.41,169.52,719.0
15449,193147.36,109074.0,28897.92,16410.78,107.58,719.1
15450,116951.52,67366.0,18305.13,24109.28,309.7,719.1
15451,151198.88,85842.0,43765.54,17578.53,337.41,719.1
15452,180354.72,97204.0,27837.43,13161.84,224.94,719.2
15453,172205.6,96466.0,19448.66,12194.7705,213.53,719.2
15454,184990.4,95900.0,26387.69,12004.47,255.91,719.3
15455,128321.76,76308.0,26174.9,8483.92,184.19,719.3
15456,166492.48,83617.0,36605.07,7812.68,211.9,719.3
15457,198658.88,99728.0,35970.16,13658.351,361.86,719.3
15458,186300.8,99369.0,34897.56,25038.291,273.84,719.3
15459,207472.16,107220.0,37323.02,17625.24,343.93,719.3
15460,128918.72,64529.0,28984.42,21114.65,322.74,719.3
15461,171782.23,96839.0,28159.21,11509.69,88.02,719.3
15462,184101.12,100781.0,38416.38,14372.84,281.99,719.4
15463,233611.84,100339.0,45255.07,29602.031,366.75,719.4
15464,133341.6,77463.0,28250.9,8368.01,149.96,719.5
15465,209556.48,104629.0,29863.26,17962.59,226.56999,719.5
15466,189053.77,97312.0,43066.62,9342.0,466.18,719.5
15467,194527.2,97386.0,45358.87,11776.11,438.47,719.5
15468,167783.84,89848.0,19920.951,12390.26,208.64,719.6
15469,158045.44,87846.0,32482.48,14838.21,239.61,719.6
15470,207716.33,98025.0,35721.04,12570.18,280.36,719.6
15471,165952.64,90789.0,25834.09,12720.69,159.74,719.6
15472,223957.44,107971.0,39044.37,27974.1,273.84,719.6
15473,158100.33,83620.0,44177.28,13369.44,241.24,719.6
15474,224991.2,112139.0,29235.27,10828.07,247.76,719.6
15475,214921.28,110908.0,39623.92,20277.33,249.39,719.7
15476,177474.08,99614.0,32921.9,10494.18,224.94,719.7
15477,168667.52,97810.0,37828.18,10783.09,255.91,719.8
15478,246161.44,108144.0,37887.0,16711.8,251.02,719.8
15479,94927.84,60600.0,28017.35,10473.42,280.36,719.8
15480,251912.64,107190.0,53476.03,32662.4,326.0,719.8
15481,183220.8,97823.0,26005.36,10072.061,285.25,719.9
15482,208140.8,107086.0,32049.98,19882.89,317.85,719.9
15483,201971.84,96717.0,30970.46,20853.42,363.49,719.9
15484,226609.6,105663.0,29596.84,19687.4,275.47,719.9
15485,261260.16,106365.0,43602.92,11968.14,495.52,720.0
15486,166224.8,89141.0,37871.43,3681.44,358.6,720.0
15487,206376.8,102853.0,32273.15,6388.89,283.62,720.1
15488,215040.0,100292.0,29083.031,17537.01,342.3,720.2
15489,137836.16,83166.0,20517.8,21626.73,117.36,720.3
15490,234662.4,110160.0,34037.75,32184.92,321.11,720.3
15491,193157.44,105728.0,35018.66,16215.29,197.23,720.5
15492,228916.8,106168.0,54678.38,25616.11,304.81,720.5
15493,202615.84,103882.0,25789.11,11757.08,190.71,720.6
15494,98404.32,52044.0,43078.73,373.68,241.24,720.6
15495,220156.16,94960.0,51711.43,24114.47,462.92,720.6
15496,8277.92,8369.0,1875.3201,389.25,-9.78,720.7
15497,248180.8,101454.0,49983.16,23585.09,272.21,720.7
15498,262143.0,107749.0,88684.99,43660.01,658.52,720.7
15499,229283.05,106848.0,22185.52,12424.86,179.3,720.8
15500,236256.16,101184.0,50998.67,20185.64,446.62,720.9
15501,202302.23,100036.0,46507.59,17516.25,339.04,720.9
15502,182017.92,83045.0,33293.85,17715.2,418.91,720.9
15503,186154.08,97833.0,31027.55,16469.6,330.88998,721.0
15504,262143.0,100801.0,66020.26,36944.152,611.25,721.0
15505,242753.28,100129.0,62316.332,18216.9,529.75,721.1
15506,192584.0,95971.0,52868.8,19772.17,374.9,721.2
15507,172612.16,96105.0,32186.65,5378.57,280.36,721.2
15508,217562.23,100756.0,40561.582,19855.21,332.52,721.3
15509,205702.56,107285.0,45471.32,10798.66,420.54,721.3
15510,183238.72,98093.0,21375.88,5234.98,153.22,721.3
15511,178525.77,97109.0,37840.29,13900.55,237.98,721.3
15512,207790.23,98483.0,32485.94,11708.64,291.77,721.4
15513,212002.56,95742.0,45044.01,19119.96,226.56999,721.4
15514,262143.0,119456.0,54045.2,30108.92,469.44,721.4
15515,209955.2,102089.0,42625.47,16903.83,324.37,721.4
15516,239675.52,97137.0,59787.07,35113.81,446.62,721.5
15517,262143.0,105868.0,101135.805,62499.71,893.24,721.6
15518,247842.56,107980.0,50138.86,18857.0,321.11,721.7
15519,190482.88,101756.0,19242.791,9684.54,164.63,721.7
15520,242729.77,96783.0,48869.04,20661.39,402.61,721.8
15521,143786.72,86380.0,21413.94,5229.79,151.59,721.8
15522,232935.36,110092.0,40018.36,18104.451,322.74,721.8
15523,186183.2,84971.0,45940.152,14166.97,290.13998,721.8
15524,191405.77,100317.0,45644.32,17433.21,360.23,721.9
15525,151164.16,90429.0,25877.34,19050.76,182.56,721.9
15526,206377.92,100129.0,33814.582,16241.24,218.42,721.9
15527,199120.33,103444.0,31143.46,8918.15,234.72,721.9
15528,165266.08,89081.0,27498.35,32596.66,371.63998,722.0
15529,152193.44,85777.0,17445.32,10947.44,226.56999,722.0
15530,139608.0,83384.0,16108.03,11476.82,167.89,722.0
15531,99160.32,62056.0,35880.2,17498.95,262.43,722.0
15532,159333.44,93804.0,27157.541,16623.57,182.56,722.1
15533,236072.48,106416.0,56093.52,34158.85,356.97,722.1
15534,186089.12,101953.0,31110.59,12556.34,195.6,722.1
15535,183136.8,103535.0,28987.88,19050.76,226.56999,722.1
15536,192995.05,101963.0,26624.701,26808.08,236.35,722.1
15537,186496.8,98506.0,37746.87,12163.63,193.97,722.1
15538,171302.88,100287.0,19685.67,7634.49,187.45,722.2
15539,212644.33,109056.0,44578.64,6330.0703,467.81,722.2
15540,262143.0,93713.0,142711.16,92369.89,1393.65,722.2
15541,185528.0,95269.0,44447.16,25214.75,327.63,722.2
15542,262143.0,98288.0,92077.52,35186.47,803.59,722.3
15543,227604.16,103744.0,44267.242,16085.54,296.66,722.3
15544,195294.4,102999.0,26020.93,14564.87,332.52,722.3
15545,74761.12,15964.0,170131.66,323.51,1121.44,722.5
15546,125412.0,83697.0,29107.25,10274.47,265.69,722.6
15547,155562.4,70928.0,60293.96,35999.57,508.56,722.8
15548,206430.56,101708.0,51415.6,18893.33,405.87,722.8
15549,207449.77,99656.0,39580.67,18206.52,254.28,722.9
15550,152253.92,91696.0,32466.91,6987.47,190.71,722.9
15551,150523.52,84332.0,33714.242,11314.2,213.53,723.0
15552,162463.84,88377.0,19766.98,11303.82,226.56999,723.0
15553,191200.8,104289.0,36492.62,21836.06,365.12,723.0
15554,150620.95,87322.0,14897.03,23349.81,226.56999,723.1
15555,200481.12,101658.0,30617.541,14903.95,257.54,723.1
15556,208407.36,99225.0,49453.78,26017.47,436.84,723.2
15557,5079.2,5429.0,302.75,475.75,-32.6,723.2
15558,167709.92,94117.0,32401.17,18867.38,366.75,723.2
15559,21920.64,5889.0,35359.47,17.3,295.03,723.2
15560,262143.0,100761.0,66252.08,24976.01,616.14,723.2
15561,111283.2,69218.0,24886.05,23522.81,254.28,723.2
15562,196894.88,100303.0,25766.621,11343.61,298.29,723.3
15563,198861.6,101547.0,41905.79,23156.05,254.28,723.4
15564,262143.0,102209.0,88501.61,34567.13,562.35,723.4
15565,168081.77,80264.0,65843.8,31655.541,475.96,723.5
15566,260039.36,108773.0,46722.11,25808.14,396.09,723.5
15567,13219.36,11993.0,6319.69,107.26,35.86,723.6
15568,100503.2,56418.0,55398.062,238.74,422.17,723.7
15569,101746.4,64328.0,26020.93,7272.92,241.24,723.8
15570,89027.68,57280.0,23541.84,13827.891,205.38,723.8
15571,262143.0,106171.0,63876.79,40720.742,563.98,723.8
15572,166995.36,90009.0,31627.86,19574.951,327.63,723.9
15573,220580.64,104132.0,44507.71,12362.58,324.37,724.0
15574,182323.69,93385.0,31819.89,11535.64,262.43,724.0
15575,215005.28,104205.0,40853.95,9454.45,306.44,724.0
15576,223434.4,107737.0,52993.36,8771.1,285.25,724.1
15577,49910.56,19201.0,60075.98,147.05,427.06,724.1
15578,201326.72,102049.0,29418.65,26462.08,198.86,724.2
15579,200784.64,107196.0,32176.27,10395.57,180.93,724.2
15580,193531.52,99912.0,42417.87,21045.451,337.41,724.3
15581,254666.72,95029.0,45820.78,12398.91,237.98,724.3
15582,10702.72,8213.0,2942.73,6.92,78.24,724.3
15583,193404.95,105885.0,20254.84,15021.59,241.24,724.3
15584,196544.33,103696.0,36333.46,6776.41,215.16,724.4
15585,193380.33,100843.0,31210.93,16357.15,200.49,724.4
15586,197977.92,105953.0,32620.88,11783.03,343.93,724.4
15587,193844.0,99869.0,30088.16,23382.68,228.2,724.5
15588,155890.56,84238.0,45452.29,28185.16,290.13998,724.5
15589,160268.64,93309.0,23728.68,13286.4,210.27,724.5
15590,182365.12,97281.0,34430.46,26652.38,306.44,724.6
15591,198424.8,101705.0,26190.47,29965.33,200.49,724.6
15592,186060.0,96281.0,30351.121,14151.4,166.26,724.6
15593,108590.72,64252.0,15457.55,19237.6,172.78,724.6
15594,148937.6,76082.0,37758.98,27361.68,443.36,724.6
15595,182437.92,99097.0,30275.0,16976.49,213.53,724.7
15596,41680.8,24523.0,16782.73,88.23,154.85,724.7
15597,128111.2,64920.0,51355.05,439.42,396.09,724.7
15598,168822.08,89469.0,33300.77,9198.41,365.12,724.7
15599,173662.72,97444.0,27363.41,13295.05,257.54,724.8
15600,180495.84,100390.0,24508.91,5695.16,118.99,724.8
15601,182099.69,99652.0,28254.36,7411.3203,180.93,724.8
15602,184357.6,88900.0,57602.082,12023.5,430.32,724.8
15603,161599.2,90410.0,25761.43,14431.66,210.27,724.8
15604,204069.6,105784.0,45934.96,18619.99,275.47,724.9
15605,262143.0,110525.0,63935.61,26145.49,327.63,724.9
15606,79828.0,42633.0,29403.08,176.46,299.92,724.9
15607,196398.72,99736.0,47801.63,51211.46,387.94,724.9
15608,172053.28,96113.0,31461.781,18659.78,290.13998,724.9
15609,223982.08,112773.0,47825.85,18090.61,417.28,724.9
15610,258058.08,107923.0,79571.35,40411.07,731.87,725.0
15611,48539.68,43056.0,8952.75,3086.32,47.27,725.0
15612,180464.48,97973.0,34181.34,13779.45,268.95,725.0
15613,244789.44,103533.0,66978.68,27484.51,590.06,725.0
15614,62317.92,27405.0,29889.21,117.64,1183.38,725.1
15615,152944.95,89529.0,18426.23,14640.99,78.24,725.1
15616,205938.88,104215.0,32667.59,17384.77,378.16,725.1
15617,139068.16,76543.0,38604.95,25614.38,431.95,725.2
15618,186805.92,97894.0,25747.59,13985.32,299.92,725.2
15619,211576.95,100942.0,59762.85,30003.39,621.02997,725.2
15620,251193.6,114156.0,81858.414,37904.3,629.18,725.2
15621,262143.0,109971.0,108688.984,64129.37,1092.1,725.2
15622,137036.48,83160.0,21135.41,13936.88,177.67,725.3
15623,128191.84,72605.0,30510.281,9885.22,177.67,725.3
15624,165380.33,94418.0,30091.621,14251.74,193.97,725.3
15625,230158.88,106648.0,36063.582,13321.0,312.96,725.3
15626,154642.88,87459.0,30063.94,11172.34,190.71,725.3
15627,201193.44,95477.0,61631.25,22713.17,596.58,725.8
15628,209860.0,101596.0,39674.09,17914.15,321.11,725.8
15629,208412.95,106376.0,29276.791,10585.87,402.61,725.9
15630,186271.69,92622.0,34560.21,20310.201,288.51,726.0
15631,184465.12,102717.0,28415.25,13777.72,329.26,726.1
15632,10253.6,8708.0,7075.7,89.96,-29.34,726.1
15633,232812.16,101757.0,53782.242,15383.16,396.09,726.1
15634,196853.44,106069.0,25647.25,20112.98,234.72,726.2
15635,213506.72,103297.0,28676.48,27579.66,229.83,726.2
15636,229470.08,103590.0,49118.16,16050.94,396.09,726.2
15637,201583.2,98632.0,40265.75,19855.21,314.59,726.3
15638,182846.72,100178.0,22773.72,14288.07,187.45,726.3
15639,179381.44,93677.0,26346.17,31842.38,314.59,726.5
15640,245823.2,101859.0,53476.03,25315.09,431.95,726.6
15641,177315.05,81657.0,54733.742,7022.0703,418.91,726.8
15642,169494.08,100484.0,18941.77,12599.59,65.2,726.9
15643,197900.64,102341.0,24683.64,6529.02,286.88,726.9
15644,175015.69,91221.0,27309.781,20822.28,361.86,727.0
15645,245156.8,104241.0,62980.652,15358.94,493.88998,727.0
15646,110131.84,66908.0,17171.98,14075.28,174.41,727.2
15647,138112.8,84766.0,26991.46,3297.3801,127.14,727.2
15648,204536.64,101708.0,35435.59,8080.83,246.13,727.3
15649,48163.36,35312.0,28128.07,548.41003,474.33,727.3
15650,165700.64,94449.0,30299.22,12926.561,145.06999,727.5
15651,172541.6,95809.0,28178.24,15800.09,296.66,727.5
15652,229186.72,108778.0,38641.28,18306.86,409.13,727.6
15653,8154.72,5773.0,14836.48,8.65,27.71,727.6
15654,152292.0,89671.0,19438.28,10402.49,123.88,727.6
15655,95401.6,62536.0,34131.17,18552.52,436.84,727.7
15656,165660.33,87861.0,34010.07,19862.13,174.41,727.8
15657,146612.48,80628.0,20945.11,11577.16,161.37,727.9
15658,130888.8,79836.0,23334.24,9407.74,184.19,727.9
15659,203875.84,99785.0,37624.04,11552.94,236.35,727.9
15660,141867.05,72708.0,56993.12,42672.18,581.91,728.0
15661,180300.95,94321.0,26967.24,20100.871,343.93,728.1
15662,204566.88,101588.0,56500.07,14682.51,402.61,728.2
15663,120458.24,68729.0,24240.76,12103.08,236.35,728.2
15664,262143.0,95242.0,55590.09,28140.18,490.63,728.2
15665,158379.2,90601.0,29422.11,9049.63,133.66,728.3
15666,147545.44,84524.0,33247.14,12608.24,295.03,728.3
15667,229313.28,105023.0,40104.86,20853.42,259.17,728.4
15668,190365.28,102856.0,39367.88,18735.9,326.0,728.5
15669,170909.77,98844.0,32883.84,5653.64,216.79,728.6
15670,167860.0,95951.0,24342.83,13945.53,102.69,728.6
15671,158962.72,90980.0,23313.48,14144.48,156.48,728.6
15672,222322.23,104752.0,50759.93,18498.89,489.0,728.6
15673,129915.52,77497.0,24702.67,14032.03,205.38,728.8
15674,214056.64,108553.0,30370.15,11004.53,293.4,728.8
15675,164007.2,97973.0,23458.8,11464.71,189.08,728.8
15676,137504.64,87421.0,23740.791,14749.98,192.34,728.9
15677,150697.12,86622.0,15659.96,14852.05,169.52,729.0
15678,144029.77,73446.0,43256.92,35148.41,296.66,729.0
15679,172083.52,93392.0,36227.93,7049.75,278.73,729.1
15680,125967.52,67492.0,31235.15,21251.32,205.38,729.1
15681,166551.84,97925.0,29544.94,21185.58,283.62,729.2
15682,185771.05,100964.0,22048.85,5233.25,99.43,729.2
15683,178678.08,97845.0,28408.33,14634.07,143.44,729.2
15684,147376.33,91221.0,18862.19,12077.13,114.1,729.3
15685,153857.77,89244.0,28795.85,4686.57,107.58,729.3
15686,163210.88,95683.0,24017.59,13369.44,210.27,729.3
15687,229305.44,114532.0,56619.44,15495.61,462.92,729.4
15688,222209.12,107038.0,37335.13,22964.02,295.03,729.4
15689,190097.6,102629.0,33151.992,19945.17,275.47,729.5
15690,226428.16,101616.0,50374.14,12661.87,299.92,729.5
15691,32877.6,13596.0,55851.32,204.14,281.99,729.6
15692,24075.52,18639.0,5985.8003,-29.41,-35.86,729.6
15693,165288.48,94011.0,18547.33,12518.28,117.36,729.6
15694,211836.8,97169.0,41139.402,23121.451,368.38,729.6
15695,159346.88,78228.0,35202.04,10533.97,207.01,729.7
15696,190064.0,85358.0,44462.73,12151.5205,348.82,729.7
15697,200530.4,105787.0,31954.83,10106.66,220.05,729.7
15698,179252.64,94435.0,31532.71,13049.391,259.17,729.7
15699,198198.56,101064.0,28228.41,9534.03,118.99,729.8
15700,189336.0,95750.0,47931.38,19078.44,327.63,729.8
15701,232067.36,112153.0,40023.55,23171.621,288.51,729.8
15702,181808.48,97717.0,31413.34,10457.851,257.54,729.8
15703,197733.77,97726.0,48922.67,15751.65,428.69,729.8
15704,232152.48,110189.0,28840.83,16531.88,275.47,729.8
15705,120202.88,73031.0,54851.38,15563.08,456.4,729.9
15706,192448.48,97763.0,47306.85,8534.09,329.26,729.9
15707,192324.16,98456.0,31444.48,16178.96,213.53,729.9
15708,84818.72,14683.0,132834.6,326.97,1233.91,729.9
15709,242103.69,99952.0,64378.492,14578.71,436.84,729.9
15710,227168.48,104792.0,36890.52,13841.73,334.15,730.0
15711,198587.2,101028.0,27555.44,17921.07,283.62,730.0
15712,245601.44,108312.0,34954.65,10354.05,295.03,730.1
15713,216418.72,100278.0,49503.95,24482.96,308.07,730.1
15714,208127.36,96405.0,30383.99,14755.17,285.25,730.1
15715,154394.23,90569.0,13997.43,17355.36,118.99,730.1
15716,193397.12,98748.0,35433.86,15021.59,594.95,730.1
15717,187709.77,94119.0,37551.38,24771.871,374.9,730.2
15718,174237.28,95908.0,30095.08,15078.68,184.19,730.2
15719,221868.64,97541.0,46908.95,20375.94,422.17,730.2
15720,152783.69,76009.0,44215.34,9601.5,280.36,730.3
15721,223310.08,97312.0,57107.3,36643.13,513.45,730.3
15722,204179.36,98300.0,33958.17,25498.47,374.9,730.3
15723,262143.0,114120.0,65048.0,18547.33,458.03,730.3
15724,188848.8,95597.0,42580.492,16876.15,378.16,730.3
15725,209034.56,89828.0,44021.582,27462.02,557.46,730.3
15726,28226.24,9436.0,75175.42,155.7,547.68,730.3
15727,203028.0,97981.0,53003.742,21578.291,391.2,730.4
15728,215838.56,93256.0,35753.91,7622.38,233.09,730.4
15729,192784.48,90423.0,52204.48,26007.09,466.18,730.4
15730,40482.4,21057.0,28468.88,192.03,264.06,730.5
15731,161314.72,98242.0,29745.621,5603.47,143.44,730.5
15732,147204.95,87755.0,19747.951,9433.69,166.26,730.5
15733,262143.0,87360.0,76915.805,34788.57,684.6,730.5
15734,223707.69,111990.0,45376.17,19699.51,339.04,730.5
15735,146226.08,81297.0,26835.76,37087.742,412.38998,730.5
15736,206460.8,101988.0,39430.16,12146.33,370.01,730.5
15737,193765.6,93780.0,47805.09,16057.86,418.91,730.5
15738,5448.8,5800.0,453.26,506.89,50.53,730.6
15739,137695.05,74989.0,32427.121,9893.87,306.44,730.6
15740,262143.0,100092.0,52175.07,40834.92,581.91,730.6
15741,191459.52,95904.0,35565.34,14141.0205,365.12,730.6
15742,97415.36,55288.0,23756.36,5070.63,221.68,730.7
15743,201035.52,101992.0,32574.17,20836.121,309.7,730.7
15744,179457.6,99444.0,27674.81,11462.98,198.86,730.7
15745,195535.2,99668.0,46765.36,15819.12,404.24,730.7
15746,176568.0,96424.0,33041.27,13936.88,251.02,730.7
15747,206138.23,99328.0,32927.09,23145.67,316.22,730.7
15748,203346.08,93027.0,46543.92,8933.72,290.13998,730.8
15749,221650.23,105301.0,38359.29,21848.17,193.97,730.8
15750,167101.77,89216.0,27430.88,13971.48,228.2,730.8
15751,175042.56,89020.0,44436.78,20599.11,273.84,730.8
15752,262143.0,121455.0,138773.69,100199.875,1209.46,730.8
15753,168564.48,94051.0,24543.51,13973.21,167.89,730.8
15754,208253.92,98363.0,37893.92,19267.01,335.78,730.8
15755,140392.0,75698.0,31181.52,17434.94,223.31,730.9
15756,199913.28,99512.0,47467.742,13807.13,361.86,730.9
15757,141710.23,76992.0,44436.78,22536.71,428.69,731.0
15758,157619.84,95060.0,24027.97,9440.61,252.65,731.0
15759,224206.08,107537.0,22702.791,15130.58,229.83,731.0
15760,115244.64,72096.0,20145.85,16528.42,251.02,731.1
15761,262143.0,99989.0,84513.96,34305.9,726.98,731.2
15762,202629.28,94336.0,63830.082,20218.51,560.72,731.2
15763,204603.84,93001.0,45616.64,23676.78,547.68,731.2
15764,176199.52,95590.0,29634.9,10767.5205,337.41,731.2
15765,216509.44,103678.0,34691.69,25472.52,317.85,731.3
15766,189881.44,94215.0,48360.42,20832.66,383.05,731.3
15767,262143.0,99877.0,51268.55,25841.01,573.76,731.4
15768,175618.23,94705.0,40597.91,10194.89,228.2,731.4
15769,213974.88,97378.0,41445.61,14862.43,255.91,731.4
15770,215799.36,97538.0,43077.0,25271.84,329.26,731.5
15771,262143.0,116393.0,59802.64,31191.9,402.61,731.5
15772,203684.33,106477.0,31601.91,23195.84,304.81,731.5
15773,195816.33,103552.0,36374.98,13545.9,330.88998,731.5
15774,138679.52,79449.0,30389.18,37004.7,332.52,731.6
15775,216946.23,105574.0,49346.52,10198.351,389.57,731.6
15776,191638.72,94896.0,37523.7,17396.88,311.33,731.7
15777,214157.44,106109.0,25197.451,14732.68,215.16,731.7
15778,200754.4,104205.0,23259.85,12871.2,207.01,731.7
15779,161357.28,98985.0,22265.1,14881.46,198.86,731.7
15780,209862.23,91268.0,78841.29,31020.63,656.89,731.8
15781,194791.52,98668.0,32825.02,11072.0,218.42,731.8
15782,158268.33,89945.0,28050.22,9326.43,156.48,731.8
15783,136152.8,86968.0,19727.19,11279.601,105.95,731.8
15784,197828.95,97988.0,43563.13,17255.02,368.38,731.8
15785,196557.77,94213.0,58403.07,22534.98,513.45,731.9
15786,124118.4,71225.0,34416.62,26425.75,440.1,731.9
15787,236228.16,100841.0,50747.82,19697.78,332.52,731.9
15788,213618.72,104012.0,23431.121,9309.13,246.13,731.9
15789,232158.08,99801.0,61567.242,29468.82,353.71,731.9
15790,200456.48,96079.0,29083.031,20682.15,117.36,731.9
15791,164450.72,90499.0,26859.98,6383.7,161.37,731.9
15792,189620.48,97321.0,35080.94,18343.19,278.73,731.9
15793,250742.23,106908.0,74244.68,13442.101,475.96,731.9
15794,202432.16,92873.0,60868.32,14269.04,417.28,732.0
15795,204814.4,100906.0,34695.15,21100.81,228.2,732.0
15796,236819.52,118472.0,62653.68,29356.371,508.56,732.1
15797,206648.95,99957.0,49490.11,20415.73,337.41,732.1
15798,190290.23,99149.0,31397.77,13929.96,330.88998,732.1
15799,222734.4,102548.0,64568.79,20567.97,363.49,732.1
15800,183364.16,97941.0,20920.89,18640.75,197.23,732.1
15801,201737.77,101992.0,40367.82,17865.71,355.34,732.1
15802,262143.0,100913.0,44845.06,32996.29,469.44,732.1
15803,199246.88,102216.0,36143.16,12795.08,231.46,732.2
15804,222032.16,100284.0,35539.39,10418.061,208.64,732.2
15805,212860.48,104372.0,59268.07,19853.48,415.65,732.3
15806,180219.2,90369.0,45661.62,16658.17,317.85,732.3
15807,191727.2,100155.0,35513.44,6587.84,174.41,732.3
15808,184842.56,97983.0,21261.701,9535.76,171.15,732.3
15809,262143.0,108859.0,66034.1,49109.51,707.42,732.4
15810,262143.0,112074.0,93695.07,48189.152,643.85,732.4
15811,208856.48,100473.0,27496.621,25896.371,353.71,732.4
15812,221244.8,100825.0,35397.53,26361.74,326.0,732.4
15813,171228.95,99160.0,20254.84,10435.36,79.87,732.4
15814,225658.72,107097.0,40855.68,9724.33,345.56,732.5
15815,262143.0,94329.0,79005.64,39570.29,676.45,732.5
15816,229505.92,107828.0,54138.62,30560.451,497.15,732.5
15817,140588.0,76258.0,26071.1,9727.79,190.71,732.5
15818,254960.16,111596.0,44663.41,5229.79,487.37,732.5
15819,32842.88,13388.0,74922.84,140.13,469.44,732.6
15820,181839.84,91164.0,35492.68,10724.2705,251.02,732.8
15821,161075.05,89392.0,32331.97,12461.19,195.6,732.8
15822,262143.0,104301.0,83782.17,39988.95,650.37,732.9
15823,199013.92,101876.0,32152.05,13362.5205,268.95,733.0
15824,171152.8,90637.0,32295.64,20952.03,260.8,733.2
15825,172093.6,97520.0,27989.67,13760.42,207.01,733.2
15826,163483.05,90464.0,43772.46,12746.641,226.56999,733.3
15827,181313.44,96521.0,34572.32,11871.26,236.35,733.4
15828,164950.23,97121.0,26103.97,12362.58,241.24,733.5
15829,57352.96,10942.0,163299.89,548.41003,901.39,733.5
15830,218038.23,101590.0,43191.18,20718.48,281.99,733.6
15831,219673.44,97152.0,26384.23,4465.13,301.55,733.7
15832,127505.28,66268.0,59326.89,24875.67,466.18,733.8
15833,171445.12,90322.0,31887.36,14111.61,288.51,733.9
15834,75421.92,40678.0,36018.6,171.27,267.32,733.9
15835,232149.12,93284.0,76654.57,14573.5205,580.27997,734.0
15836,16805.6,5624.0,33669.26,-17.3,244.5,734.0
15837,160904.8,92259.0,24777.06,11978.5205,115.73,734.0
15838,151903.36,79329.0,41191.3,4904.5503,231.46,734.1
15839,190153.6,89632.0,29053.621,18613.07,285.25,734.1
15840,5770.24,5993.0,451.53,406.55002,52.16,734.2
15841,180393.92,97505.0,27650.59,9878.3,211.9,734.2
15842,198742.88,103528.0,36442.45,11437.03,259.17,734.4
15843,138149.77,85593.0,21178.66,12871.2,167.89,734.6
15844,156402.4,85951.0,24659.42,13258.72,145.06999,734.6
15845,146629.28,88139.0,28612.47,9483.86,169.52,734.8
15846,162779.69,99117.0,23093.77,10739.84,262.43,735.1
15847,154213.92,86904.0,37496.02,10788.28,220.05,735.2
15848,218784.16,107588.0,44061.37,19346.59,210.27,735.3
15849,211289.12,104357.0,36577.39,22123.24,185.81999,735.4
15850,194040.0,99358.0,39350.582,24232.11,272.21,735.4
15851,11658.08,5621.0,21905.26,148.78,164.63,735.5
15852,121206.4,67108.0,54733.742,32319.861,487.37,735.5
15853,228291.84,103717.0,39921.48,21003.93,184.19,735.6
15854,207428.48,106308.0,31998.08,21202.88,226.56999,735.6
15855,202951.84,95669.0,40653.27,21650.951,234.72,735.7
15856,183176.0,100397.0,22294.51,12129.03,50.53,735.7
15857,262143.0,115342.0,49761.72,15519.83,348.82,735.7
15858,172581.92,97170.0,25546.91,11788.22,192.34,735.8
15859,235676.0,101102.0,54553.82,17979.89,322.74,735.9
15860,168290.08,93612.0,27226.74,12030.42,166.26,735.9
15861,182853.44,90878.0,21773.78,9546.14,182.56,736.0
15862,223877.92,106832.0,35054.992,29956.68,224.94,736.0
15863,185037.44,98969.0,41758.742,13327.92,304.81,736.0
15864,186350.08,94433.0,39821.14,31416.8,314.59,736.0
15865,147285.6,80164.0,34935.62,14883.19,272.21,736.0
15866,142005.92,91472.0,14099.5,10293.5,130.4,736.1
15867,192493.28,94963.0,52239.082,16178.96,290.13998,736.1
15868,77985.6,32315.0,38352.37,169.54001,290.13998,736.2
15869,198377.77,100212.0,45241.23,13762.15,394.46,736.3
15870,142321.77,81868.0,27766.5,9720.87,237.98,736.3
15871,205686.88,88741.0,60787.01,21702.85,402.61,736.4
15872,245246.4,109597.0,56961.98,11680.96,366.75,736.4
15873,215145.28,99431.0,46575.06,15729.16,435.21,736.4
15874,54274.082,27839.0,14412.63,140.13,223.31,736.5
15875,188849.92,96227.0,37656.91,13516.49,360.23,736.5
15876,166992.0,94414.0,26792.51,12212.07,368.38,736.5
15877,262143.0,90666.0,73525.0,37340.32,806.85,736.6
15878,232254.4,106192.0,40104.86,21574.83,270.58,736.6
15879,182720.16,94898.0,24531.4,22882.71,158.11,736.7
15880,196431.2,105066.0,32940.93,13393.66,148.33,736.7
15881,128126.88,80491.0,11148.12,8767.64,102.69,736.7
15882,15358.561,14276.0,852.89,690.27,26.08,736.8
15883,102826.08,59625.0,30757.67,16594.16,322.74,736.8
15884,161930.72,90484.0,31475.621,14175.62,251.02,736.8
15885,181688.64,94256.0,64124.18,16464.41,474.33,736.8
15886,181742.4,98356.0,21384.53,7546.2603,251.02,736.9
15887,207191.05,104654.0,41352.19,10066.87,334.15,736.9
15888,262143.0,109187.0,76145.95,26486.3,503.67,736.9
15889,194692.95,94349.0,41722.41,22545.36,167.89,736.9
15890,190124.48,95349.0,56384.16,16566.48,533.01,736.9
15891,237403.05,99828.0,53630.0,20628.52,371.63998,737.0
15892,186165.28,98889.0,27877.22,13727.55,195.6,737.0
15893,226637.6,104564.0,25337.58,21839.52,322.74,737.0
15894,200023.05,89965.0,58925.53,10572.03,389.57,737.0
15895,177061.92,96860.0,29932.46,3610.51,281.99,737.1
15896,208396.16,101449.0,21984.84,18934.85,177.67,737.1
15897,188417.6,99516.0,39191.42,14051.061,283.62,737.2
15898,262143.0,102352.0,55212.95,21806.65,555.83,737.2
15899,189714.56,100024.0,33757.492,12864.28,252.65,737.2
15900,117380.484,82581.0,19087.09,16556.1,207.01,737.2
15901,232196.16,100020.0,49069.72,22740.85,342.3,737.2
15902,170798.88,97428.0,34821.44,11378.21,192.34,737.3
15903,222501.44,102780.0,62852.63,18588.85,616.14,737.3
15904,180356.95,97828.0,26538.201,10156.83,200.49,737.3
15905,241362.23,109969.0,32510.16,11623.87,414.02,737.4
15906,182915.05,97656.0,22474.43,12165.36,249.39,737.4
15907,209585.6,99000.0,37233.06,23363.65,285.25,737.4
15908,195627.05,102629.0,29532.83,23304.83,187.45,737.4
15909,203362.88,104232.0,22531.52,15976.55,267.32,737.4
15910,171216.64,92112.0,22630.13,16151.28,83.13,737.4
15911,165879.84,96789.0,31171.14,16440.19,208.64,737.4
15912,178692.64,87525.0,68713.87,18971.18,694.38,737.4
15913,149932.16,90780.0,17000.71,8874.9,66.83,737.4
15914,133159.05,68037.0,43549.29,28269.93,422.17,737.5
15915,251295.52,109641.0,71743.1,26884.201,537.9,737.5
15916,262143.0,99068.0,61601.84,34510.04,515.08,737.6
15917,186473.28,80224.0,58911.69,48227.21,523.23,737.6
15918,213941.28,95726.0,34890.64,14769.01,252.65,737.6
15919,205867.2,103009.0,36774.61,12663.601,236.35,737.6
15920,262143.0,104419.0,70279.52,44955.78,671.56,737.7
15921,262143.0,90087.0,61897.67,31748.96,648.74,737.8
15922,224173.6,107729.0,32108.8,23396.52,272.21,737.8
15923,193763.36,83681.0,72698.06,37077.36,661.77997,737.8
15924,184915.36,106522.0,36904.36,11219.05,229.83,737.8
15925,84921.76,25980.0,146015.47,434.23,1361.05,737.9
15926,81906.72,54972.0,25714.72,69.2,153.22,737.9
15927,249397.12,122513.0,50531.57,27923.93,260.8,737.9
15928,128328.484,77157.0,33048.19,7349.04,244.5,737.9
15929,191861.6,96885.0,51612.82,15042.351,275.47,738.1
15930,235702.88,109204.0,50967.53,20360.371,288.51,738.1
15931,196955.36,103749.0,39513.2,21445.08,290.13998,738.2
15932,234119.2,112425.0,45095.91,22740.85,485.74,738.2
15933,21395.36,11440.0,12040.8,67.47,231.46,738.2
15934,241180.8,117141.0,52600.652,28420.44,327.63,738.3
15935,177819.05,95416.0,25090.19,9044.44,280.36,738.3
15936,119612.64,64777.0,48450.38,38021.94,374.9,738.3
15937,51095.52,21273.0,34861.23,226.63,283.62,738.3
15938,183613.92,90832.0,47312.04,16220.48,451.51,738.5
15939,171455.2,94067.0,30053.56,9101.53,218.42,738.5
15940,158994.08,83057.0,28344.32,12708.58,283.62,738.6
15941,183865.92,90253.0,31787.02,19971.121,182.56,738.6
15942,232314.88,109488.0,31242.07,7042.83,415.65,738.6
15943,156176.16,92508.0,23668.13,10629.12,312.96,738.6
15944,176537.77,93687.0,30532.77,10305.61,260.8,738.7
15945,203376.33,100836.0,39063.402,18997.13,224.94,738.7
15946,142215.36,88053.0,22278.94,14478.37,154.85,738.7
15947,171918.88,93845.0,29724.86,18787.8,291.77,738.7
15948,206291.69,104971.0,32044.791,10945.71,244.5,738.8
15949,222267.36,102243.0,61722.94,10528.78,428.69,738.8
15950,262143.0,109560.0,94342.09,28887.541,622.66,738.9
15951,262143.0,95321.0,43737.86,18791.26,446.62,738.9
15952,181369.44,94428.0,37769.36,23650.83,301.55,739.0
15953,133090.72,80473.0,25460.41,13656.62,198.86,739.0
15954,178775.52,101391.0,34452.95,11699.99,308.07,739.1
15955,262143.0,103089.0,157725.83,56872.02,1310.52,739.1
15956,257096.0,115045.0,66246.89,23038.41,410.76,739.1
15957,214206.72,91557.0,39464.76,16076.891,259.17,739.2
15958,67478.88,43660.0,39893.8,173.0,216.79,739.2
15959,174587.84,98037.0,30003.39,11428.38,135.29,739.2
15960,213552.64,102263.0,35300.65,14703.2705,355.34,739.3
15961,217594.72,89540.0,55315.02,20903.59,462.92,739.4
15962,178125.92,100357.0,25809.871,11378.21,180.93,739.4
15963,208766.88,107724.0,31233.42,15564.811,326.0,739.5
15964,202895.84,84877.0,27247.5,20753.08,283.62,739.5
15965,128878.4,78865.0,22382.74,15002.561,136.92,739.6
15966,193866.4,98967.0,36752.12,17248.1,334.15,739.6
15967,179219.05,89556.0,29084.76,16076.891,233.09,739.6
15968,190253.28,91840.0,22650.89,20721.94,244.5,739.7
15969,183722.56,96685.0,24585.03,13262.18,237.98,739.7
15970,262143.0,91147.0,55785.582,15549.24,449.88,739.8
15971,184872.8,98996.0,28887.541,19991.88,229.83,739.8
15972,132918.23,63181.0,51946.71,394.44,533.01,739.8
15973,213923.36,94082.0,46663.29,20339.61,482.48,739.9
15974,195153.28,102974.0,51983.04,17403.8,280.36,739.9
15975,172262.72,87646.0,33691.75,4729.82,242.87,739.9
15976,201822.88,99268.0,29698.91,38094.6,405.87,740.0
15977,213867.36,104519.0,19050.76,17796.51,293.4,740.1
15978,171152.8,93868.0,21588.67,12513.09,267.32,740.1
15979,145550.72,89350.0,23886.11,8985.62,133.66,740.1
15980,18596.48,17077.0,1157.37,785.42,-1.63,740.1
15981,174668.48,90040.0,21936.4,12428.32,114.1,740.2
15982,178265.92,98502.0,25339.31,16876.15,215.16,740.2
15983,191117.92,90313.0,38705.29,11381.67,283.62,740.3
15984,194432.0,99332.0,49464.16,10641.23,251.02,740.4
15985,230089.44,101633.0,40241.53,21746.1,343.93,740.4
15986,245301.28,111560.0,42886.7,14552.76,415.65,740.4
15987,209549.77,103232.0,33240.22,22531.52,296.66,740.5
15988,257242.72,104849.0,70976.71,18751.47,453.13998,740.5
15989,205597.28,101555.0,33691.75,9113.64,316.22,740.6
15990,69737.92,45568.0,51462.312,351.19,356.97,740.6
15991,145112.8,90078.0,23766.74,9369.68,200.49,740.6
15992,191216.48,104769.0,37253.82,8714.01,314.59,740.7
15993,262143.0,99258.0,100412.664,24822.041,586.8,740.7
15994,220792.33,99448.0,37788.39,26546.85,193.97,740.8
15995,108788.96,68679.0,24412.03,16353.69,226.56999,740.8
15996,242621.12,112793.0,49824.0,22578.23,373.27,740.9
15997,181767.05,98678.0,36452.832,19256.63,192.34,740.9
15998,184802.23,88079.0,42916.11,13184.33,288.51,741.0
15999,219229.92,107913.0,50637.1,26434.4,299.92,741.0
16000,58290.4,30084.0,28586.52,205.87,308.07,741.0
16001,167007.69,93590.0,16976.49,16640.871,158.11,741.1
16002,204098.72,97674.0,37585.98,25647.25,192.34,741.1
16003,165036.48,96612.0,20846.5,8890.47,172.78,741.2
16004,164071.05,90737.0,22505.57,14692.891,166.26,741.2
16005,178892.0,97950.0,24043.541,9068.66,203.75,741.2
16006,165014.08,94728.0,36181.22,9194.95,259.17,741.3
16007,173407.36,96496.0,31077.72,11658.47,228.2,741.3
16008,174300.0,96521.0,34459.87,13942.07,252.65,741.3
16009,101578.4,70769.0,15237.84,15384.891,115.73,741.3
16010,145253.92,89002.0,32937.47,12687.82,154.85,741.3
16011,225826.72,107912.0,28162.67,5247.09,352.08,741.3
16012,121591.68,64233.0,60852.75,10324.64,505.3,741.4
16013,200487.84,105589.0,21356.85,17215.23,283.62,741.4
16014,161687.69,97876.0,34042.94,7624.11,198.86,741.4
16015,18565.12,17189.0,1965.28,735.25,13.04,741.4
16016,202614.72,100277.0,38537.48,17230.8,148.33,741.4
16017,192740.8,96213.0,38649.93,14841.67,296.66,741.5
16018,142808.95,88009.0,29506.88,11115.25,198.86,741.5
16019,262143.0,101867.0,105336.24,37952.742,961.7,741.5
16020,15890.561,10964.0,45770.61,-6.92,189.08,741.5
16021,207221.28,97900.0,36096.45,17891.66,286.88,741.5
16022,207061.12,105370.0,31425.451,8902.58,291.77,741.6
16023,178263.69,99683.0,36670.81,12639.38,273.84,741.7
16024,219330.72,101573.0,37869.7,16723.91,273.84,741.7
16025,169389.92,103100.0,27951.61,10596.25,177.67,741.8
16026,213551.52,94577.0,39725.992,25190.531,565.61,741.8
16027,215853.12,102984.0,47483.31,9999.4,286.88,741.8
16028,150402.56,78752.0,41198.22,10883.43,174.41,741.8
16029,176280.16,94422.0,27515.65,11853.96,123.88,741.8
16030,167689.77,82687.0,36394.01,48049.02,471.07,741.8
16031,152836.33,90484.0,25320.281,5127.72,242.87,742.0
16032,262143.0,104547.0,68137.78,26550.31,485.74,742.0
16033,193353.44,103217.0,32188.38,10994.15,189.08,742.1
16034,207516.95,103828.0,44820.84,23702.73,296.66,742.1
16035,243575.36,107577.0,41725.87,29461.9,299.92,742.1
16036,173239.36,95443.0,28782.01,3819.84,285.25,742.2
16037,154165.77,92161.0,22957.1,12476.76,156.48,742.3
16038,222904.64,106092.0,40480.27,12976.73,193.97,742.3
16039,224940.8,94169.0,82354.92,24389.541,650.37,742.3
16040,192310.72,102652.0,43063.16,19196.08,254.28,742.4
16041,262143.0,103476.0,88318.234,31876.98,616.14,742.4
16042,186851.84,93469.0,29140.121,13234.5,322.74,742.5
16043,151947.05,91129.0,35693.36,13782.91,229.83,742.5
16044,262143.0,101643.0,75991.984,36200.25,606.36,742.6
16045,173359.2,100666.0,45770.61,19216.84,290.13998,742.6
16046,23291.52,14434.0,44172.09,219.71,242.87,742.6
16047,118060.32,73790.0,31046.58,9302.21,200.49,742.6
16048,222547.36,106377.0,47881.21,17793.05,365.12,742.7
16049,262143.0,103791.0,77728.9,54567.66,513.45,742.7
16050,70675.36,47800.0,26060.72,122.83,89.65,742.7
16051,164515.69,96869.0,25465.6,10952.63,226.56999,742.8
16052,38250.24,27075.0,19204.73,103.8,202.12,742.9
16053,203666.4,94489.0,29031.13,14068.36,347.19,743.0
16054,8284.64,8345.0,11635.98,-25.95,48.9,743.0
16055,144531.52,86020.0,27567.55,13670.46,295.03,743.1
16056,151270.56,88192.0,32404.63,11395.51,207.01,743.2
16057,222372.64,97975.0,61582.812,12267.43,321.11,743.2
16058,7908.32,7536.0,586.47003,771.58,50.53,743.3
16059,136092.33,81482.0,23024.57,9291.83,164.63,743.4
16060,18467.68,11545.0,13224.12,624.53,800.33,743.5
16061,193947.05,106084.0,34491.01,16815.6,200.49,743.6
16062,177842.56,100985.0,28181.701,13817.51,234.72,743.6
16063,153539.69,86544.0,23249.47,14362.46,187.45,743.7
16064,170531.2,98217.0,23296.18,8521.98,138.55,743.8
16065,204364.16,101972.0,41841.78,14293.26,221.68,743.8
16066,234662.4,106420.0,30152.17,17749.8,259.17,743.8
16067,182928.48,90581.0,29856.34,16332.931,228.2,744.0
16068,137534.88,69569.0,34708.992,28221.49,309.7,744.1
16069,192394.72,95064.0,47711.67,9233.01,433.58,744.1
16070,245256.48,107199.0,54441.37,27482.781,414.02,744.2
16071,194468.95,109276.0,32761.01,7117.22,231.46,744.3
16072,21679.84,10336.0,30873.58,65.74,233.09,744.4
16073,184992.64,100380.0,29361.56,10277.93,166.26,744.5
16074,139147.69,74940.0,36778.07,30527.58,278.73,744.6
16075,228313.12,112257.0,51438.09,20550.67,446.62,744.7
16076,185556.0,101042.0,16004.23,13713.71,234.72,744.7
16077,210375.2,105012.0,44997.3,16331.2,272.21,744.8
16078,212234.4,106749.0,25969.031,15047.54,296.66,744.8
16079,175708.95,89805.0,41298.56,17689.25,326.0,744.8
16080,163173.92,89075.0,40066.8,4996.24,159.74,744.9
16081,180908.0,94670.0,42364.242,17974.701,319.48,745.0
16082,183622.88,92288.0,28657.451,11838.39,265.69,745.0
16083,194976.33,98869.0,56750.92,8144.8403,347.19,745.1
16084,198245.6,104872.0,37411.25,14774.2,249.39,745.1
16085,172988.48,91798.0,34946.0,16256.811,264.06,745.2
16086,189392.0,97074.0,51427.71,16822.52,365.12,745.3
16087,165061.12,95733.0,26366.93,12260.51,89.65,745.4
16088,169785.28,88614.0,32477.291,10893.811,337.41,745.4
16089,169976.8,91581.0,46666.75,15014.67,200.49,745.4
16090,167105.12,100416.0,30878.77,15749.92,141.81,745.5
16091,184408.0,104224.0,29550.13,13025.17,128.77,745.7
16092,220169.6,105212.0,48853.47,13602.99,312.96,745.7
16093,201210.23,103779.0,20488.39,9893.87,229.83,745.7
16094,175359.52,87403.0,29254.3,41246.66,264.06,745.8
16095,166197.92,88072.0,20284.25,11070.2705,180.93,745.8
16096,190656.48,95597.0,40270.94,6907.89,306.44,745.8
16097,121834.72,75997.0,26413.64,5380.3003,228.2,745.9
16098,231822.08,102704.0,42205.082,20310.201,394.46,746.0
16099,183013.6,92537.0,53405.1,24271.9,448.25,746.0
16100,216954.08,105785.0,37686.32,22353.33,296.66,746.0
16101,171880.8,98397.0,37686.32,13535.5205,182.56,746.1
16102,25232.48,21955.0,5620.77,1413.41,44.01,746.1
16103,262143.0,94661.0,80380.99,35532.47,472.7,746.2
16104,176003.52,104674.0,19132.07,13378.09,174.41,746.3
16105,153623.69,74120.0,98158.47,21545.42,914.43,746.3
16106,262143.0,118269.0,150297.22,54550.36,1096.99,746.4
16107,6998.88,5089.0,13409.23,238.74,229.83,746.5
16108,225693.44,103208.0,57527.69,22905.201,487.37,746.5
16109,183799.84,98991.0,27423.96,10966.47,164.63,746.5
16110,168757.12,96428.0,15516.37,12360.851,79.87,746.5
16111,209539.69,95679.0,52560.86,24399.92,340.67,746.6
16112,182646.23,99301.0,28884.08,17464.35,177.67,746.6
16113,102556.164,12688.0,212127.4,584.74,911.17,746.6
16114,218267.84,105044.0,38902.51,15260.33,384.68,746.6
16115,212369.92,99325.0,47703.02,24488.15,352.08,746.6
16116,125407.52,71921.0,27802.83,11931.811,317.85,746.6
16117,184405.77,94493.0,24946.6,7089.54,205.38,746.7
16118,198253.44,86240.0,49977.97,11767.46,281.99,746.7
16119,173075.84,98824.0,17978.16,15435.061,270.58,746.7
16120,175504.0,96629.0,23432.85,11535.64,180.93,746.8
16121,177143.69,88386.0,37165.59,20846.5,348.82,746.8
16122,215229.28,107790.0,37527.16,21663.06,381.42,746.8
16123,157328.64,94195.0,20946.84,12438.7,221.68,746.8
16124,240908.64,111493.0,62288.652,22009.06,461.29,746.8
16125,147271.05,74700.0,69654.99,17883.01,461.29,746.9
16126,252584.64,110472.0,58740.42,17780.94,210.27,746.9
16127,262143.0,101252.0,99573.61,60077.71,696.01,746.9
16128,259981.12,109351.0,61757.54,16599.35,503.67,746.9
16129,240378.88,113652.0,47744.54,30037.99,365.12,746.9
16130,170252.33,92364.0,28484.451,14355.54,228.2,746.9
16131,203273.28,105241.0,27370.33,20965.871,273.84,747.0
16132,12681.76,9820.0,4702.14,50.170002,57.05,747.0
16133,111749.12,60973.0,65110.28,224.90001,472.7,747.0
16134,262143.0,111161.0,102672.04,43440.3,754.69,747.1
16135,123698.4,71908.0,23406.9,16144.36,252.65,747.1
16136,262143.0,114353.0,58515.52,20403.621,383.05,747.1
16137,179755.52,99171.0,23636.99,19770.44,154.85,747.2
16138,173717.6,86145.0,32695.27,14120.26,358.6,747.2
16139,256053.28,108461.0,61373.48,15104.63,428.69,747.2
16140,249997.44,105692.0,54091.91,24303.041,407.5,747.2
16141,245087.36,113372.0,57237.05,34418.35,427.06,747.2
16142,262143.0,105927.0,67421.56,10374.811,563.98,747.3
16143,168297.92,89449.0,23126.64,6791.98,252.65,747.3
16144,177577.12,94592.0,21631.92,8233.07,208.64,747.3
16145,165512.48,94461.0,19960.74,11507.96,94.54,747.3
16146,148561.28,87792.0,33920.11,7973.5703,197.23,747.4
16147,195148.8,97609.0,48830.98,19505.75,355.34,747.4
16148,200811.52,109939.0,24202.701,20016.1,268.95,747.5
16149,223170.08,103120.0,65188.13,15132.311,286.88,747.5
16150,191336.33,99772.0,40027.01,18299.94,272.21,747.5
16151,170873.92,90938.0,36362.87,10284.851,326.0,747.5
16152,226605.12,105567.0,32780.04,16203.181,309.7,747.6
16153,214334.4,109045.0,48671.82,20218.51,381.42,747.6
16154,202930.56,103572.0,44653.03,20346.53,327.63,747.6
16155,150931.2,80560.0,22500.38,27264.8,304.81,747.7
16156,164324.16,90540.0,26311.57,12840.061,223.31,747.7
16157,199186.4,96961.0,59366.68,16061.32,454.77,747.7
16158,221868.64,104725.0,34094.84,18569.82,324.37,747.8
16159,190729.28,95084.0,48578.402,20720.21,237.98,747.8
16160,143634.4,69877.0,51152.64,89013.69,642.22,747.8
16161,171669.12,99649.0,29167.8,7499.5503,215.16,747.9
16162,181331.36,95572.0,40774.37,14846.86,312.96,747.9
16163,262143.0,96668.0,62823.22,34349.15,479.22,748.0
16164,69748.0,42820.0,34131.17,202.41,330.88998,748.0
16165,245546.56,101866.0,48287.76,20950.3,285.25,748.0
16166,188557.6,98533.0,30133.14,27183.49,215.16,748.0
16167,201929.28,102369.0,45922.85,12243.21,264.06,748.0
16168,182598.08,99620.0,27811.48,12708.58,205.38,748.1
16169,125432.164,58892.0,24854.91,216.25,272.21,748.1
16170,262143.0,105001.0,118767.96,40831.46,722.09,748.1
16171,153917.12,88007.0,23521.08,12573.641,267.32,748.2
16172,170352.0,95221.0,29437.68,11767.46,205.38,748.2
16173,211991.36,105529.0,33468.582,23687.16,306.44,748.2
16174,194232.64,104222.0,35247.02,4198.71,285.25,748.2
16175,196910.56,98403.0,30390.91,14191.19,268.95,748.2
16176,212225.44,97647.0,28057.14,17319.03,342.3,748.3
16177,201113.92,96992.0,31401.23,12267.43,195.6,748.3
16178,180266.23,98947.0,26955.13,15334.72,189.08,748.3
16179,195912.64,103652.0,28451.58,22675.11,479.22,748.3
16180,171559.36,97132.0,36598.152,15445.44,180.93,748.3
16181,179588.64,91469.0,38366.21,16372.72,190.71,748.4
16182,262143.0,100348.0,117653.84,68540.87,885.09,748.4
16183,163853.77,90825.0,24555.621,11954.3,223.31,748.5
16184,262143.0,114904.0,48239.32,20862.07,301.55,748.5
16185,160517.28,94719.0,21080.05,13954.18,161.37,748.5
16186,121481.92,18002.0,225579.89,738.71,1033.42,748.6
16187,140741.44,75218.0,33100.09,22446.75,195.6,748.6
16188,208136.33,103850.0,35772.94,12924.83,211.9,748.6
16189,129556.0,78915.0,39011.5,11243.2705,203.75,748.9
16190,151635.69,91824.0,34809.332,15353.75,159.74,749.0
16191,159664.95,79335.0,30423.781,17602.75,303.18,749.1
16192,167837.6,98055.0,26398.07,8169.06,97.8,749.2
16193,176613.92,100129.0,34516.96,9392.17,211.9,749.2
16194,193994.08,98620.0,34127.71,14985.26,203.75,749.3
16195,161929.6,93816.0,23951.85,12305.49,185.81999,749.3
16196,164839.36,89772.0,32517.08,7496.09,216.79,749.4
16197,164706.08,86231.0,32011.92,16917.67,244.5,749.5
16198,188592.33,92301.0,48851.742,22311.81,373.27,749.5
16199,31071.041,21684.0,8824.73,190.3,471.07,749.7
16200,200312.0,99705.0,38034.05,18808.56,311.33,749.7
16201,71858.08,37533.0,35217.61,237.01001,332.52,749.7
16202,190467.2,98889.0,47867.37,15890.05,428.69,749.7
16203,146963.05,89329.0,20763.46,9319.51,231.46,749.8
16204,199448.48,103933.0,39987.22,5679.59,251.02,749.8
16205,161715.69,93828.0,21716.69,7295.41,141.81,749.9
16206,60930.242,37116.0,22233.96,126.29,161.37,749.9
16207,173859.84,100616.0,28048.49,11305.55,218.42,749.9
16208,160929.44,84748.0,29982.63,10369.62,316.22,750.0
16209,191666.72,106209.0,29129.74,11677.5,177.67,750.0
16210,173311.05,93682.0,39129.14,16130.5205,231.46,750.0
16211,179892.16,103157.0,31382.201,6340.45,208.64,750.1
16212,156002.56,90316.0,30300.951,23938.01,203.75,750.1
16213,156372.16,90064.0,18632.1,6641.47,112.47,750.1
16214,187762.4,96105.0,38935.38,7252.16,247.76,750.1
16215,171478.72,98471.0,28809.69,19580.14,92.909996,750.3
16216,190464.95,90096.0,34132.9,7606.81,451.51,750.3
16217,110491.36,70212.0,57058.86,24538.32,418.91,750.3
16218,161871.36,90233.0,31970.4,12424.86,120.62,750.4
16219,200252.64,101869.0,29472.281,17559.5,247.76,750.4
16220,165697.28,98873.0,20322.31,12850.44,182.56,750.4
16221,221929.12,107274.0,33276.55,16889.99,428.69,750.4
16222,166393.92,94161.0,20894.94,21223.64,272.21,750.4
16223,162844.64,92029.0,25105.76,16445.38,216.79,750.4
16224,213240.16,102185.0,37156.94,10758.87,228.2,750.5
16225,256389.28,99385.0,47085.41,24403.38,405.87,750.5
16226,182767.2,92336.0,36973.56,12992.3,249.39,750.5
16227,222298.72,108487.0,49192.55,19934.791,278.73,750.5
16228,180023.2,98058.0,24455.28,4110.48,125.51,750.5
16229,198829.12,104458.0,33684.832,17277.51,283.62,750.6
16230,197700.16,97748.0,27600.42,18557.71,180.93,750.6
16231,202188.0,92562.0,27024.33,28475.8,249.39,750.6
16232,254608.48,113442.0,41215.52,23476.1,378.16,750.6
16233,148094.23,81288.0,42372.89,15772.41,288.51,750.6
16234,185104.64,95441.0,29714.48,17524.9,319.48,750.7
16235,191106.72,98660.0,23797.88,9944.04,262.43,750.7
16236,178505.6,103169.0,24828.96,9124.0205,257.54,750.7
16237,187210.23,104804.0,28046.76,9899.061,340.67,750.8
16238,210402.08,106952.0,43687.69,21669.98,355.34,750.8
16239,257339.05,113393.0,52598.92,23332.51,334.15,750.8
16240,178719.52,99965.0,28854.67,11288.25,249.39,750.8
16241,225851.36,105161.0,57029.45,24678.451,396.09,750.9
16242,163364.33,85081.0,46260.2,30382.26,348.82,750.9
16243,116163.04,68288.0,33342.29,27135.05,290.13998,750.9
16244,213356.64,98209.0,55154.13,9238.2,402.61,750.9
16245,200183.2,96843.0,31940.99,12727.61,174.41,750.9
16246,218106.56,104186.0,33219.46,21064.48,334.15,750.9
16247,182482.72,98530.0,24251.14,5785.12,348.82,750.9
16248,146650.56,76203.0,52626.6,20351.72,381.42,750.9
16249,96633.6,59070.0,23827.291,8084.29,295.03,751.0
16250,262143.0,98679.0,78019.54,31899.47,489.0,751.1
16251,161676.48,97674.0,28012.16,8701.9,176.04,751.1
16252,185839.36,91924.0,41604.77,10589.33,347.19,751.1
16253,176037.12,97463.0,27375.52,14656.561,231.46,751.1
16254,176434.72,93913.0,44402.18,10177.59,275.47,751.1
16255,133043.69,81590.0,13049.391,9952.69,177.67,751.1
16256,167107.36,98225.0,23446.69,8387.04,184.19,751.1
16257,195386.23,102497.0,32731.6,21351.66,306.44,751.2
16258,212108.95,92728.0,35053.26,30852.82,273.84,751.2
16259,177013.77,97297.0,37352.43,18445.26,423.8,751.2
16260,207764.48,104900.0,34382.02,21538.5,118.99,751.2
16261,180152.0,106081.0,34330.12,19742.76,379.79,751.3
16262,148000.16,89412.0,28820.07,19445.201,345.56,751.3
16263,216978.72,106411.0,40675.76,21884.5,378.16,751.3
16264,198304.95,101152.0,32311.21,15071.76,254.28,751.3
16265,166107.2,84669.0,51164.75,3774.86,278.73,751.4
16266,145952.8,86016.0,28219.76,12179.2,251.02,751.4
16267,190848.0,103739.0,30885.69,16744.67,220.05,751.4
16268,175397.6,90132.0,34676.12,14526.811,236.35,751.4
16269,56327.04,33568.0,18768.77,89.96,180.93,751.4
16270,168791.84,96309.0,27583.121,4752.31,198.86,751.4
16271,85060.64,53449.0,40878.17,8309.19,298.29,751.4
16272,194374.88,104393.0,47376.05,16364.07,523.23,751.4
16273,175480.48,91834.0,23602.39,8646.54,278.73,751.5
16274,199497.77,103144.0,41533.84,18090.61,453.13998,751.5
16275,215984.16,100290.0,55697.35,11289.98,431.95,751.5
16276,181128.64,86513.0,30541.42,15734.351,275.47,751.5
16277,228064.48,112215.0,39708.69,24628.28,404.24,751.6
16278,193544.95,102020.0,33854.37,15590.76,342.3,751.6
16279,160046.88,91465.0,25550.371,9707.03,213.53,751.6
16280,213479.84,100196.0,47455.63,25249.35,454.77,751.6
16281,188967.52,99432.0,28958.47,12303.76,291.77,751.6
16282,262143.0,109772.0,113726.74,36407.85,696.01,751.6
16283,154822.08,90849.0,24771.871,6447.71,236.35,751.6
16284,169106.56,86005.0,42488.8,12540.7705,193.97,751.7
16285,152363.69,91954.0,24470.85,9696.65,231.46,751.7
16286,262143.0,96050.0,54370.44,34115.6,384.68,751.7
16287,165776.8,96600.0,25624.76,16455.76,99.43,751.7
16288,181770.4,101072.0,34312.82,8758.99,184.19,751.7
16289,167252.95,92805.0,24258.06,8961.4,200.49,751.7
16290,148982.4,91264.0,24976.01,5304.18,117.36,751.8
16291,248131.52,108731.0,49955.48,21725.34,392.83,751.8
16292,250222.56,131699.0,49168.332,22223.58,497.15,751.8
16293,262143.0,109449.0,112557.26,66369.72,1023.64,751.8
16294,257603.36,112569.0,59652.13,39611.81,353.71,751.8
16295,250793.77,111187.0,57190.34,13187.79,443.36,751.9
16296,262143.0,116685.0,42611.63,25737.21,363.49,751.9
16297,172618.88,102715.0,24764.951,10407.68,132.03,751.9
16298,175313.6,64571.0,29825.201,16787.92,283.62,751.9
16299,213445.12,103252.0,44073.48,15741.2705,233.09,751.9
16300,262143.0,107966.0,77689.11,37857.59,712.31,752.0
16301,195222.72,96640.0,50105.992,13822.7,309.7,752.0
16302,214706.23,62402.0,92721.08,64.01,950.29,752.0
16303,199024.0,93776.0,49611.21,18822.4,391.2,752.0
16304,257843.05,104533.0,35105.16,17471.27,295.03,752.0
16305,212814.56,97552.0,34824.9,31465.24,389.57,752.0
16306,237490.4,99553.0,45061.31,21564.451,425.43,752.0
16307,221765.6,108109.0,55785.582,28458.5,417.28,752.0
16308,168778.4,84735.0,41691.27,21858.55,308.07,752.0
16309,172113.77,82831.0,52958.76,24647.31,384.68,752.0
16310,229369.28,112887.0,55221.6,27278.64,412.38998,752.0
16311,210856.8,98551.0,29427.3,19000.59,195.6,752.0
16312,220765.44,98162.0,58197.2,19183.97,337.41,752.1
16313,179316.48,100949.0,32966.88,16125.33,226.56999,752.1
16314,221894.4,104845.0,48709.88,11672.311,441.73,752.1
16315,262143.0,113509.0,59257.69,28825.26,575.39,752.2
16316,177214.23,100431.0,33856.1,11935.2705,275.47,752.2
16317,174235.05,98521.0,32766.201,15916.0,166.26,752.2
16318,262143.0,115033.0,100762.125,28453.31,715.57,752.2
16319,214791.36,108033.0,42980.12,15812.2,226.56999,752.2
16320,211893.92,107277.0,29669.5,22775.451,286.88,752.2
16321,251283.2,113856.0,52825.55,13367.71,537.9,752.2
16322,189286.72,99461.0,27885.871,16614.92,226.56999,752.2
16323,179577.44,98236.0,34273.03,13798.48,396.09,752.2
16324,186555.05,99516.0,31382.201,15350.29,242.87,752.2
16325,262143.0,109276.0,49957.21,33141.61,440.1,752.3
16326,184985.92,100680.0,32259.31,10819.42,255.91,752.3
16327,207836.16,103494.0,39300.41,12760.48,203.75,752.3
16328,177916.48,93309.0,28851.21,18189.22,164.63,752.3
16329,187722.08,93249.0,28197.27,10193.16,275.47,752.3
16330,208120.64,98288.0,45182.41,29461.9,477.59,752.3
16331,262143.0,104807.0,144679.9,95402.58,1519.16,752.3
16332,262143.0,127213.0,148838.83,81444.94,1517.53,752.3
16333,206435.05,106013.0,42497.45,17031.85,254.28,752.3
16334,59340.96,49832.0,5864.7,3010.2,57.05,752.4
16335,111110.72,70129.0,36037.63,18395.09,339.04,752.4
16336,206151.69,101081.0,41193.03,12625.54,358.6,752.4
16337,212282.56,103395.0,35850.79,9693.19,316.22,752.4
16338,262143.0,117035.0,74756.76,34781.65,730.24,752.5
16339,194125.12,105777.0,34167.5,10277.93,257.54,752.5
16340,94612.0,55894.0,36279.832,19199.541,226.56999,752.5
16341,174188.0,95064.0,33501.45,13751.7705,221.68,752.5
16342,211368.64,98705.0,45748.12,32018.84,272.21,752.5
16343,262143.0,109657.0,104019.71,62453.0,968.22,752.5
16344,262143.0,103396.0,61795.6,48081.89,523.23,752.5
16345,99242.08,60461.0,50247.85,27600.42,485.74,752.6
16346,262143.0,109529.0,104912.39,47767.03,806.85,752.6
16347,262143.0,119800.0,40426.64,28403.14,312.96,752.6
16348,189898.23,95364.0,35800.62,33174.48,220.05,752.6
16349,262143.0,112808.0,36196.79,20438.22,281.99,752.6
16350,262143.0,121697.0,110611.01,60928.87,979.63,752.6
16351,262143.0,100417.0,76720.31,37162.13,462.92,752.6
16352,172801.44,99027.0,33030.89,9971.72,143.44,752.6
16353,176313.77,98836.0,30828.6,14675.59,125.51,752.6
16354,184885.12,99425.0,39179.31,11566.78,322.74,752.6
16355,128464.0,68937.0,49031.66,16869.23,371.63998,752.6
16356,158985.12,88436.0,39248.51,26479.38,303.18,752.6
16357,141239.84,85753.0,27219.82,10890.351,179.3,752.6
16358,200178.72,91089.0,33838.8,18680.541,268.95,752.6
16359,197628.48,103189.0,41741.44,15403.92,215.16,752.6
16360,177048.48,99496.0,24714.78,8271.13,151.59,752.6
16361,187306.56,97488.0,29674.69,4767.88,153.22,752.7
16362,210041.44,102120.0,22467.51,18531.76,277.1,752.7
16363,204319.36,99544.0,37288.42,18633.83,329.26,752.7
16364,161252.0,97137.0,28491.371,12945.59,107.58,752.7
16365,141762.88,67145.0,41495.78,24640.39,394.46,752.7
16366,234832.64,109389.0,44867.55,7098.19,397.72,752.7
16367,206442.88,102550.0,26081.48,17902.041,379.79,752.7
16368,209326.88,97878.0,49170.06,9532.3,417.28,752.7
16369,180279.69,98557.0,33134.69,15647.851,208.64,752.8
16370,194153.12,98193.0,52268.492,23789.23,539.52997,752.8
16371,184271.36,99988.0,30525.85,9847.16,221.68,752.8
16372,221102.56,97304.0,60359.7,24372.24,350.45,752.8
16373,242605.44,107588.0,64437.312,31511.951,588.43,752.8
16374,262143.0,121197.0,63023.902,33240.22,624.29,752.9
16375,216237.28,99030.0,57600.35,25706.07,625.92,752.9
16376,262143.0,100800.0,69321.1,39850.55,423.8,752.9
16377,188791.69,105228.0,27114.291,12452.54,180.93,752.9
16378,197159.2,90888.0,39788.27,14423.01,317.85,752.9
16379,183081.92,101480.0,39142.98,11324.58,317.85,752.9
16380,262143.0,106687.0,68765.77,29826.93,841.08,753.0
16381,241941.28,119316.0,43819.17,25450.031,304.81,753.0
16382,227318.56,104607.0,34857.77,28415.25,329.26,753.0
16383,199810.23,91113.0,36925.12,8572.15,511.82,753.0
16384,262143.0,104747.0,85882.39,63321.46,637.33,753.0
16385,189778.4,100339.0,34973.68,21041.99,216.79,753.0
16386,223874.56,107052.0,37137.91,16715.26,330.88998,753.0
16387,166561.92,93181.0,29140.121,6035.97,273.84,753.0
16388,227753.12,112024.0,41340.082,20661.39,291.77,753.0
16389,224017.92,110225.0,60300.88,28619.39,472.7,753.0
16390,262143.0,115618.0,54699.14,26294.27,444.99,753.0
16391,208218.08,102348.0,53738.992,17002.44,441.73,753.0
16392,217499.52,106813.0,50972.72,17151.22,353.71,753.0
16393,114869.44,68256.0,24901.621,16547.45,265.69,753.1
16394,130267.2,69428.0,39322.902,24242.49,275.47,753.1
16395,162628.48,91533.0,32390.791,8582.53,221.68,753.1
16396,262143.0,114364.0,63087.91,44696.28,427.06,753.1
16397,198868.33,105953.0,32998.02,7380.18,247.76,753.1
16398,167037.92,97517.0,23844.59,6952.87,29.34,753.1
16399,175350.56,105896.0,24147.34,16806.95,228.2,753.1
16400,175201.6,96669.0,28863.32,14938.55,218.42,753.1
16401,108778.88,68145.0,21057.56,15090.79,163.0,753.1
16402,219095.52,107983.0,50597.312,22562.66,335.78,753.2
16403,262143.0,112682.0,118897.71,51509.02,761.21,753.2
16404,105005.6,62703.0,23806.53,5584.44,167.89,753.2
16405,208127.36,88953.0,49346.52,21863.74,361.86,753.3
16406,260805.44,104956.0,54597.07,13943.8,303.18,753.3
16407,166977.44,98493.0,23265.041,4781.72,102.69,753.3
16408,168871.36,94292.0,19358.701,21804.92,172.78,753.3
16409,225344.0,104960.0,30247.32,12763.94,259.17,753.3
16410,224057.12,106354.0,46388.22,32281.8,458.03,753.4
16411,262143.0,98988.0,97253.68,39952.62,614.51,753.4
16412,262143.0,104586.0,141697.38,94855.9,1214.35,753.4
16413,201676.16,103891.0,49137.19,29873.64,326.0,753.4
16414,262143.0,114765.0,101185.97,29937.65,666.67,753.4
16415,219948.95,103340.0,32850.97,31202.281,303.18,753.4
16416,262143.0,100605.0,47322.42,27795.91,368.38,753.4
16417,205368.8,101789.0,41715.492,16670.28,213.53,753.4
16418,187186.72,98102.0,25702.61,17632.16,415.65,753.5
16419,206508.95,43117.0,262143.0,1499.91,2591.7,753.5
16420,202112.95,13480.0,142214.66,1288.85,839.45,753.5
16421,35450.24,6578.0,28105.58,114.18,190.71,753.6
16422,262143.0,121782.0,262143.0,80194.15,17090.55,753.6
16423,26675.041,6084.0,41743.17,311.4,255.91,753.6
16424,31641.121,7723.0,33267.9,159.16,138.55,753.6
16425,262143.0,129722.0,262143.0,136258.27,12802.02,753.6
16426,200688.33,95227.0,30705.77,15910.811,299.92,753.7
16427,181282.08,98869.0,19694.32,14326.13,171.15,754.7
16428,203069.44,104631.0,28150.56,23356.73,239.61,754.8
16429,218337.28,110264.0,32868.27,19450.39,244.5,755.1
16430,198588.33,102057.0,25166.31,9992.48,251.02,755.2
16431,155901.77,83416.0,24730.35,28363.35,342.3,755.3
16432,205887.36,104836.0,29998.201,9314.32,213.53,755.4
16433,95123.84,64460.0,17448.78,8191.5503,304.81,756.0
16434,162447.05,93369.0,25865.23,10426.71,267.32,756.2
16435,200938.08,103361.0,27294.21,19706.43,224.94,756.2
16436,233670.08,110452.0,23199.3,23166.43,277.1,756.2
16437,164000.48,94779.0,29577.81,15450.63,267.32,756.2
16438,194877.77,98755.0,24555.621,6707.21,215.16,756.3
16439,211512.0,94896.0,38428.492,34956.38,363.49,756.3
16440,229995.36,105508.0,67020.2,8847.22,459.66,756.3
16441,178721.77,85064.0,45320.81,9094.61,296.66,756.3
16442,262143.0,100581.0,103329.44,55079.742,925.84,756.4
16443,191436.0,102909.0,18829.32,12947.32,237.98,756.5
16444,186557.28,92833.0,25178.42,14232.71,140.18,756.6
16445,183393.28,36180.0,262143.0,1832.0701,2283.63,756.6
16446,59207.68,15466.0,81955.29,230.09,629.18,756.8
16447,202688.64,102361.0,27193.871,14642.72,136.92,756.9
16448,251091.69,115872.0,39639.492,28382.38,370.01,756.9
16449,199059.84,106023.0,47225.54,19128.61,293.4,757.4
16450,124166.56,78587.0,26534.74,3056.91,79.87,757.6
16451,22335.041,21363.0,505.16,262.96,26.08,757.8
16452,6552.0,5640.0,4935.69,77.85,74.98,757.9
16453,123025.28,70957.0,28439.47,8049.69,392.83,758.1
16454,215175.52,95120.0,38634.36,41805.45,252.65,758.3
16455,192484.33,95376.0,41743.17,18697.84,312.96,758.4
16456,177284.8,100285.0,28304.531,8978.7,132.03,758.7
16457,166881.12,93593.0,36644.86,16973.03,231.46,758.7
16458,29949.92,22585.0,6857.72,41.52,26.08,759.1
16459,12505.92,6481.0,18604.42,117.64,92.909996,759.1
16460,145286.4,86701.0,21953.701,13628.94,185.81999,759.1
16461,133389.77,79724.0,39269.27,18997.13,251.02,759.2
16462,185634.4,104884.0,26642.0,19538.621,316.22,759.3
16463,197845.77,101178.0,22467.51,17497.22,149.96,759.3
16464,204277.92,103307.0,50844.7,21382.8,353.71,759.3
16465,255728.48,107910.0,50140.59,21659.6,430.32,759.4
16466,174134.23,98388.0,27996.59,6525.56,278.73,759.5
16467,120514.24,69901.0,27763.041,24583.3,365.12,759.6
16468,172756.64,85329.0,52444.95,24121.39,392.83,759.6
16469,200739.84,92012.0,46360.54,9876.57,264.06,759.6
16470,150749.77,90131.0,38604.95,11367.83,298.29,759.6
16471,198561.44,101031.0,39549.53,14310.561,288.51,759.7
16472,156755.2,92731.0,36449.37,6712.4,193.97,759.7
16473,262143.0,103184.0,42504.37,19298.15,278.73,759.7
16474,228303.05,107800.0,61321.582,35345.63,458.03,759.7
16475,222722.08,104128.0,35783.32,20614.68,257.54,759.7
16476,177428.16,93021.0,31484.27,14696.351,151.59,759.8
16477,139914.88,82368.0,16007.69,19251.44,286.88,759.8
16478,212764.16,105869.0,61643.36,23974.34,379.79,759.9
16479,177061.92,95013.0,22258.18,12137.68,76.61,759.9
16480,91987.84,51641.0,57148.82,226.63,392.83,759.9
16481,198966.88,99358.0,44533.66,27503.541,332.52,759.9
16482,234395.84,104668.0,46834.56,15201.51,264.06,759.9
16483,171762.08,99261.0,25235.51,6816.2,267.32,760.0
16484,207757.77,102341.0,43551.02,18312.05,290.13998,760.0
16485,179075.69,98178.0,27600.42,13743.12,202.12,760.0
16486,165842.88,97733.0,27498.35,10352.32,177.67,760.0
16487,169202.88,99683.0,18635.56,13701.601,130.4,760.0
16488,168114.23,92250.0,31421.99,12850.44,234.72,760.0
16489,165073.44,82051.0,44134.03,18912.36,368.38,760.1
16490,193575.2,105104.0,32781.77,18114.83,306.44,760.1
16491,217451.36,99137.0,41431.77,16552.64,363.49,760.1
16492,251683.05,104693.0,46106.23,11360.91,249.39,760.1
16493,221958.23,110013.0,32543.031,14679.05,327.63,760.1
16494,177265.77,101467.0,32645.1,4613.91,257.54,760.1
16495,167076.0,96992.0,31709.17,16810.41,184.19,760.3
16496,195437.77,109521.0,32624.34,27859.92,193.97,760.3
16497,182351.69,93408.0,42961.09,17703.09,291.77,760.3
16498,262143.0,106928.0,77512.65,33520.48,562.35,760.3
16499,262143.0,119993.0,99469.81,83657.61,870.42,760.3
16500,243844.16,107300.0,36553.17,14025.11,223.31,760.3
16501,120415.68,33369.0,56420.492,27640.21,462.92,760.3
16502,262143.0,111680.0,93397.51,31939.26,841.08,760.4
16503,226937.77,103475.0,28221.49,17713.47,259.17,760.4
16504,225393.28,109230.0,38788.332,8601.561,184.19,760.4
16505,262143.0,93636.0,99168.79,50701.11,855.75,760.4
16506,262143.0,129946.0,164734.06,63674.38,1390.39,760.4
16507,262143.0,109352.0,98841.82,53079.86,635.7,760.5
16508,262143.0,104372.0,72006.06,43701.53,622.66,760.5
16509,232025.92,103484.0,45459.21,28202.46,352.08,760.5
16510,262143.0,111028.0,61418.46,30596.781,466.18,760.5
16511,258328.0,113506.0,68411.12,15784.5205,603.1,760.5
16512,194700.8,96337.0,45177.22,16443.65,285.25,760.6
16513,71744.96,34665.0,43602.92,209.33,454.77,760.6
16514,168063.84,96093.0,22995.16,9643.0205,189.08,760.8
16515,188194.72,93024.0,40070.26,10034.0,268.95,760.8
16516,188947.36,92467.0,20026.48,19846.56,251.02,760.9
16517,213468.64,96876.0,56071.03,27171.38,508.56,760.9
16518,136159.52,87996.0,26609.13,6397.54,163.0,761.1
16519,229703.05,100169.0,38535.75,13019.98,228.2,761.1
16520,262143.0,107492.0,69542.54,28949.82,689.49,761.1
16521,181812.95,92807.0,34638.06,13135.891,187.45,761.3
16522,213970.4,96577.0,38303.93,21097.35,239.61,761.4
16523,161696.64,96848.0,22017.71,10525.32,211.9,761.5
16524,231008.97,98070.0,48723.72,17277.51,410.76,761.5
16525,200831.69,104389.0,26847.871,7637.95,195.6,761.5
16526,203683.2,104757.0,53880.85,9470.0205,441.73,761.5
16527,235183.2,107459.0,49687.332,21048.91,237.98,761.5
16528,183519.84,93567.0,42146.26,20140.66,334.15,761.7
16529,183645.28,95368.0,29987.82,15334.72,158.11,761.7
16530,36436.96,8305.0,96802.15,499.97,774.25,761.7
16531,167717.77,93737.0,53969.082,17870.9,506.93,761.7
16532,184708.16,97961.0,31586.34,6651.85,122.25,761.8
16533,190949.92,97833.0,31063.88,15850.26,321.11,761.8
16534,190921.92,97197.0,31994.621,17498.95,303.18,761.8
16535,235505.77,99078.0,53650.76,23301.371,236.35,761.8
16536,197415.69,104333.0,28801.041,13684.3,169.52,761.8
16537,198718.23,98862.0,49957.21,14732.68,295.03,761.9
16538,143077.77,87613.0,37681.13,20690.8,301.55,762.0
16539,162458.23,95524.0,26095.32,10584.14,285.25,762.0
16540,226308.33,98997.0,46616.582,19189.16,350.45,762.1
16541,188944.0,101504.0,30768.05,11324.58,286.88,762.2
16542,188634.88,96121.0,33999.69,20010.91,255.91,762.2
16543,149555.84,84800.0,31001.6,13045.93,229.83,762.2
16544,205821.28,95188.0,51330.832,24135.23,317.85,762.2
16545,140991.2,72284.0,59119.29,382.33002,422.17,762.2
16546,175404.33,92969.0,41516.54,14582.17,316.22,762.2
16547,164196.48,95949.0,33070.68,14779.391,109.21,762.3
16548,262143.0,108776.0,186545.9,101852.02,1116.55,762.3
16549,262143.0,103175.0,68144.7,39423.242,599.84,762.3
16550,95602.08,20134.0,145162.58,515.54,692.75,762.3
16551,222108.33,111107.0,39374.8,20308.47,340.67,762.4
16552,253012.48,109388.0,75156.39,7295.41,477.59,762.5
16553,221262.72,110700.0,45912.47,19976.31,383.05,762.6
16554,131085.92,82233.0,17787.86,11392.05,180.93,762.6
16555,180314.4,94329.0,23882.65,11480.28,125.51,762.6
16556,170565.92,89712.0,36829.97,13862.49,211.9,762.7
16557,120957.76,78215.0,23090.31,4553.36,145.06999,762.7
16558,180518.23,98293.0,32003.27,10018.43,158.11,762.7
16559,262143.0,105509.0,111723.4,19448.66,979.63,762.9
16560,192100.16,98555.0,28780.281,9753.74,283.62,763.0
16561,211743.84,97269.0,60416.79,13829.62,430.32,763.0
16562,168938.56,88536.0,44151.332,17031.85,356.97,763.0
16563,140314.72,80383.0,22623.21,12400.641,180.93,763.0
16564,214767.84,98658.0,46082.01,19822.34,251.02,763.0
16565,168735.84,93090.0,22038.47,3323.33,132.03,763.0
16566,192138.23,91697.0,55295.992,12310.68,400.98,763.1
16567,108950.24,65202.0,34575.78,10945.71,166.26,763.1
16568,176462.72,91261.0,34452.95,16497.28,343.93,763.2
16569,239186.08,99801.0,73879.65,21782.43,412.38998,763.3
16570,130959.36,79992.0,21230.56,7584.3203,4.89,763.4
16571,174787.2,86436.0,44019.85,19154.56,309.7,763.4
16572,186279.52,107920.0,36274.64,14599.47,280.36,763.4
16573,43909.6,27480.0,36411.31,126.29,171.15,763.5
16574,191086.56,85161.0,79199.4,17159.871,661.77997,763.6
16575,255821.44,97337.0,41428.31,17128.73,236.35,763.7
16576,122608.64,69789.0,25441.38,4562.0103,221.68,763.8
16577,146903.69,85974.0,31830.27,19196.08,187.45,764.1
16578,216660.64,105285.0,32269.69,31081.18,309.7,764.3
16579,210837.77,110426.0,42769.06,22083.451,234.72,764.3
16580,194003.05,96756.0,30856.281,17915.88,342.3,764.5
16581,183358.56,96566.0,30435.89,11606.57,340.67,764.5
16582,165398.23,89284.0,70834.85,22033.28,461.29,764.6
16583,201195.69,99596.0,42388.46,21808.38,415.65,764.6
16584,187871.05,99445.0,37366.27,8632.7,220.05,764.7
16585,213810.23,104224.0,39162.01,12564.99,326.0,764.7
16586,189085.12,96698.0,21220.18,17972.97,231.46,764.7
16587,171465.28,96497.0,18952.15,11644.63,190.71,764.8
16588,122909.92,74272.0,26469.0,14928.17,200.49,764.8
16589,239423.52,105429.0,55960.312,27429.15,324.37,764.8
16590,41872.32,27712.0,23391.33,155.7,247.76,764.8
16591,203094.08,102104.0,28430.82,24522.75,321.11,764.9
16592,145607.84,84826.0,26219.88,13405.7705,237.98,764.9
16593,213890.88,100305.0,31920.23,17526.63,203.75,764.9
16594,173976.33,95977.0,26320.22,17462.621,233.09,765.0
16595,177196.33,83650.0,46113.152,9444.07,281.99,765.1
16596,158744.33,90084.0,30321.71,13134.16,283.62,765.1
16597,14892.64,14737.0,2050.05,1224.84,-4.89,765.1
16598,198069.77,103385.0,47813.742,17988.541,386.31,765.1
16599,201635.84,94557.0,44438.51,13284.67,350.45,765.1
16600,262143.0,116636.0,63759.152,29643.55,567.24,765.1
16601,262143.0,99681.0,74436.71,25031.371,466.18,765.2
16602,172662.56,89420.0,31588.07,16568.21,254.28,765.2
16603,192305.12,98345.0,32366.57,6971.9,259.17,765.2
16604,196337.12,99021.0,29989.55,17753.26,345.56,765.2
16605,217137.77,105468.0,60217.84,25000.23,560.72,765.4
16606,166968.48,90056.0,27320.16,11161.96,249.39,765.5
16607,147688.8,92073.0,12295.11,4705.6,84.76,765.5
16608,216989.92,112153.0,43732.67,17573.34,371.63998,765.6
16609,192740.8,104225.0,38822.93,16879.61,246.13,765.6
16610,208210.23,94428.0,45272.37,21339.55,379.79,765.7
16611,240229.92,110105.0,56022.59,23351.541,441.73,765.7
16612,171225.6,92875.0,45429.8,16234.32,277.1,765.7
16613,192618.72,106209.0,29048.43,19379.46,342.3,765.8
16614,203390.88,99869.0,29712.75,14841.67,195.6,765.8
16615,195879.05,102806.0,25342.77,15936.76,174.41,765.8
16616,126071.68,78209.0,25157.66,6937.3003,148.33,765.8
16617,165919.05,91213.0,26117.81,13611.641,218.42,765.8
16618,231243.05,102789.0,51285.85,10269.28,278.73,765.9
16619,222418.56,103495.0,33821.5,28946.36,237.98,765.9
16620,185041.92,97104.0,33231.57,12035.61,273.84,765.9
16621,196228.48,100221.0,22759.88,16955.73,268.95,766.0
16622,42742.56,28936.0,13047.66,-8.65,70.09,766.0
16623,116340.0,63385.0,48839.63,20791.14,352.08,766.0
16624,189180.33,94608.0,38599.76,8523.71,280.36,766.1
16625,145117.28,82050.0,32242.01,16805.22,151.59,766.1
16626,189583.52,100264.0,43267.3,17187.55,316.22,766.1
16627,246249.92,107533.0,34254.0,26728.5,365.12,766.1
16628,178112.48,93302.0,35786.78,13293.32,326.0,766.1
16629,212231.05,101920.0,33108.742,29271.6,370.01,766.2
16630,180996.48,99520.0,41087.5,9674.16,117.36,766.2
16631,201738.88,94472.0,61120.902,33171.02,506.93,766.2
16632,215374.88,102320.0,44213.61,14447.23,552.57,766.2
16633,201508.16,106681.0,38755.46,15573.46,290.13998,766.2
16634,162342.88,79025.0,53268.43,10008.05,262.43,766.2
16635,210403.2,103769.0,35127.65,16256.811,251.02,766.2
16636,204603.84,105100.0,22669.92,12796.811,138.55,766.3
16637,175838.88,98340.0,24610.98,18552.52,151.59,766.3
16638,194397.28,96738.0,27588.31,21915.64,272.21,766.3
16639,152745.6,88112.0,23057.44,16895.18,169.52,766.3
16640,148002.4,79148.0,13769.07,9745.09,141.81,766.3
16641,262143.0,113897.0,72488.734,37295.34,658.52,766.4
16642,235381.44,105235.0,61838.85,40032.2,469.44,766.4
16643,162552.33,79532.0,84036.484,22206.28,594.95,766.4
16644,241334.23,112988.0,47808.55,10923.22,314.59,766.5
16645,59421.6,38266.0,28752.6,169.54001,234.72,766.6
16646,173056.8,93712.0,33840.53,12234.561,164.63,766.6
16647,43252.16,38982.0,2781.84,2537.91,14.67,766.7
16648,206036.33,106296.0,29911.701,13928.23,381.42,767.1
16649,190131.2,95356.0,50901.79,14457.61,340.67,767.4
16650,131122.88,80192.0,30536.23,18666.701,275.47,767.9
16651,173970.72,97074.0,18075.041,9999.4,83.13,768.0
16652,164379.05,81218.0,49751.34,17147.76,285.25,768.4
16653,189819.84,98065.0,32001.541,16372.72,229.83,768.7
16654,112775.04,64569.0,41388.52,12322.79,422.17,768.9
16655,185987.2,94876.0,43902.21,22208.01,339.04,769.0
16656,183404.48,100089.0,31344.14,10002.86,174.41,769.0
16657,259580.16,115563.0,47773.95,22541.9,392.83,769.1
16658,247358.72,102050.0,80901.72,35641.46,617.77,769.2
16659,160321.28,80454.0,30461.84,16076.891,210.27,769.3
16660,152727.69,88463.0,24713.05,9482.13,130.4,769.3
16661,188231.69,90942.0,65660.42,14395.33,456.4,769.3
16662,227032.97,112317.0,29757.73,18483.32,197.23,769.4
16663,197024.8,93260.0,36549.71,22211.47,193.97,769.4
16664,166378.23,85749.0,49016.09,29382.32,326.0,769.5
16665,163656.64,94645.0,16476.52,12065.0205,166.26,769.6
16666,175748.16,100977.0,37743.41,16002.5,340.67,770.1
16667,182985.6,98045.0,25906.75,18223.82,208.64,770.2
16668,194831.84,95330.0,50332.62,18296.48,293.4,770.3
16669,175247.52,100664.0,21140.6,13222.391,277.1,770.3
16670,168235.2,91507.0,34636.332,14698.08,239.61,770.4
16671,168461.44,96681.0,20180.451,12819.3,205.38,770.4
16672,253463.84,104761.0,75889.914,30153.9,544.42,770.6
16673,137581.92,75814.0,25584.97,19104.39,213.53,770.6
16674,189881.44,96579.0,46587.17,16770.621,322.74,770.8
16675,158972.8,88728.0,22841.19,13455.94,239.61,770.9
16676,168922.88,89997.0,25375.64,8945.83,151.59,770.9
16677,121779.84,69941.0,17853.6,15014.67,231.46,771.0
16678,195718.88,99733.0,38165.53,22957.1,317.85,771.0
16679,198722.72,103161.0,38781.41,9085.96,234.72,771.1
16680,156543.52,94455.0,25031.371,9674.16,133.66,771.2
16681,223444.48,89937.0,68784.8,27167.92,531.38,771.2
16682,217236.33,90640.0,66575.59,21477.951,487.37,771.3
16683,158819.36,93061.0,18940.041,19204.73,205.38,771.3
16684,175907.2,92873.0,34030.832,8506.41,237.98,771.4
16685,173662.72,91734.0,34715.91,13106.48,184.19,771.5
16686,199972.64,101989.0,38537.48,21202.88,415.65,771.6
16687,166406.23,94376.0,17825.92,15339.91,115.73,771.6
16688,202969.77,98995.0,42416.14,28093.47,233.09,771.6
16689,176958.88,105429.0,21815.3,10826.34,228.2,771.6
16690,196956.48,97801.0,27334.0,20692.53,234.72,771.6
16691,184684.64,100446.0,28183.43,14421.28,130.4,771.7
16692,258867.84,106340.0,35330.06,15224.0,295.03,771.7
16693,135919.84,80153.0,21119.84,14973.15,190.71,771.8
16694,164120.33,90075.0,32735.06,9191.49,231.46,771.8
16695,185598.56,97378.0,36487.43,9700.11,309.7,771.8
16696,132828.64,76391.0,48049.02,15822.58,386.31,771.8
16697,220960.33,108097.0,32679.701,19434.82,283.62,771.9
16698,147693.28,63710.0,52605.84,21830.871,242.87,771.9
16699,151319.84,86132.0,17872.63,12350.47,78.24,771.9
16700,211064.0,105812.0,38132.66,9169.0,402.61,771.9
16701,145127.36,83096.0,29880.56,11620.41,242.87,772.0
16702,244644.97,101660.0,31160.76,20497.041,366.75,772.0
16703,196647.36,98549.0,42907.46,8580.8,270.58,772.0
16704,165735.36,98519.0,19976.31,14897.03,154.85,772.0
16705,174005.44,90949.0,31998.08,20687.34,179.3,772.0
16706,15537.76,15528.0,1451.47,503.43,-52.16,772.0
16707,200653.6,99762.0,43038.94,15301.851,327.63,772.1
16708,173517.12,93041.0,29321.77,15260.33,262.43,772.1
16709,148977.92,81676.0,45270.64,10753.68,317.85,772.1
16710,221455.36,104817.0,29396.16,11331.5,327.63,772.2
16711,213676.95,99690.0,33056.84,19628.58,340.67,772.2
16712,163153.77,92680.0,25986.33,20244.46,283.62,772.2
16713,114534.56,72684.0,26100.51,14542.38,249.39,772.2
16714,190794.23,104692.0,20522.99,15248.22,195.6,772.2
16715,138087.05,82108.0,47142.5,9734.71,254.28,772.3
16716,262143.0,103421.0,73443.69,47950.41,591.69,772.4
16717,168267.69,93815.0,39174.12,15509.45,438.47,772.4
16718,194060.16,100759.0,25773.541,18204.791,182.56,772.4
16719,164161.77,85197.0,36094.72,31894.281,342.3,772.4
16720,205409.12,103887.0,26574.531,12161.9,163.0,772.4
16721,155696.8,91106.0,25294.33,17448.78,387.94,772.4
16722,151079.05,76844.0,39540.88,31598.451,224.94,772.4
16723,75626.88,42340.0,47031.78,250.85,363.49,772.5
16724,55621.44,33868.0,22043.66,224.90001,231.46,772.5
16725,134122.23,65873.0,35331.79,18739.36,304.81,772.5
16726,191313.92,99391.0,34997.9,18235.93,278.73,772.5
16727,212730.56,92291.0,50778.96,13447.29,383.05,772.6
16728,178225.6,89713.0,49208.12,21559.26,330.88998,772.6
16729,224398.72,107752.0,45345.03,11537.37,358.6,772.7
16730,196090.72,101499.0,53233.832,11622.14,291.77,772.7
16731,203938.56,108808.0,54278.75,32660.67,526.49,772.7
16732,181722.23,93960.0,30010.31,15191.13,280.36,772.7
16733,147025.77,82392.0,22822.16,3850.98,184.19,772.8
16734,187904.64,55401.0,57662.63,14263.851,503.67,772.8
16735,148079.69,87365.0,26330.6,12276.08,220.05,772.8
16736,186223.52,93581.0,43154.85,17656.38,182.56,772.8
16737,194145.28,98280.0,39080.7,17419.371,348.82,772.8
16738,212972.48,103741.0,48484.98,15326.07,311.33,772.8
16739,208296.48,101689.0,54462.13,23929.36,216.79,772.9
16740,182389.77,101160.0,21041.99,7563.56,166.26,772.9
16741,212597.28,95700.0,39866.12,23150.86,247.76,772.9
16742,262143.0,106523.0,88309.58,41641.1,599.84,772.9
16743,262143.0,116372.0,29529.371,16685.85,280.36,772.9
16744,203101.92,106684.0,47239.38,5480.64,319.48,773.0
16745,228771.2,110143.0,36784.992,15974.82,322.74,773.0
16746,216273.12,104717.0,54399.85,11324.58,257.54,773.0
16747,110763.52,68137.0,28109.041,5918.33,404.24,773.1
16748,206563.84,92433.0,42068.41,21502.17,257.54,773.1
16749,220312.97,100085.0,54059.04,6990.93,275.47,773.1
16750,213727.36,102264.0,36248.69,11419.73,193.97,773.1
16751,65944.48,12645.0,103964.35,359.84,396.09,773.1
16752,194826.23,102125.0,29716.21,20974.52,345.56,773.1
16753,211098.72,104992.0,44211.88,10921.49,233.09,773.1
16754,184849.28,93444.0,44424.67,15919.46,216.79,773.1
16755,194451.05,102997.0,39160.28,15371.05,239.61,773.2
16756,172569.6,89824.0,28074.44,14481.83,339.04,773.2
16757,178855.05,96840.0,21669.98,14284.61,239.61,773.2
16758,262143.0,97889.0,42108.2,19137.26,412.38998,773.2
16759,71774.08,46612.0,40201.742,159.16,278.73,773.4
16760,163549.12,83380.0,29501.69,17109.7,190.71,773.5
16761,197594.88,107745.0,32541.3,11087.57,309.7,773.6
16762,217339.36,86348.0,73044.06,9480.4,524.86,773.6
16763,211176.0,103265.0,60413.332,6939.0303,350.45,773.6
16764,144126.08,79337.0,17018.01,13852.11,169.52,773.7
16765,155477.28,88632.0,18284.371,12599.59,208.64,773.7
16766,178737.44,96743.0,32759.281,6703.75,303.18,773.7
16767,164329.77,91121.0,30084.701,11279.601,365.12,773.8
16768,239224.16,112052.0,28792.39,24908.541,128.77,773.9
16769,141065.12,80977.0,28634.96,17265.4,326.0,773.9
16770,156162.72,83989.0,31131.35,4684.84,167.89,774.0
16771,213032.95,102332.0,25719.91,17500.68,195.6,774.0
16772,195071.52,101170.0,53700.93,9520.19,255.91,774.0
16773,174664.0,93237.0,30826.871,12725.88,264.06,774.0
16774,169568.0,85777.0,32600.121,14042.41,234.72,774.1
16775,224515.2,101833.0,81597.18,40293.43,629.18,774.2
16776,210694.4,100932.0,35255.67,18694.38,257.54,774.3
16777,228595.36,105145.0,33752.3,16801.76,260.8,774.3
16778,118379.52,67105.0,26000.17,10580.68,239.61,774.3
16779,160938.4,88108.0,33748.84,12045.99,264.06,774.3
16780,215331.2,105849.0,37494.29,31456.59,257.54,774.3
16781,262143.0,99698.0,74587.22,36760.77,593.32,774.4
16782,124875.52,77147.0,50913.902,26474.19,414.02,774.4
16783,164122.56,93962.0,30579.48,11608.3,233.09,774.5
16784,21711.2,15308.0,11635.98,202.41,164.63,774.5
16785,167889.12,88264.0,33451.28,21754.75,345.56,774.5
16786,153671.84,84997.0,27216.36,14459.34,255.91,774.6
16787,170831.36,100195.0,19353.51,13852.11,211.9,774.6
16788,156356.48,83025.0,26768.291,5738.41,283.62,774.6
16789,242033.12,121989.0,51951.902,25392.94,420.54,774.7
16790,183923.05,104119.0,25168.041,20211.59,114.1,774.7
16791,235409.44,100669.0,71004.39,24636.93,519.97,774.8
16792,262143.0,98575.0,52244.27,21725.34,433.58,775.0
16793,18923.52,5905.0,38805.63,176.46,130.4,775.1
16794,98883.68,58593.0,22778.91,17729.041,280.36,775.3
16795,175054.88,97108.0,30036.26,17208.31,260.8,775.3
16796,210481.6,107289.0,27724.98,22455.4,242.87,775.4
16797,235718.56,86424.0,29719.67,19246.25,267.32,775.5
16798,177945.6,94370.0,25974.22,13587.42,322.74,775.7
16799,182551.05,96313.0,27186.951,14710.19,156.48,775.9
16800,135858.23,77580.0,38961.332,10220.84,327.63,776.0
16801,31300.64,17829.0,18794.72,129.75,91.28,776.1
16802,210026.88,103141.0,47756.652,13727.55,265.69,776.1
16803,150464.16,91696.0,21398.371,7366.34,97.8,776.2
16804,196324.8,100400.0,29325.23,18199.6,296.66,776.2
16805,198816.8,103145.0,31115.781,16519.77,114.1,776.3
16806,177185.12,92925.0,36617.18,16175.5,149.96,776.3
16807,184205.28,95840.0,33594.87,13753.5,366.75,776.4
16808,196583.52,96004.0,28017.35,19557.65,304.81,776.5
16809,171463.05,99325.0,14592.55,9461.37,149.96,776.6
16810,130174.24,78984.0,23702.73,14246.55,237.98,776.6
16811,179707.36,95681.0,38207.05,11319.39,394.46,776.7
16812,163609.6,95099.0,32011.92,11807.25,228.2,776.8
16813,148216.33,76349.0,26420.56,14654.83,314.59,776.8
16814,187916.95,100368.0,36539.332,19049.03,163.0,776.8
16815,198067.52,95364.0,28154.02,24922.38,281.99,776.9
16816,257371.52,120353.0,51903.46,25538.26,418.91,776.9
16817,192160.64,95940.0,39065.13,32902.87,291.77,777.1
16818,193417.28,95462.0,31582.88,21574.83,277.1,777.1
16819,192390.23,97336.0,28287.23,22443.291,350.45,777.2
16820,170903.05,92452.0,24420.68,8359.36,158.11,777.2
16821,97009.92,65497.0,16049.21,12386.8,163.0,777.2
16822,156208.64,88021.0,18094.07,8278.05,136.92,777.3
16823,181201.44,99177.0,35984.0,15616.71,355.34,777.3
16824,208867.69,92301.0,49265.21,11966.41,379.79,777.4
16825,167961.92,90809.0,28515.59,14606.391,251.02,777.4
16826,262143.0,109409.0,55043.41,56150.61,697.64,777.4
16827,219178.4,106554.0,35086.13,24041.81,281.99,777.5
16828,54448.8,38839.0,28318.371,93.42,198.86,777.5
16829,212798.88,103937.0,39655.06,14900.49,347.19,777.5
16830,143616.48,89857.0,26027.85,7679.47,128.77,777.5
16831,199810.23,106639.0,26491.49,5856.0503,215.16,777.6
16832,237342.56,94425.0,83386.0,21107.73,606.36,777.6
16833,158251.52,92836.0,13386.74,16720.45,84.76,777.7
16834,174720.0,95792.0,25801.22,6629.36,166.26,777.7
16835,262143.0,118372.0,76395.07,5167.5103,425.43,777.8
16836,202396.33,108536.0,35513.44,23659.48,330.88998,777.8
16837,244991.05,107466.0,34686.5,19187.43,295.03,777.9
16838,179556.16,93474.0,33373.43,25453.49,288.51,777.9
16839,147043.69,85348.0,27610.8,7399.21,236.35,778.0
16840,241804.64,109177.0,31551.74,27481.05,314.59,778.0
16841,235767.84,108273.0,56425.68,16263.73,435.21,778.0
16842,196290.08,103688.0,37066.98,18118.291,246.13,778.0
16843,262143.0,112353.0,73403.9,31804.32,555.83,778.1
16844,167774.88,90647.0,18225.55,16789.65,187.45,778.1
16845,32009.6,13437.0,20474.55,148.78,164.63,778.1
16846,219390.08,100364.0,43564.86,16490.36,324.37,778.1
16847,122806.88,74419.0,23751.17,15393.54,208.64,778.1
16848,174238.4,83945.0,20273.871,15172.101,281.99,778.2
16849,262143.0,97458.0,90063.805,40042.582,687.86,778.2
16850,206804.64,90596.0,62679.63,15838.15,198.86,778.3
16851,143306.23,82961.0,22984.78,13805.4,272.21,778.3
16852,262143.0,94321.0,58290.62,20995.28,422.17,778.3
16853,133426.72,68729.0,38798.71,15637.47,379.79,778.3
16854,202387.36,99141.0,42668.72,15701.48,273.84,778.4
16855,166843.05,94297.0,33799.01,15315.69,275.47,778.4
16856,163838.08,90967.0,37342.05,15419.49,172.78,778.4
16857,184539.05,101281.0,30089.89,13538.98,299.92,778.4
16858,260288.0,108932.0,83681.83,40777.832,598.21,778.5
16859,193522.56,102970.0,29821.74,10309.07,296.66,778.6
16860,157894.23,99215.0,23661.21,4131.24,118.99,778.6
16861,180960.64,97583.0,35797.16,15025.05,255.91,778.6
16862,262143.0,112747.0,149525.62,63191.71,1129.59,778.7
16863,107421.44,16325.0,262143.0,1439.36,1929.92,778.7
16864,168274.4,89228.0,30314.791,18213.44,295.03,778.7
16865,216660.64,98765.0,52652.55,25896.371,431.95,778.9
16866,190632.95,100561.0,22643.97,9841.97,226.56999,778.9
16867,176934.23,97184.0,23465.72,19905.38,158.11,778.9
16868,188220.48,96674.0,37691.51,17206.58,303.18,778.9
16869,167835.36,93953.0,29539.75,12817.57,159.74,778.9
16870,165575.2,98544.0,25309.9,13089.18,195.6,779.0
16871,69576.64,42015.0,37665.56,183.38,334.15,779.1
16872,62621.44,22188.0,137946.73,584.74,880.2,779.1
16873,164806.88,93405.0,23991.64,21853.36,220.05,779.1
16874,185184.16,96276.0,30781.89,13999.16,296.66,779.2
16875,212971.36,104093.0,45462.67,14817.45,314.59,779.2
16876,182406.56,101896.0,24467.39,16952.27,273.84,779.2
16877,244733.44,104164.0,67772.75,17130.46,440.1,779.2
16878,167108.48,97933.0,20822.28,9317.78,125.51,779.3
16879,169919.69,97915.0,22194.17,9431.96,229.83,779.3
16880,177542.4,93609.0,32425.39,5994.45,246.13,779.3
16881,237250.72,112563.0,55941.28,11786.49,402.61,779.4
16882,199828.16,98767.0,33681.37,20770.38,268.95,779.4
16883,34210.4,12979.0,61567.242,242.2,417.28,779.4
16884,200561.77,100962.0,67537.47,14788.04,415.65,779.4
16885,211972.33,98861.0,32920.17,27036.44,317.85,779.5
16886,212442.72,98356.0,47915.81,17580.26,423.8,779.5
16887,262143.0,97237.0,62788.62,28975.77,642.22,779.5
16888,170866.08,86905.0,33542.97,13284.67,322.74,779.5
16889,174431.05,98981.0,24358.4,17526.63,197.23,779.5
16890,163490.88,95685.0,17855.33,11663.66,161.37,779.5
16891,240139.2,110006.0,57370.26,16306.98,427.06,779.6
16892,112125.44,70294.0,24870.48,14834.75,352.08,779.6
16893,231032.48,112632.0,49279.05,17094.13,493.88998,779.6
16894,262143.0,110265.0,61882.1,16376.181,552.57,779.7
16895,262143.0,102572.0,129775.95,49993.54,872.05,779.7
16896,189189.28,97393.0,27491.43,16772.35,255.91,779.7
16897,12967.36,6341.0,26276.97,27.68,176.04,779.7
16898,185549.28,92713.0,16803.49,11163.69,185.81999,779.7
16899,213822.56,106111.0,40584.07,18280.91,285.25,779.8
16900,164196.48,92736.0,24448.36,10141.26,189.08,779.8
16901,203859.05,104248.0,34978.87,22505.57,254.28,779.8
16902,187914.72,99356.0,40170.6,10677.561,283.62,779.8
16903,262143.0,97520.0,162239.4,91437.42,1300.74,779.8
16904,261668.97,107967.0,51252.98,26200.85,506.93,779.8
16905,238939.69,115432.0,28662.64,14999.101,259.17,779.8
16906,214566.23,110300.0,58667.76,15957.5205,471.07,779.9
16907,43414.56,28997.0,48548.992,178.19,484.11,779.9
16908,205032.8,97548.0,41985.37,23517.621,443.36,780.0
16909,173088.16,81973.0,113811.51,13618.561,824.77997,780.0
16910,195416.48,92225.0,28154.02,15872.75,376.53,780.0
16911,233617.44,103341.0,43251.73,19789.47,303.18,780.0
16912,190276.8,103921.0,25244.16,18071.58,295.03,780.1
16913,198794.4,104517.0,41561.52,14561.41,220.05,780.1
16914,192486.56,103323.0,38406.0,14950.66,262.43,780.1
16915,146361.6,95835.0,22221.85,6458.09,136.92,780.2
16916,164494.4,92148.0,33006.67,10748.49,223.31,780.2
16917,208626.88,98041.0,29759.46,19026.541,180.93,780.2
16918,157392.48,90320.0,34221.13,4677.92,195.6,780.2
16919,188325.77,97337.0,31271.48,13462.86,236.35,780.2
16920,262143.0,111593.0,97935.305,17028.39,770.99,780.2
16921,262143.0,118845.0,103082.055,52590.27,816.63,780.3
16922,203910.56,94348.0,32134.75,15729.16,220.05,780.3
16923,212919.84,104144.0,31832.0,19183.97,202.12,780.3
16924,177493.12,97832.0,41909.25,16031.91,286.88,780.4
16925,168656.33,88836.0,29268.14,24538.32,158.11,780.4
16926,67785.76,37392.0,23102.42,221.44,221.68,780.4
16927,172607.69,96709.0,26988.0,13836.54,255.91,780.4
16928,239671.05,108396.0,48080.16,14708.46,394.46,780.5
16929,215510.4,104750.0,31558.66,24323.8,280.36,780.5
16930,186300.8,102348.0,32684.89,15360.67,182.56,780.6
16931,225652.0,111796.0,38727.78,9234.74,423.8,780.6
16932,40671.68,16909.0,60581.14,126.29,295.03,780.6
16933,172670.4,97185.0,19585.33,12860.82,193.97,780.7
16934,196184.8,98120.0,36900.902,22560.93,304.81,780.7
16935,196644.0,101792.0,22823.89,13154.92,187.45,780.7
16936,198680.16,97076.0,17185.82,12774.32,167.89,780.7
16937,200454.23,57821.0,54320.27,11857.42,378.16,780.8
16938,145684.0,77142.0,50668.242,9156.89,329.26,780.8
16939,176668.8,96920.0,29809.63,17128.73,153.22,780.9
16940,189211.69,99078.0,21061.02,8134.46,156.48,781.0
16941,162158.08,86002.0,38426.76,11248.46,322.74,781.0
16942,130422.88,74208.0,32442.69,11767.46,384.68,781.1
16943,153664.0,77792.0,35037.69,21924.291,326.0,781.1
16944,220318.56,98779.0,52282.332,28117.69,414.02,781.2
16945,171978.23,95532.0,23496.86,15480.04,102.69,781.3
16946,246168.16,117420.0,55809.8,26820.19,311.33,781.3
16947,183215.2,94421.0,35638.0,8881.82,298.29,781.3
16948,194701.92,92420.0,32539.57,11111.79,211.9,781.4
16949,190527.69,106093.0,28152.291,10589.33,249.39,781.4
16950,168927.36,87932.0,31890.82,9205.33,138.55,781.5
16951,124059.04,71253.0,29081.3,22682.03,332.52,781.5
16952,191232.16,97397.0,35997.84,7769.43,264.06,781.5
16953,177612.95,97584.0,23111.07,14578.71,272.21,781.5
16954,169762.88,101877.0,31473.89,11338.42,205.38,781.6
16955,204945.44,88768.0,52540.1,9895.601,334.15,781.6
16956,211840.16,103373.0,45864.03,19459.041,295.03,781.6
16957,165494.56,90731.0,24981.201,14552.76,301.55,781.6
16958,209017.77,102497.0,41134.21,15616.71,339.04,781.6
16959,218005.77,105118.0,49715.01,20344.8,389.57,781.6
16960,170248.95,98094.0,21522.93,6527.29,252.65,781.7
16961,256241.44,104865.0,79801.44,16933.24,472.7,781.7
16962,177237.77,92595.0,33179.67,10691.4,205.38,781.7
16963,153117.44,94832.0,28939.44,17556.041,234.72,781.7
16964,183771.84,95388.0,50173.46,18950.42,304.81,781.8
16965,241823.69,106964.0,57427.35,16108.03,386.31,781.8
16966,137121.6,71476.0,21875.85,13746.58,298.29,781.8
16967,262143.0,108009.0,95044.47,48395.02,803.59,781.8
16968,207360.16,100688.0,38321.23,18876.03,340.67,781.9
16969,247373.28,111009.0,62063.75,31101.94,430.32,781.9
16970,190131.2,99840.0,39132.6,13231.04,373.27,781.9
16971,187614.56,92849.0,41025.22,8406.07,268.95,781.9
16972,211570.23,98505.0,32127.83,19291.23,259.17,781.9
16973,203848.95,102308.0,46130.45,23867.08,312.96,781.9
16974,237114.08,110352.0,53694.01,40438.75,389.57,781.9
16975,6685.28,6716.0,852.89,396.17,30.97,782.1
16976,12972.96,7497.0,21604.24,60.55,171.15,782.3
16977,13044.64,10224.0,3454.81,17.3,27.71,782.3
16978,166466.72,90875.0,26190.47,16189.34,115.73,783.2
16979,153559.84,91687.0,24318.61,10805.58,190.71,783.3
16980,185511.2,96165.0,29472.281,19722.0,272.21,783.4
16981,140692.16,86952.0,25479.44,5210.7603,114.1,783.5
16982,153556.48,87790.0,40409.34,23351.541,358.6,783.5
16983,123398.24,76847.0,50578.28,10784.82,422.17,783.6
16984,208199.05,98361.0,31797.4,19858.67,290.13998,783.7
16985,184079.84,96744.0,34589.62,12563.26,210.27,783.7
16986,209226.08,97648.0,40348.79,16511.121,236.35,783.7
16987,231782.88,104208.0,53496.79,13663.54,448.25,783.8
16988,202883.52,98050.0,48173.582,17339.791,278.73,783.8
16989,185419.36,94349.0,41352.19,15089.061,306.44,783.9
16990,196959.84,103349.0,35674.332,16867.5,140.18,783.9
16991,173007.52,99911.0,27899.71,10127.42,140.18,783.9
16992,228614.4,97999.0,36355.95,14741.33,195.6,784.0
16993,123157.44,73907.0,15476.58,17429.75,143.44,784.0
16994,200294.08,106244.0,34079.27,12992.3,185.81999,784.0
16995,155197.28,88892.0,30989.49,11113.5205,177.67,784.0
16996,169163.69,86160.0,39073.78,15286.28,295.03,784.1
16997,229951.69,106248.0,25626.49,21630.19,127.14,784.1
16998,198587.2,100180.0,29733.51,17777.48,277.1,784.1
16999,162537.77,97920.0,27233.66,15386.62,231.46,784.2
17000,225254.4,111864.0,34146.742,32838.86,270.58,784.2
17001,148553.44,85611.0,32321.59,13860.76,218.42,784.2
17002,138941.6,80833.0,34485.82,31108.86,438.47,784.3
17003,205831.36,105382.0,26958.59,8539.28,267.32,784.3
17004,262143.0,101069.0,54732.01,30368.42,503.67,784.3
17005,143652.33,83219.0,19431.36,7316.17,122.25,784.3
17006,133143.36,76827.0,47801.63,17047.42,575.39,784.3
17007,163694.72,84681.0,32190.111,7120.68,224.94,784.3
17008,218919.69,108068.0,25950.0,8627.51,277.1,784.4
17009,154476.0,92852.0,33743.65,15135.7705,158.11,784.4
17010,250961.77,100688.0,60406.41,28977.5,536.27,784.4
17011,228014.08,101605.0,39054.75,22221.85,293.4,784.4
17012,206429.44,98530.0,30221.371,23367.11,317.85,784.5
17013,180560.8,99351.0,25237.24,17699.63,319.48,784.5
17014,192264.8,97443.0,31114.05,12366.04,211.9,784.5
17015,9856.0,7664.0,9606.69,48.440002,16.3,784.5
17016,246901.77,101177.0,62378.61,25697.42,404.24,784.5
17017,233066.4,104765.0,192173.6,24315.15,1348.01,784.5
17018,104924.96,71185.0,24002.02,11136.01,272.21,784.6
17019,262143.0,112353.0,160594.17,79462.36,1512.64,784.6
17020,134106.56,77109.0,27543.33,10909.38,229.83,784.6
17021,234552.64,109754.0,56894.51,24259.791,356.97,784.8
17022,226888.48,82628.0,57380.64,28695.51,529.75,784.8
17023,154562.23,70245.0,45507.652,17223.88,360.23,784.9
17024,231131.05,101995.0,55567.6,20830.93,414.02,784.9
17025,156313.92,82372.0,35560.152,15663.42,277.1,784.9
17026,203322.56,93064.0,51275.47,26308.11,449.88,785.0
17027,152949.44,88619.0,27195.6,7857.66,205.38,785.0
17028,170410.23,84796.0,54519.22,19644.15,632.44,785.0
17029,262143.0,100215.0,78201.19,22545.36,634.07,785.1
17030,200193.28,91321.0,68789.99,28525.97,528.12,785.1
17031,262143.0,110640.0,232316.52,76114.81,1652.82,785.2
17032,262143.0,106164.0,88447.984,54517.492,917.69,785.3
17033,209832.0,101809.0,50104.26,17123.541,389.57,785.3
17034,262143.0,108855.0,90869.984,32475.56,813.37,785.4
17035,161194.88,87151.0,28735.3,13853.84,257.54,785.4
17036,5860.96,5890.0,816.56,1043.1901,6.52,785.5
17037,154586.88,87317.0,23244.28,12777.78,115.73,785.7
17038,262143.0,96277.0,74588.95,27507.0,526.49,785.8
17039,178395.84,99256.0,19832.72,17844.951,252.65,785.9
17040,126488.32,81040.0,25806.41,7110.3003,190.71,786.0
17041,210161.28,108445.0,41718.95,14634.07,381.42,786.1
17042,12754.56,12436.0,3669.33,486.13,78.24,786.2
17043,159993.12,85532.0,36769.42,23221.791,216.79,786.2
17044,226552.48,107282.0,40566.77,15516.37,314.59,786.3
17045,117536.164,60794.0,35944.21,12639.38,422.17,786.3
17046,162158.08,83168.0,38136.12,15071.76,205.38,786.4
17047,217850.08,102809.0,28216.3,18256.69,299.92,786.4
17048,168119.84,92740.0,24481.23,11475.09,236.35,786.5
17049,95235.84,62746.0,19850.02,19495.371,207.01,786.5
17050,225296.97,103702.0,39103.19,23688.89,267.32,786.6
17051,179063.36,96291.0,34515.23,12286.46,304.81,786.7
17052,162388.8,91021.0,44050.992,15407.38,177.67,786.7
17053,217960.95,100193.0,50728.79,22778.91,291.77,786.8
17054,213327.52,102673.0,52611.03,12533.851,265.69,786.8
17055,165639.05,91972.0,38120.55,21017.77,332.52,786.9
17056,175049.28,86041.0,29717.94,13122.05,197.23,786.9
17057,262143.0,107128.0,57211.1,21028.15,526.49,786.9
17058,251556.48,111284.0,55609.12,18071.58,399.35,787.0
17059,262143.0,111379.0,47424.492,20548.94,467.81,787.2
17060,190249.92,96929.0,41362.57,10847.101,193.97,787.2
17061,177998.23,96684.0,30662.52,8008.17,265.69,787.3
17062,194664.95,102009.0,35911.34,19824.07,322.74,787.4
17063,157372.33,101308.0,34840.47,14289.8,322.74,787.5
17064,192183.05,100170.0,37627.5,17581.99,172.78,787.6
17065,22540.0,9303.0,57340.85,46.71,182.56,787.7
17066,210609.28,95562.0,42993.96,16258.54,378.16,788.2
17067,161754.88,95381.0,16336.391,14173.891,202.12,788.3
17068,171095.69,90036.0,41253.582,13201.63,343.93,788.3
17069,143689.28,74669.0,29982.63,18306.86,202.12,788.4
17070,150353.28,89796.0,34575.78,12494.061,308.07,788.4
17071,136654.56,84859.0,27124.67,8783.21,91.28,788.5
17072,177806.72,97222.0,31387.39,15106.36,255.91,788.5
17073,121571.52,67652.0,47182.29,13822.7,422.17,788.6
17074,176668.8,92985.0,29593.38,12061.561,203.75,788.6
17075,215672.8,102545.0,43777.652,17708.28,339.04,788.7
17076,234868.48,100053.0,79813.555,31489.46,723.72,788.7
17077,156191.84,95678.0,21981.38,14303.641,171.15,788.8
17078,162700.16,94188.0,31430.64,10815.96,278.73,788.8
17079,224712.33,105576.0,63039.47,21474.49,459.66,788.8
17080,192284.95,96427.0,23299.64,14993.91,213.53,788.9
17081,204284.64,105096.0,30159.09,20068.0,252.65,788.9
17082,138752.33,75137.0,45995.51,34790.3,396.09,788.9
17083,145082.56,79504.0,35278.16,7653.52,285.25,789.0
17084,174725.6,92696.0,21159.63,13289.86,107.58,789.0
17085,167840.95,98505.0,34240.16,9665.51,187.45,789.0
17086,212214.23,104894.0,26072.83,9907.71,334.15,789.0
17087,224918.4,104192.0,35700.28,19737.57,335.78,789.1
17088,190546.72,94016.0,57965.38,6819.66,384.68,789.1
17089,229652.64,104268.0,45511.11,13743.12,327.63,789.1
17090,136467.52,84977.0,21171.74,15933.3,324.37,789.2
17091,169385.44,92917.0,34136.36,13042.47,446.62,789.2
17092,242197.77,110499.0,48161.47,21452.0,453.13998,789.2
17093,262143.0,108159.0,68092.8,38802.17,562.35,789.3
17094,198139.2,102119.0,35010.01,23616.23,301.55,789.4
17095,132294.4,74697.0,44689.36,17351.9,479.22,789.4
17096,191661.12,105194.0,18097.53,13253.53,198.86,789.4
17097,198422.56,93976.0,44879.66,16606.27,503.67,789.4
17098,232826.72,109360.0,58354.63,20438.22,490.63,789.5
17099,147377.44,91332.0,19981.5,8310.92,105.95,789.5
17100,233010.4,110376.0,31005.06,21640.57,298.29,789.5
17101,130174.24,71585.0,57387.562,21232.291,260.8,789.5
17102,235351.2,115339.0,63008.332,12025.23,443.36,789.6
17103,248729.6,112218.0,47040.43,15801.82,376.53,789.6
17104,197919.69,103491.0,40452.59,21187.31,326.0,789.6
17105,186821.6,95213.0,32833.67,9639.561,223.31,789.6
17106,165549.44,86429.0,36015.14,14549.3,339.04,789.7
17107,156918.72,90688.0,29657.39,16113.22,154.85,789.7
17108,223510.56,105829.0,51235.68,7527.23,394.46,789.7
17109,191712.64,82692.0,58864.98,8985.62,495.52,789.8
17110,236309.92,114616.0,28539.81,19490.18,268.95,789.8
17111,160250.72,88613.0,25375.64,10148.18,169.52,789.8
17112,253966.72,104872.0,69864.32,43128.902,731.87,789.8
17113,235045.44,114764.0,37904.3,18931.39,392.83,789.8
17114,184004.8,101736.0,28115.96,14500.86,237.98,789.8
17115,171637.77,99585.0,25839.281,9566.9,231.46,789.9
17116,224257.6,102225.0,71545.88,12296.84,668.3,789.9
17117,168647.36,92796.0,31684.951,7547.99,342.3,789.9
17118,214291.84,109508.0,47599.22,12250.13,428.69,790.0
17119,161006.72,88378.0,34499.66,17125.27,277.1,790.0
17120,172921.28,92650.0,25465.6,16282.76,149.96,790.0
17121,200436.33,99331.0,32357.92,17514.52,283.62,790.0
17122,171515.69,92290.0,25323.74,15357.21,360.23,790.1
17123,200674.88,98397.0,45149.54,21315.33,329.26,790.1
17124,64977.92,10547.0,133796.47,309.67,1157.3,790.1
17125,189725.77,91029.0,41170.54,14403.98,345.56,790.1
17126,196711.2,100465.0,50441.61,17234.26,461.29,790.2
17127,193485.6,99936.0,47931.38,31799.13,433.58,790.2
17128,262143.0,96388.0,46376.11,30621.0,534.64,790.2
17129,185491.05,100210.0,38080.76,15571.73,270.58,790.2
17130,214392.64,102542.0,27615.99,18407.201,268.95,790.2
17131,220993.92,99273.0,56538.13,24723.43,425.43,790.3
17132,240527.84,85856.0,17967.78,4598.34,295.03,790.3
17133,121682.4,71185.0,38277.98,25552.1,379.79,790.3
17134,262143.0,104759.0,68755.39,25645.52,529.75,790.4
17135,256771.2,103939.0,57299.332,27363.41,471.07,790.4
17136,164829.28,88196.0,29911.701,15300.12,277.1,790.4
17137,167419.84,98224.0,24652.5,7845.5503,208.64,790.4
17138,262143.0,107905.0,93764.27,16867.5,648.74,790.4
17139,229614.56,101668.0,34016.992,18978.1,528.12,790.4
17140,122708.32,66485.0,43251.73,21040.26,472.7,790.4
17141,180090.4,100972.0,32449.611,10435.36,360.23,790.5
17142,262143.0,102605.0,47170.18,49564.5,508.56,790.5
17143,241816.97,105273.0,57076.16,37610.2,467.81,790.5
17144,207612.16,109208.0,39854.01,23470.91,283.62,790.6
17145,212588.33,107890.0,27763.041,14386.68,273.84,790.6
17146,197065.12,99964.0,37656.91,19715.08,268.95,790.6
17147,223611.36,106857.0,43506.04,21595.59,347.19,790.6
17148,213939.05,98333.0,36814.402,12144.601,220.05,790.6
17149,243700.8,89393.0,45822.51,36996.05,387.94,790.7
17150,160627.05,78120.0,47514.45,28154.02,414.02,790.7
17151,183364.16,90745.0,44377.96,21536.77,378.16,790.7
17152,214529.28,102781.0,34639.79,22694.14,361.86,790.7
17153,224580.16,102260.0,48118.22,20567.97,423.8,790.7
17154,148061.77,28493.0,262143.0,1607.17,2391.21,790.8
17155,262143.0,116180.0,41234.55,27853.0,350.45,790.8
17156,182824.33,91544.0,24700.94,13461.13,205.38,790.9
17157,147187.05,82711.0,34191.72,7048.02,246.13,791.0
17158,177363.2,96408.0,36210.63,14613.311,216.79,791.0
17159,165870.88,96205.0,25839.281,14715.38,229.83,791.1
17160,174020.0,92506.0,39501.09,15419.49,370.01,791.1
17161,133931.84,22839.0,128090.93,198.95,704.16,791.1
17162,210675.36,109883.0,46997.18,20671.77,270.58,791.2
17163,180941.6,91656.0,33461.66,9755.47,405.87,791.2
17164,173240.48,92424.0,32764.47,19792.93,299.92,791.2
17165,262143.0,96809.0,64093.04,22792.75,629.18,791.3
17166,195261.92,96840.0,22977.86,7598.16,296.66,791.3
17167,182694.4,90630.0,46642.53,29233.541,448.25,791.4
17168,167759.2,93132.0,30067.4,10587.601,229.83,791.5
17169,58453.92,26918.0,57918.67,408.28,563.98,791.5
17170,184354.23,96352.0,36580.85,18289.56,244.5,791.6
17171,233234.4,95445.0,51024.62,19331.02,443.36,791.7
17172,210201.6,108832.0,38001.18,14019.92,285.25,791.7
17173,170564.8,97444.0,29394.43,12751.83,352.08,791.7
17174,220942.4,101883.0,36293.67,13449.0205,237.98,791.7
17175,219993.77,101987.0,62677.902,20448.6,400.98,791.8
17176,150143.84,83533.0,27847.81,9295.29,233.09,791.9
17177,188397.44,97307.0,44165.17,8302.2705,405.87,791.9
17178,255682.56,97647.0,83062.49,28375.46,625.92,791.9
17179,55819.68,20893.0,46526.62,245.66,304.81,792.0
17180,180840.8,97992.0,34553.29,24107.55,241.24,792.1
17181,156425.92,85808.0,28309.72,10888.62,231.46,792.1
17182,155678.88,83997.0,29418.65,13398.851,169.52,792.1
17183,154468.16,91864.0,26264.86,8883.55,239.61,792.2
17184,193383.69,83363.0,57314.902,18466.02,469.44,792.3
17185,262143.0,125926.0,49324.03,24770.14,327.63,792.3
17186,167493.77,97208.0,41179.19,11161.96,303.18,792.3
17187,29395.52,23590.0,5359.54,-19.03,14.67,792.4
17188,181504.95,100712.0,24155.99,19363.89,334.15,792.4
17189,197262.23,105324.0,33451.28,8402.61,151.59,792.5
17190,188874.56,100869.0,44447.16,20152.77,215.16,792.8
17191,146447.84,78991.0,32894.22,11828.01,233.09,792.8
17192,184782.08,101017.0,16137.44,10558.19,167.89,793.1
17193,91762.72,57350.0,20296.36,14075.28,47.27,793.2
17194,141005.77,82904.0,28577.871,12582.29,299.92,793.3
17195,204443.69,104117.0,43476.63,10098.01,208.64,793.3
17196,11512.48,7649.0,27792.451,29.41,207.01,793.3
17197,33219.2,21980.0,4731.5503,6.92,52.16,793.3
17198,198722.72,103887.0,44265.51,11392.05,288.51,793.3
17199,181222.72,101126.0,35468.46,12125.57,185.81999,793.4
17200,193607.69,96663.0,24886.05,12577.101,213.53,793.4
17201,262143.0,112435.0,64269.5,19417.52,506.93,793.5
17202,231770.56,104257.0,44815.652,2416.81,350.45,793.6
17203,130696.164,82282.0,14730.95,9155.16,110.84,793.6
17204,201941.6,104428.0,43448.95,13312.351,228.2,793.9
17205,217073.92,106877.0,57150.55,25823.71,321.11,794.2
17206,28092.96,24073.0,11521.8,633.18,443.36,794.2
17207,209545.28,104037.0,61207.402,17127.0,348.82,794.3
17208,213609.77,97264.0,36330.0,13654.891,242.87,794.4
17209,168467.05,96164.0,26225.07,15422.95,174.41,794.4
17210,200122.72,95861.0,39518.39,16220.48,366.75,794.5
17211,230566.56,108968.0,38075.57,26790.781,295.03,794.6
17212,206502.23,99008.0,48178.77,21851.63,396.09,794.7
17213,209125.28,98218.0,36304.05,13360.79,316.22,794.7
17214,169685.6,89977.0,24508.91,20104.33,234.72,794.8
17215,184166.08,98619.0,25069.43,21791.08,237.98,794.8
17216,184617.44,94568.0,36705.41,13343.49,340.67,794.8
17217,229853.12,108105.0,49355.17,19668.371,277.1,794.9
17218,204926.4,104683.0,34304.17,14928.17,374.9,794.9
17219,169600.48,101865.0,15440.25,12110.0,118.99,794.9
17220,175384.16,104013.0,42601.25,14640.99,312.96,795.0
17221,180377.12,88083.0,53436.242,12912.72,383.05,795.0
17222,165290.72,96785.0,26214.69,14317.48,236.35,795.0
17223,226938.88,103356.0,38655.12,23673.32,293.4,795.0
17224,234306.23,102429.0,55757.902,38566.89,427.06,795.1
17225,175566.72,97665.0,19244.52,14729.22,211.9,795.2
17226,206864.0,95932.0,40969.86,18623.451,373.27,795.2
17227,210254.23,103261.0,52593.73,21448.541,461.29,795.2
17228,191866.08,100911.0,27998.32,19895.0,195.6,795.2
17229,167737.92,83859.0,60830.26,25432.73,456.4,795.2
17230,262143.0,101244.0,79017.75,30676.36,590.06,795.2
17231,158634.56,89751.0,26865.17,17869.17,224.94,795.2
17232,206666.88,101612.0,46517.97,13258.72,309.7,795.3
17233,213531.36,105903.0,47395.082,21128.49,257.54,795.3
17234,241709.44,105777.0,68286.56,50626.72,529.75,795.4
17235,183342.88,101019.0,35485.76,16715.26,251.02,795.4
17236,151819.36,90401.0,24823.77,11033.94,184.19,795.4
17237,193585.28,92519.0,35349.09,15447.17,264.06,795.4
17238,187601.12,101965.0,30783.621,12006.2,316.22,795.5
17239,128492.0,69303.0,42869.402,19538.621,472.7,795.5
17240,176436.95,82578.0,75268.84,39170.66,599.84,795.5
17241,233775.36,109280.0,58513.79,20514.34,586.8,795.5
17242,216217.12,100232.0,37051.41,22839.46,477.59,795.5
17243,262143.0,89117.0,43990.44,51711.43,560.72,795.6
17244,231448.0,103709.0,51896.54,24057.38,513.45,795.6
17245,243091.52,106549.0,46789.582,14106.42,312.96,795.6
17246,192871.84,104264.0,26948.21,15057.92,185.81999,795.6
17247,262143.0,94924.0,104559.47,65094.71,805.22,795.6
17248,218487.36,96165.0,44424.67,49351.71,454.77,795.6
17249,192568.33,104580.0,26934.371,19675.291,273.84,795.7
17250,211686.72,101646.0,25285.68,23756.36,290.13998,795.7
17251,208070.23,91557.0,57339.12,26725.041,418.91,795.7
17252,262143.0,139030.0,144371.97,82268.42,1297.48,795.8
17253,172957.12,95045.0,26273.51,15602.87,233.09,795.8
17254,262143.0,99631.0,84140.28,44045.8,687.86,795.8
17255,217276.64,90937.0,68227.74,34587.89,513.45,795.8
17256,217063.84,102200.0,42810.582,35266.05,267.32,795.9
17257,247612.97,110282.0,48405.402,19434.82,396.09,795.9
17258,238842.23,112972.0,63589.61,24152.53,360.23,795.9
17259,164225.6,90437.0,19038.65,13518.22,140.18,795.9
17260,198145.92,103142.0,38153.42,18837.97,275.47,795.9
17261,189133.28,89736.0,53199.23,10886.89,396.09,796.0
17262,17270.4,7133.0,31444.48,133.21,154.85,796.0
17263,171058.72,98980.0,27742.281,14068.36,159.74,796.0
17264,226993.77,124172.0,34771.27,38561.7,441.73,796.0
17265,235316.48,106008.0,32385.6,27311.51,343.93,796.0
17266,219922.08,92155.0,85614.24,16116.681,743.27997,796.0
17267,215317.77,108099.0,32994.56,12525.2,275.47,796.1
17268,243343.52,114274.0,62167.55,12134.22,335.78,796.1
17269,191430.4,103713.0,41443.88,21258.24,210.27,796.1
17270,211672.16,90769.0,35539.39,25489.82,374.9,796.1
17271,199647.84,99688.0,25437.92,21462.38,296.66,796.1
17272,224758.23,100724.0,64323.13,20780.76,347.19,796.1
17273,215283.05,103544.0,53624.812,19939.98,461.29,796.2
17274,216444.48,101724.0,30005.121,14699.811,179.3,796.2
17275,212209.77,100989.0,31631.32,13068.42,324.37,796.3
17276,202445.6,96389.0,50704.57,15322.61,365.12,796.3
17277,199147.2,86413.0,86685.11,26043.42,740.02,796.4
17278,211003.52,102889.0,37496.02,9020.22,356.97,796.4
17279,194359.2,94525.0,44393.53,13841.73,456.4,796.4
17280,196057.12,100417.0,26408.451,16545.72,251.02,796.4
17281,222670.56,106018.0,61425.38,15462.74,404.24,796.4
17282,190217.44,99330.0,25768.35,16486.9,154.85,796.5
17283,161269.92,85996.0,36720.98,8042.77,161.37,796.5
17284,214898.88,99296.0,28359.89,26237.18,229.83,796.5
17285,174478.08,92283.0,33255.79,10229.49,154.85,796.5
17286,228808.16,103808.0,35916.53,11983.71,237.98,796.5
17287,175892.64,101061.0,26207.77,15935.03,273.84,796.5
17288,147042.56,76292.0,33359.59,8805.7,262.43,797.0
17289,163666.72,93455.0,41876.38,14184.2705,218.42,797.0
17290,20403.041,16613.0,3944.4001,24.220001,71.72,797.2
17291,179234.72,100014.0,24292.66,12561.53,136.92,797.2
17292,112738.08,66007.0,25001.96,13018.25,208.64,797.2
17293,218578.08,102356.0,39049.56,20422.65,339.04,797.3
17294,177712.64,96764.0,37771.09,3667.6,290.13998,797.4
17295,194691.84,95700.0,38184.56,14253.47,193.97,797.5
17296,186745.44,102696.0,22052.31,14580.44,281.99,797.5
17297,142910.88,80961.0,26462.08,6349.1,224.94,797.5
17298,166949.44,91685.0,30314.791,15116.74,306.44,797.6
17299,205917.6,99223.0,32665.861,14661.75,239.61,797.7
17300,201793.77,108234.0,21213.26,9899.061,123.88,797.8
17301,177925.44,95460.0,35618.97,11350.53,265.69,797.8
17302,85490.72,17168.0,162325.9,508.62,770.99,797.8
17303,161661.92,82967.0,29095.14,7077.43,197.23,797.9
17304,21520.8,7378.0,27517.38,107.26,171.15,798.0
17305,214820.48,100400.0,60710.89,22652.621,407.5,798.0
17306,231348.33,106929.0,47784.332,19168.4,371.63998,798.1
17307,58409.12,35817.0,29570.89,145.32,231.46,798.3
17308,147442.4,82553.0,33023.97,7610.27,254.28,798.4
17309,156507.69,83116.0,35304.11,8518.5205,237.98,798.4
17310,152034.4,82005.0,34714.18,12021.7705,262.43,798.6
17311,177113.44,96125.0,28662.64,14002.62,148.33,798.7
17312,121828.0,74148.0,22194.17,18069.85,233.09,798.9
17313,112514.08,64521.0,49879.36,23988.18,402.61,799.1
17314,91144.48,62254.0,37684.59,17524.9,356.97,799.1
17315,92057.28,61448.0,18408.93,10277.93,159.74,799.2
17316,135420.33,78545.0,42473.23,10573.76,262.43,799.2
17317,185478.72,100452.0,27960.26,8233.07,254.28,799.3
17318,177268.0,96533.0,32475.56,21377.61,247.76,799.4
17319,158450.88,87937.0,28638.42,12217.26,135.29,799.4
17320,194650.4,97124.0,22709.71,22618.02,180.93,799.5
17321,179934.72,83378.0,83948.25,24060.84,632.44,799.5
17322,193127.2,100053.0,20979.71,15611.5205,177.67,799.6
17323,261649.92,115740.0,38300.47,27280.371,386.31,799.6
17324,262143.0,106237.0,66520.234,33084.52,449.88,799.7
17325,214343.36,99123.0,37070.44,14137.561,252.65,799.7
17326,159015.36,92512.0,38985.55,7406.13,154.85,799.8
17327,204338.4,94944.0,39933.59,9030.601,299.92,799.8
17328,161940.8,90690.0,26482.84,9385.25,174.41,799.9
17329,151214.56,84332.0,23033.22,7094.73,275.47,799.9
17330,174708.8,90149.0,37534.082,7978.7603,376.53,799.9
17331,167796.16,87469.0,51342.94,19777.36,326.0,800.0
17332,181608.0,97016.0,30378.8,26820.19,166.26,800.0
17333,87137.12,62416.0,23012.46,10478.61,169.52,800.0
17334,211892.8,96605.0,38790.06,20657.93,291.77,800.1
17335,166819.52,97174.0,26654.11,12270.89,216.79,800.1
17336,127153.6,69625.0,33257.52,25768.35,324.37,800.1
17337,198483.05,105205.0,18336.27,8741.69,123.88,800.1
17338,236573.12,104489.0,75536.99,20130.28,436.84,800.2
17339,31504.48,14438.0,20246.19,129.75,264.06,800.2
17340,262143.0,111632.0,79668.234,24162.91,873.68,800.3
17341,153112.95,89161.0,26185.281,15924.65,224.94,800.4
17342,233377.77,106290.0,43798.41,22989.97,347.19,800.4
17343,135336.33,71652.0,81785.75,12324.5205,598.21,800.4
17344,39256.0,35445.0,5933.9,1539.7001,91.28,800.4
17345,176935.36,96945.0,21187.31,4729.82,246.13,800.5
17346,165114.88,92484.0,39987.22,14023.38,280.36,800.5
17347,140136.64,83029.0,41739.71,8058.3403,237.98,800.6
17348,183038.23,89755.0,36257.34,20808.44,218.42,800.6
17349,138257.28,54906.0,46199.652,18402.01,407.5,800.7
17350,179737.6,91621.0,40001.06,21870.66,246.13,800.7
17351,177824.64,93880.0,32281.8,14128.91,149.96,800.7
17352,194477.92,97521.0,33767.87,21637.11,400.98,800.7
17353,178760.95,89769.0,42827.88,16697.96,286.88,800.8
17354,184238.88,95781.0,27719.791,16716.99,123.88,800.8
17355,141899.52,80355.0,37708.81,22631.86,277.1,800.8
17356,64303.68,42253.0,28614.201,328.7,311.33,800.8
17357,98969.92,57952.0,43123.71,15132.311,329.26,800.9
17358,214698.4,94365.0,41533.84,16154.74,335.78,800.9
17359,187227.05,92965.0,31700.52,17144.3,208.64,800.9
17360,235569.6,93093.0,42089.17,13004.41,330.88998,801.0
17361,185413.77,95475.0,38215.7,19952.09,255.91,801.0
17362,154851.2,86571.0,23064.36,15163.45,293.4,801.0
17363,183486.23,96846.0,44848.52,3776.59,246.13,801.0
17364,180734.4,89654.0,32108.8,18408.93,330.88998,801.0
17365,170422.56,91340.0,44478.3,30316.52,402.61,801.1
17366,229820.64,97464.0,66303.984,30968.73,648.74,801.2
17367,139130.88,90292.0,14182.54,11623.87,132.03,801.2
17368,134988.0,80189.0,20637.17,15549.24,136.92,801.2
17369,181715.52,88849.0,47768.76,8765.91,347.19,801.2
17370,78506.4,49300.0,42487.07,155.7,249.39,801.2
17371,172736.48,96140.0,22515.951,12746.641,220.05,801.2
17372,143699.36,84936.0,32413.281,13502.65,197.23,801.2
17373,203628.33,98251.0,22066.15,18751.47,211.9,801.2
17374,146153.28,86633.0,51955.36,23898.22,332.52,801.3
17375,222567.52,108521.0,41466.37,11084.11,332.52,801.3
17376,185895.36,97813.0,38267.6,19872.51,215.16,801.3
17377,141468.33,73689.0,25126.52,12187.851,192.34,801.3
17378,222334.56,97952.0,46737.68,20438.22,441.73,801.4
17379,251104.0,105764.0,72890.09,28792.39,487.37,801.4
17380,186318.72,94148.0,43315.742,14132.37,296.66,801.4
17381,224411.05,105070.0,36790.18,27776.88,383.05,801.4
17382,166154.23,91832.0,31096.75,13910.93,246.13,801.4
17383,262143.0,118171.0,64229.71,46941.82,687.86,801.4
17384,262143.0,119076.0,125881.72,81825.54,1075.8,801.5
17385,195855.52,104832.0,37333.402,20633.71,153.22,801.5
17386,203434.56,97305.0,58141.84,15495.61,370.01,801.6
17387,183953.28,90156.0,42850.37,20837.85,198.86,801.6
17388,200075.69,95080.0,33440.9,16023.26,283.62,801.6
17389,156338.56,91625.0,17197.93,6772.95,210.27,801.7
17390,204547.84,95008.0,31466.97,12805.46,296.66,801.7
17391,262143.0,110695.0,68679.27,23868.81,573.76,801.7
17392,204939.84,94235.0,45099.37,17365.74,270.58,801.8
17393,187458.88,105780.0,23313.48,12321.061,195.6,801.8
17394,150475.36,80561.0,45099.37,10499.37,229.83,801.8
17395,157590.72,85697.0,23713.11,13101.29,117.36,801.8
17396,210734.72,110745.0,39871.31,20820.55,324.37,801.8
17397,227690.4,100136.0,37686.32,27692.11,257.54,801.8
17398,219595.05,105268.0,37423.36,13410.96,371.63998,801.8
17399,156581.6,83236.0,42360.78,11864.34,270.58,801.9
17400,195196.95,98596.0,37312.64,13466.32,260.8,801.9
17401,217215.05,98152.0,51123.23,23233.9,459.66,801.9
17402,262143.0,100089.0,60224.76,53576.37,498.78,802.0
17403,262143.0,125646.0,162581.94,58148.76,1160.5599,802.0
17404,227477.6,101661.0,55365.19,14820.91,273.84,802.1
17405,215156.48,103329.0,49943.37,20547.21,335.78,802.1
17406,181272.0,95774.0,19637.23,12520.01,208.64,802.1
17407,197280.16,106586.0,30794.0,15599.41,211.9,802.1
17408,152967.36,88179.0,24759.76,14419.55,262.43,802.2
17409,200665.92,99532.0,36136.242,18341.46,539.52997,802.2
17410,249904.48,112588.0,36798.832,16011.15,363.49,802.3
17411,185512.33,98941.0,36624.1,12696.47,221.68,802.3
17412,174854.4,93609.0,37015.082,19986.69,316.22,802.4
17413,159761.28,94153.0,21881.041,9276.26,324.37,802.4
17414,21685.44,20393.0,4861.3003,1010.32,47.27,802.4
17415,165323.2,89995.0,45298.32,23474.371,329.26,802.5
17416,195376.16,95507.0,33686.56,16154.74,202.12,802.5
17417,148779.69,90995.0,25892.91,8954.48,161.37,802.5
17418,181994.4,95847.0,37129.26,19585.33,241.24,802.5
17419,189702.23,104097.0,26712.93,6055.0,237.98,802.6
17420,194547.36,98238.0,37179.43,3281.81,229.83,802.6
17421,197051.69,102565.0,39042.64,20668.31,376.53,802.7
17422,231841.12,104813.0,53425.86,15625.36,301.55,802.7
17423,245642.88,110148.0,58131.46,17543.93,505.3,802.7
17424,147752.64,75810.0,36023.79,10623.93,306.44,802.8
17425,262143.0,88384.0,77289.484,26389.42,624.29,802.8
17426,168922.88,73177.0,32984.18,17201.39,383.05,803.0
17427,201588.8,92480.0,33423.6,10812.5,376.53,803.1
17428,188873.44,99256.0,35174.36,22566.121,286.88,803.2
17429,228145.12,111721.0,43601.19,18000.65,352.08,803.3
17430,80692.64,55067.0,22294.51,13443.83,117.36,803.4
17431,101467.52,60251.0,26183.55,10890.351,229.83,803.4
17432,178680.33,91388.0,76588.83,36944.152,581.91,803.5
17433,193250.4,96156.0,28140.18,14227.5205,288.51,803.5
17434,183943.2,98164.0,29948.031,7563.56,180.93,803.5
17435,63116.48,38980.0,29377.13,192.03,260.8,803.6
17436,181762.56,99559.0,26212.96,13644.51,132.03,803.6
17437,251754.72,108101.0,49232.34,36478.78,464.55,803.6
17438,173540.64,93365.0,23045.33,14703.2705,249.39,803.7
17439,116977.28,72889.0,23595.47,11655.01,211.9,803.7
17440,221925.77,104205.0,57160.93,10162.0205,384.68,803.8
17441,262143.0,113657.0,126613.51,33556.81,875.31,803.8
17442,198359.84,103433.0,41874.652,15672.07,298.29,803.9
17443,262143.0,102236.0,96489.02,33316.34,627.55,804.0
17444,180156.48,101422.0,16492.09,18130.4,254.28,804.7
17445,16576.0,15116.0,6506.5303,83.04,40.75,804.7
17446,165662.56,89769.0,33715.97,8008.17,234.72,804.9
17447,169068.48,97380.0,32100.15,14059.71,226.56999,804.9
17448,198740.64,96429.0,20436.49,11494.12,172.78,804.9
17449,178625.44,97060.0,24680.18,10051.3,205.38,805.0
17450,176635.2,95268.0,29520.72,13793.29,177.67,805.2
17451,161394.23,89775.0,41108.26,21799.73,347.19,805.2
17452,114564.8,70773.0,35861.17,7662.17,231.46,805.4
17453,179215.69,82112.0,51114.582,14663.48,273.84,805.5
17454,206411.52,108494.0,29615.871,11232.89,257.54,805.6
17455,163845.92,92690.0,24297.85,15104.63,141.81,805.6
17456,165331.05,85461.0,26290.81,19386.38,254.28,805.7
17457,165496.8,94361.0,29705.83,10130.88,224.94,805.7
17458,179947.05,100661.0,22009.06,16519.77,220.05,805.8
17459,135748.48,83777.0,38817.742,13544.17,311.33,805.8
17460,179928.0,98990.0,31608.83,15296.66,270.58,805.8
17461,167444.48,95865.0,19547.27,12141.14,213.53,805.8
17462,160684.16,89253.0,31567.31,8418.18,257.54,805.8
17463,93794.4,49152.0,43445.492,332.16,513.45,805.9
17464,184045.12,95132.0,32056.9,14611.58,281.99,805.9
17465,217947.52,102308.0,48616.46,18900.25,355.34,805.9
17466,189424.48,103292.0,31984.24,9454.45,246.13,805.9
17467,174707.69,97452.0,24932.76,10952.63,161.37,806.0
17468,234785.6,104968.0,57510.39,28493.1,348.82,806.0
17469,194220.33,96301.0,33790.36,15379.7,268.95,806.1
17470,194676.16,100334.0,19708.16,21932.94,228.2,806.1
17471,226740.64,109020.0,30453.19,8983.89,272.21,806.1
17472,80435.04,48104.0,9841.97,72.66,71.72,806.1
17473,124088.164,76472.0,33596.6,22706.25,303.18,806.1
17474,173499.2,89909.0,34492.742,16723.91,267.32,806.1
17475,204644.16,97176.0,62155.44,11796.87,531.38,806.1
17476,192235.69,102881.0,30605.43,10573.76,242.87,806.2
17477,180315.52,81212.0,68649.86,10118.7705,376.53,806.2
17478,191192.95,92358.0,54131.7,2530.99,361.86,806.2
17479,175156.8,96604.0,25648.98,12755.29,110.84,806.3
17480,215831.84,103876.0,43640.98,14978.34,272.21,806.3
17481,232333.92,100555.0,44523.28,22119.78,326.0,806.3
17482,209572.16,95673.0,62517.01,29557.05,449.88,806.4
17483,197868.16,100252.0,37978.69,5695.16,254.28,806.4
17484,237099.52,84245.0,59115.832,30074.32,472.7,806.4
17485,213355.52,99869.0,29705.83,14243.09,283.62,806.5
17486,133583.52,64501.0,42599.52,26256.21,244.5,806.5
17487,174232.8,93332.0,39779.62,15786.25,303.18,806.5
17488,262143.0,116069.0,73964.42,58806.16,886.72,806.6
17489,175680.95,23980.0,262143.0,1778.4401,2451.52,806.6
17490,237500.48,104205.0,47782.6,20476.28,412.38998,806.7
17491,185584.0,96196.0,33662.34,13163.57,329.26,806.8
17492,262143.0,104090.0,71820.95,18858.73,471.07,806.8
17493,63050.4,41513.0,18407.201,216.25,197.23,806.8
17494,149626.4,84069.0,20922.621,8710.55,216.79,806.9
17495,228192.16,101188.0,48851.742,9738.17,293.4,806.9
17496,203764.95,95544.0,49137.19,13009.601,366.75,807.0
17497,201588.8,103162.0,39303.87,17118.35,399.35,807.1
17498,179852.95,99645.0,24088.52,10322.91,205.38,807.1
17499,72849.28,47860.0,27839.16,212.79001,298.29,807.2
17500,154679.84,89392.0,28301.07,8528.9,133.66,807.2
17501,157391.36,84488.0,46832.832,14775.93,329.26,807.2
17502,136983.84,87393.0,26958.59,7328.2803,203.75,807.4
17503,137733.12,82442.0,19611.28,8378.39,298.29,807.4
17504,207877.6,100073.0,36575.66,26064.18,244.5,807.5
17505,182016.8,93293.0,34183.07,12130.76,291.77,807.5
17506,197163.69,97037.0,37153.48,20510.88,298.29,807.6
17507,168676.48,92270.0,31259.371,4119.13,277.1,807.6
17508,170787.69,90526.0,29937.65,9281.45,337.41,807.6
17509,156712.64,98164.0,22829.08,12502.71,161.37,807.7
17510,147574.56,87452.0,14784.58,8421.64,123.88,807.7
17511,171284.95,97268.0,20296.36,18523.11,207.01,807.8
17512,184414.72,95989.0,32543.031,12341.82,251.02,807.8
17513,180839.69,98754.0,38265.87,12262.24,342.3,807.9
17514,215614.56,104588.0,41139.402,12243.21,409.13,807.9
17515,173318.88,88525.0,29053.621,17934.91,172.78,807.9
17516,214034.23,99576.0,38599.76,18081.96,224.94,808.0
17517,194836.33,98691.0,44535.39,23925.9,192.34,808.0
17518,166449.92,85736.0,48019.61,24221.73,402.61,808.1
17519,220235.69,92942.0,32005.0,16630.49,314.59,808.1
17520,179572.95,98749.0,19687.4,10340.21,153.22,808.1
17521,220284.97,103325.0,41051.17,16004.23,296.66,808.1
17522,211482.88,102313.0,32875.19,16633.95,275.47,808.2
17523,204587.05,100324.0,33670.992,31984.24,371.63998,808.2
17524,173156.48,93560.0,26361.74,19611.28,143.44,808.2
17525,166361.44,81952.0,28240.52,20474.55,215.16,808.3
17526,161030.23,89921.0,50875.84,16012.88,198.86,808.3
17527,87641.12,30099.0,56043.35,534.57,609.62,808.3
17528,174686.4,96120.0,21926.02,16089.0,184.19,808.3
17529,194092.64,99521.0,22188.98,19675.291,275.47,808.3
17530,257880.0,91524.0,61425.38,34004.88,498.78,808.4
17531,214244.8,113896.0,43971.41,25237.24,423.8,808.4
17532,262143.0,104624.0,130061.4,37781.47,769.36,808.5
17533,36008.0,22906.0,12378.15,-8.65,110.84,808.5
17534,195058.08,103071.0,17597.56,22218.39,208.64,808.6
17535,168704.48,92876.0,25943.08,21022.96,153.22,808.6
17536,221646.88,103620.0,33669.26,8648.2705,314.59,808.7
17537,241071.05,98060.0,53943.13,19573.22,337.41,808.7
17538,198820.16,106441.0,22645.701,17576.8,299.92,808.8
17539,187785.92,91697.0,29569.16,11141.2,180.93,808.8
17540,172249.28,101244.0,18805.1,8141.38,192.34,808.8
17541,167518.4,92889.0,33769.6,12236.29,221.68,808.8
17542,194088.16,102937.0,47564.62,14635.8,340.67,808.8
17543,185119.2,96757.0,27635.02,16864.041,114.1,808.8
17544,206223.36,104262.0,35830.03,16130.5205,198.86,808.9
17545,201869.92,91044.0,39765.78,10897.2705,281.99,808.9
17546,200332.16,105204.0,48426.16,18414.121,312.96,808.9
17547,169179.36,94795.0,27327.08,9726.061,107.58,809.0
17548,239565.77,95380.0,109863.65,35027.31,919.32,809.0
17549,220771.05,108076.0,40241.53,14774.2,366.75,809.0
17550,180772.48,103067.0,28539.81,16146.09,138.55,809.1
17551,253174.88,107740.0,43294.98,52391.32,487.37,809.1
17552,155683.36,82869.0,21708.041,20154.5,210.27,809.1
17553,201278.56,108632.0,25328.93,22771.99,224.94,809.1
17554,180872.16,99904.0,23353.27,15172.101,252.65,809.1
17555,211910.72,101732.0,47630.36,9515.0,280.36,809.1
17556,209139.84,96682.0,48227.21,16336.391,242.87,809.2
17557,201869.92,107624.0,31197.09,13208.55,220.05,809.2
17558,262143.0,110126.0,73104.61,22749.5,653.63,809.2
17559,210294.56,95985.0,38530.56,15364.13,316.22,809.3
17560,156548.0,77493.0,29247.38,20389.78,317.85,809.3
17561,221448.64,104567.0,34546.37,20462.44,329.26,809.3
17562,7983.36,7762.0,705.84,825.21,-63.57,809.3
17563,216900.33,35906.0,262143.0,2364.91,3577.85,809.3
17564,167770.4,83515.0,32285.26,15480.04,167.89,809.3
17565,239940.97,102935.0,50239.2,16367.53,438.47,809.4
17566,207407.2,99936.0,46519.7,4920.12,387.94,809.4
17567,208075.84,100717.0,47649.39,21195.96,459.66,809.5
17568,174494.88,99985.0,30358.041,10129.15,296.66,809.6
17569,183102.08,93128.0,33802.47,15684.18,205.38,809.7
17570,186782.4,101543.0,23732.14,13782.91,220.05,809.7
17571,172680.48,94895.0,33885.51,13044.2,278.73,809.7
17572,162883.84,82191.0,48491.902,10719.08,396.09,809.8
17573,262143.0,111176.0,63947.723,38046.16,593.32,809.9
17574,101760.96,58185.0,33172.75,11907.59,218.42,810.0
17575,183266.72,97932.0,30093.35,17184.09,169.52,810.0
17576,214844.0,106280.0,59043.17,25937.89,534.64,810.0
17577,185320.8,103148.0,33982.39,14035.49,259.17,810.0
17578,190015.84,88893.0,55114.34,11013.18,391.2,810.0
17579,186793.6,86029.0,42762.14,16281.03,376.53,810.1
17580,177208.64,94186.0,31233.42,15860.641,246.13,810.1
17581,208591.05,94706.0,67175.9,21829.14,586.8,810.1
17582,150152.8,80212.0,38852.34,17109.7,198.86,810.2
17583,192010.56,99185.0,29062.27,11630.79,295.03,810.2
17584,163664.48,89853.0,38073.84,6440.79,237.98,810.2
17585,262143.0,118365.0,139901.64,70367.75,1237.17,810.3
17586,198825.77,100088.0,50483.13,12407.561,303.18,810.3
17587,159113.92,97995.0,23842.86,12667.061,260.8,810.3
17588,182034.72,86692.0,49497.03,18139.05,492.26,810.3
17589,236799.36,112110.0,56057.19,25709.531,533.01,810.3
17590,262143.0,110656.0,112124.76,59044.902,1017.12,810.4
17591,262143.0,115768.0,98497.555,24017.59,767.73,810.5
17592,191442.72,99505.0,30366.69,25176.69,343.93,810.5
17593,173101.6,86381.0,37233.06,8919.88,249.39,810.5
17594,161001.12,88220.0,30119.3,13618.561,285.25,810.5
17595,201470.08,97036.0,58647.0,15426.41,441.73,810.6
17596,193839.52,93817.0,40151.57,25413.701,356.97,810.6
17597,231519.69,123433.0,72369.36,45045.742,749.8,810.7
17598,194768.0,102746.0,45718.71,14897.03,539.52997,810.7
17599,5978.56,5244.0,6468.47,57.09,169.52,810.7
17600,183665.44,102724.0,27174.84,14416.09,249.39,810.8
17601,193123.84,101594.0,27058.93,15476.58,221.68,810.9
17602,160249.6,85913.0,31051.77,8343.79,176.04,811.0
17603,246346.23,114032.0,49834.38,32281.8,322.74,811.2
17604,182524.16,101654.0,22432.91,8058.3403,151.59,811.2
17605,214379.2,91059.0,51588.6,23493.4,591.69,811.3
17606,7803.04,7946.0,2572.51,95.15,115.73,811.4
17607,205116.8,108485.0,41255.31,19898.46,311.33,811.4
17608,159866.56,89337.0,31963.48,11578.89,308.07,811.6
17609,202641.6,105953.0,35712.39,16346.7705,391.2,811.6
17610,248189.77,107461.0,48464.22,28183.43,286.88,811.9
17611,73548.164,45379.0,43756.89,202.41,285.25,812.1
17612,37913.12,6100.0,61210.86,107.26,241.24,812.3
17613,154054.88,86024.0,29607.22,12620.351,207.01,812.3
17614,115800.164,58686.0,75536.99,351.19,603.1,812.5
17615,147581.28,91853.0,19580.14,9729.5205,136.92,812.5
17616,199589.6,94989.0,32719.49,26889.39,391.2,812.7
17617,234851.69,102409.0,36214.09,19189.16,247.76,812.7
17618,116710.72,68375.0,28882.35,6617.25,192.34,812.7
17619,190311.52,95468.0,37219.22,25105.76,304.81,812.9
17620,192395.84,96845.0,41952.5,13213.74,254.28,812.9
17621,120106.56,64499.0,35892.31,16433.27,272.21,812.9
17622,178809.12,97992.0,23355.0,9082.5,158.11,812.9
17623,262143.0,107200.0,62011.85,38075.57,487.37,813.0
17624,241153.92,108849.0,58925.53,10213.92,409.13,813.1
17625,203374.08,98873.0,27354.76,16417.7,353.71,813.1
17626,166117.28,88298.0,47396.81,17972.97,402.61,813.2
17627,74416.164,37192.0,48971.11,245.66,301.55,813.2
17628,137221.28,79193.0,19882.89,15743.0,180.93,813.2
17629,230166.72,104853.0,43166.96,19178.78,324.37,813.2
17630,199900.95,85477.0,49322.3,34683.04,487.37,813.3
17631,59280.48,15433.0,126860.9,503.43,692.75,813.4
17632,210563.36,102641.0,41753.55,24320.34,378.16,813.5
17633,184985.92,81974.0,39108.38,314.86002,259.17,813.5
17634,183382.08,96045.0,36304.05,17945.291,254.28,813.5
17635,63148.96,34634.0,36342.11,160.89,228.2,813.5
17636,237114.08,107650.0,92454.664,24041.81,513.45,813.6
17637,154060.48,82541.0,19429.63,8284.97,220.05,813.7
17638,220395.84,92848.0,45723.902,11526.99,451.51,813.7
17639,144174.23,79293.0,32210.871,12296.84,337.41,813.7
17640,233740.64,109721.0,56847.8,20073.19,492.26,813.7
17641,202004.33,97737.0,36162.19,13260.45,317.85,813.9
17642,183165.92,95465.0,28712.81,13660.08,249.39,814.1
17643,174599.05,89265.0,40940.45,17358.82,363.49,814.1
17644,215757.92,102249.0,32387.33,23851.51,298.29,814.1
17645,150332.0,90225.0,33876.86,9781.42,234.72,814.2
17646,100777.6,47859.0,38428.492,486.13,303.18,814.2
17647,148146.88,81414.0,37269.39,22853.3,260.8,814.3
17648,168356.16,86368.0,48104.38,19998.8,391.2,814.3
17649,218115.52,108509.0,52453.6,7252.16,387.94,814.3
17650,140943.05,78760.0,23915.52,12786.43,127.14,814.5
17651,235577.44,94549.0,62567.18,41305.48,495.52,814.5
17652,53814.88,22754.0,48325.82,275.07,425.43,814.6
17653,220526.88,96992.0,34250.54,13840.0,332.52,814.6
17654,151569.6,78775.0,32463.451,21144.06,329.26,814.8
17655,109333.28,38341.0,119264.47,288.91,808.48,814.9
17656,53163.04,31001.0,31767.99,141.86,278.73,815.0
17657,129664.64,84190.0,18382.98,9495.97,125.51,815.0
17658,155295.84,80120.0,26951.67,23605.85,288.51,815.2
17659,205945.6,29389.0,262143.0,1425.52,2016.3099,815.2
17660,212318.4,103105.0,40635.97,11954.3,370.01,815.4
17661,183677.77,93874.0,41174.0,11440.49,335.78,815.5
17662,214615.52,107837.0,37847.21,11101.41,123.88,815.5
17663,164585.12,98381.0,36489.16,8001.25,149.96,815.5
17664,192505.6,94260.0,27987.94,16429.81,190.71,815.5
17665,123428.484,74569.0,19628.58,11795.14,163.0,815.5
17666,27605.76,7542.0,58899.582,281.99,343.93,815.5
17667,215542.88,105829.0,24422.41,12236.29,159.74,815.6
17668,196525.28,103448.0,32020.57,11201.75,184.19,815.6
17669,179492.33,98132.0,28119.42,13274.29,296.66,815.7
17670,190861.44,103312.0,48486.71,8639.62,251.02,815.7
17671,185655.69,98105.0,39623.92,24578.11,379.79,815.7
17672,209741.28,105279.0,30069.13,15571.73,273.84,815.8
17673,183704.64,91513.0,32373.49,18569.82,133.66,815.9
17674,206530.23,105777.0,41077.12,10200.08,242.87,815.9
17675,172720.8,97657.0,27705.951,9907.71,343.93,815.9
17676,212822.4,103668.0,54389.47,11540.83,275.47,816.0
17677,188707.69,99117.0,21595.59,21081.78,286.88,816.0
17678,123886.56,69104.0,34444.3,16941.89,251.02,816.2
17679,57545.6,36645.0,60178.05,13071.88,493.88998,816.2
17680,46966.082,12513.0,62664.062,162.62,400.98,816.2
17681,170675.69,93147.0,31145.19,17265.4,252.65,816.3
17682,209821.92,102827.0,57249.16,11348.8,345.56,816.3
17683,199525.77,105012.0,25716.451,11518.34,265.69,816.3
17684,140996.8,82028.0,25410.24,10495.91,252.65,816.4
17685,226167.2,99625.0,40267.48,23143.94,337.41,816.4
17686,85946.56,37649.0,30148.71,207.6,285.25,816.5
17687,207999.69,99864.0,42978.39,22209.74,332.52,816.5
17688,160219.36,93172.0,30086.43,13793.29,218.42,816.6
17689,232068.48,106364.0,43876.26,21235.75,360.23,816.6
17690,219689.12,103938.0,62830.14,17798.24,358.6,816.6
17691,182105.28,96513.0,29693.72,17841.49,125.51,816.7
17692,174257.44,94160.0,32409.82,12094.43,255.91,816.7
17693,151250.4,90200.0,23650.83,8020.2803,154.85,816.7
17694,186037.6,96733.0,35746.992,15014.67,273.84,816.7
17695,196651.84,99081.0,65639.664,17753.26,467.81,816.7
17696,163271.36,97335.0,23059.17,12634.19,203.75,816.8
17697,151126.08,86989.0,29053.621,9002.92,233.09,816.8
17698,262143.0,115453.0,68788.26,29686.8,550.94,816.8
17699,212166.08,95808.0,52124.902,13853.84,293.4,816.9
17700,208094.88,104481.0,50498.7,17630.43,433.58,816.9
17701,171575.05,90317.0,40864.332,15954.061,378.16,816.9
17702,168809.77,101789.0,23112.8,14628.88,218.42,816.9
17703,228800.33,100411.0,37816.07,25969.031,252.65,817.0
17704,262143.0,103021.0,83332.37,44886.582,748.17,817.0
17705,59969.28,53949.0,2816.44,5260.93,1.63,817.0
17706,202014.4,103842.0,33750.57,11838.39,324.37,817.1
17707,64984.64,39217.0,18879.49,53.63,153.22,817.1
17708,187824.0,98024.0,33262.71,8110.24,246.13,817.2
17709,219175.05,106957.0,35333.52,19000.59,304.81,817.2
17710,158263.84,95383.0,29053.621,10890.351,140.18,817.3
17711,156319.52,86731.0,39911.1,22668.19,415.65,817.3
17712,188770.4,85479.0,55069.36,18946.96,503.67,817.3
17713,167114.08,97437.0,21581.75,16320.82,215.16,817.3
17714,152251.69,84112.0,34935.62,12156.71,319.48,817.4
17715,233724.97,105409.0,48408.86,23867.08,275.47,817.4
17716,152621.28,84749.0,32814.64,17407.26,291.77,817.4
17717,191606.23,102341.0,19853.48,14926.44,200.49,817.4
17718,262143.0,109747.0,141799.45,23981.26,904.65,817.4
17719,188376.16,105801.0,24491.61,9795.26,290.13998,817.5
17720,213818.08,102074.0,37833.37,11122.17,241.24,817.5
17721,173288.64,96657.0,26859.98,10049.57,231.46,817.5
17722,157094.56,93805.0,26292.541,13976.67,215.16,817.6
17723,149543.52,87509.0,26977.621,8442.4,205.38,817.6
17724,254092.16,116780.0,66174.234,14530.2705,506.93,817.6
17725,262143.0,104400.0,78799.77,26441.32,669.93,817.6
17726,194041.12,102039.0,25026.18,20753.08,290.13998,817.7
17727,196925.12,95679.0,39715.61,18507.541,283.62,817.7
17728,163856.0,99735.0,18002.38,12866.01,117.36,817.7
17729,171651.2,98124.0,27420.5,16279.3,145.06999,817.8
17730,183038.23,93046.0,37615.39,9035.79,301.55,817.8
17731,168165.77,100125.0,28584.791,6902.7,164.63,817.8
17732,259081.77,113344.0,77472.86,6056.73,433.58,817.8
17733,156168.33,83660.0,22818.701,22507.3,275.47,817.8
17734,27413.12,23737.0,6523.83,79.58,79.87,817.8
17735,181493.77,101209.0,20303.28,11812.44,200.49,817.9
17736,79097.76,51041.0,28782.01,427.31,285.25,817.9
17737,167905.92,99212.0,27437.8,9281.45,197.23,817.9
17738,83644.96,50131.0,33755.76,13904.01,363.49,817.9
17739,164027.36,96233.0,36919.93,17493.76,321.11,818.0
17740,183935.36,100108.0,31006.791,13459.4,295.03,818.0
17741,156044.0,84587.0,22389.66,32335.43,229.83,818.0
17742,59643.36,35614.0,33127.77,290.64,213.53,818.0
17743,159314.4,76863.0,54121.32,15651.311,462.92,818.1
17744,239191.69,104774.0,37549.652,32759.281,316.22,818.1
17745,262143.0,115783.0,69115.234,24816.85,614.51,818.1
17746,129974.88,63276.0,61349.26,243.93001,528.12,818.1
17747,235214.56,104147.0,40269.21,29153.96,355.34,818.2
17748,89559.68,59221.0,18654.59,18715.14,198.86,818.2
17749,174386.23,93053.0,44544.04,23785.77,407.5,818.2
17750,202614.72,107580.0,36544.52,10879.97,249.39,818.2
17751,227225.6,107356.0,53249.402,8174.25,482.48,818.2
17752,221351.2,103844.0,44691.09,25264.92,420.54,818.2
17753,205153.77,107293.0,40303.81,13035.55,185.81999,818.3
17754,188618.08,95403.0,40653.27,6055.0,118.99,818.3
17755,178592.95,97505.0,36541.06,16395.21,295.03,818.3
17756,128273.6,77605.0,22147.46,23638.72,314.59,818.3
17757,168909.44,96383.0,16986.871,15528.48,128.77,818.3
17758,250528.33,92892.0,57679.93,20460.71,572.13,818.4
17759,226045.12,108022.0,46995.45,7515.12,260.8,818.4
17760,226964.64,106207.0,36957.992,16677.2,272.21,818.4
17761,262143.0,106555.0,72725.74,47988.47,612.88,818.4
17762,262143.0,109507.0,71059.75,40257.1,627.55,818.5
17763,132077.12,71617.0,38492.5,1922.03,301.55,818.5
17764,171500.0,100335.0,30953.16,12954.24,311.33,818.5
17765,221341.12,99881.0,46601.01,19476.34,436.84,818.5
17766,191110.08,99888.0,40511.41,15274.17,221.68,818.5
17767,239606.08,98325.0,46701.35,19623.39,373.27,818.5
17768,218130.08,97285.0,51758.14,24168.1,299.92,818.5
17769,194232.64,88968.0,54929.23,14275.96,296.66,818.5
17770,203428.95,91933.0,53275.35,22943.26,293.4,818.5
17771,204251.05,102717.0,43485.28,19081.9,241.24,818.5
17772,115612.0,68837.0,31716.09,10980.311,277.1,818.5
17773,260720.33,114693.0,69654.99,24316.88,378.16,818.5
17774,207892.16,104983.0,38987.28,17433.21,374.9,818.5
17775,230104.0,104909.0,22266.83,19138.99,303.18,818.6
17776,217660.8,105824.0,51853.29,14346.891,270.58,818.6
17777,208733.28,106100.0,33558.54,16554.371,270.58,818.6
17778,211149.12,104972.0,33390.73,12288.19,283.62,818.6
17779,203712.33,95389.0,43666.93,11857.42,414.02,818.7
17780,219528.95,98281.0,77701.22,24271.9,524.86,818.7
17781,180869.92,99716.0,29551.86,14013.0,252.65,818.7
17782,262143.0,109297.0,169553.84,73865.81,1163.82,818.7
17783,240998.23,107943.0,49372.47,27102.18,541.16,818.7
17784,218415.69,104862.0,41411.01,23745.98,268.95,818.7
17785,183441.44,80325.0,80263.35,17872.63,567.24,818.7
17786,178034.08,98173.0,25256.27,14791.5,86.39,818.7
17787,206992.8,99049.0,32766.201,21429.51,275.47,818.7
17788,261556.97,112345.0,60505.02,14613.311,304.81,818.8
17789,242160.8,102053.0,62875.12,9435.42,389.57,818.8
17790,262143.0,80283.0,69926.6,48189.152,746.54,818.8
17791,208249.44,96879.0,38802.17,19175.32,288.51,818.8
17792,234874.08,106418.0,55015.73,17514.52,327.63,818.8
17793,62419.84,43042.0,30610.621,371.95,262.43,818.8
17794,189119.84,97108.0,31837.19,19978.041,239.61,818.8
17795,171746.4,98794.0,22488.27,21317.06,110.84,818.8
17796,200080.16,102488.0,32575.9,16196.26,249.39,818.9
17797,262143.0,99632.0,123082.58,36890.52,978.0,818.9
17798,102966.08,60309.0,29508.61,15305.311,348.82,818.9
17799,200066.72,102421.0,33814.582,25816.791,299.92,819.0
17800,221225.77,105389.0,37881.81,23320.4,355.34,819.0
17801,213351.05,105657.0,32904.6,18813.75,293.4,819.0
17802,161181.44,91965.0,29262.951,9269.34,233.09,819.0
17803,262143.0,123777.0,115209.35,85486.22,1227.39,819.1
17804,262143.0,115990.0,63510.03,35369.85,590.06,819.1
17805,214614.4,102512.0,46794.77,30288.84,299.92,819.1
17806,199797.92,80945.0,52137.01,25000.23,461.29,819.1
17807,168997.92,94088.0,33456.47,17604.48,159.74,819.1
17808,262143.0,99385.0,49050.69,20773.84,312.96,819.1
17809,163157.12,94980.0,21086.97,13343.49,172.78,819.1
17810,157786.72,94364.0,15723.97,11812.44,53.79,819.2
17811,151057.77,79582.0,37617.12,6888.86,205.38,819.2
17812,200552.8,95942.0,39696.582,25873.88,303.18,819.3
17813,250008.64,107022.0,50858.54,19953.82,330.88998,819.3
17814,176500.8,86952.0,30572.56,14872.811,231.46,819.3
17815,167978.72,90421.0,18199.6,5982.34,224.94,819.3
17816,7366.24,6433.0,2261.11,51.9,220.05,819.3
17817,210823.2,107465.0,42770.79,19983.23,185.81999,819.4
17818,189540.95,95378.0,53967.35,29754.27,489.0,819.4
17819,245165.77,100421.0,78742.68,24993.31,573.76,819.4
17820,196553.28,104864.0,47803.36,12440.43,280.36,819.5
17821,262143.0,105890.0,177127.78,83479.42,1383.87,819.7
17822,166940.48,91145.0,39916.29,17284.43,374.9,819.7
17823,222692.97,100572.0,44805.27,12603.05,366.75,819.7
17824,254479.69,114747.0,56455.09,16499.01,431.95,819.8
17825,156198.56,91941.0,45274.1,14596.01,399.35,819.8
17826,262143.0,107515.0,90918.42,37132.72,788.92,819.9
17827,75867.68,52021.0,14236.17,5.19,57.05,819.9
17828,180586.56,101831.0,22197.63,17936.64,190.71,819.9
17829,225089.77,106391.0,49626.78,18002.38,396.09,820.0
17830,163578.23,76556.0,31634.781,17208.31,257.54,820.0
17831,47055.68,31496.0,26711.201,200.68001,290.13998,820.0
17832,162587.05,85843.0,33913.19,18478.13,339.04,820.1
17833,262143.0,104926.0,94625.81,34738.4,728.61,820.1
17834,208255.05,95068.0,27802.83,14602.93,229.83,820.2
17835,235492.33,110321.0,41801.992,23062.63,216.79,820.2
17836,258307.84,114976.0,81512.414,77516.11,762.84,820.2
17837,191891.84,97956.0,30169.47,19382.92,327.63,820.3
17838,85640.8,48585.0,56782.062,254.31,373.27,820.3
17839,112368.484,22120.0,216942.0,429.04,1641.41,820.3
17840,203536.48,102635.0,45130.51,14028.57,428.69,820.3
17841,93128.0,62474.0,20305.01,18336.27,177.67,820.4
17842,189827.69,89325.0,30107.19,17616.59,233.09,820.4
17843,181610.23,95348.0,29401.35,14639.26,229.83,820.4
17844,178892.0,90404.0,35567.07,22879.25,295.03,820.4
17845,192531.36,92192.0,21343.01,8587.72,215.16,820.4
17846,249603.2,106765.0,52739.05,27529.49,461.29,820.4
17847,147626.08,85801.0,27664.43,14077.01,246.13,820.5
17848,247294.88,108726.0,52958.76,18523.11,371.63998,820.5
17849,191150.4,95072.0,28974.041,18050.82,347.19,820.5
17850,185372.33,95129.0,50505.62,10471.69,417.28,820.5
17851,220810.23,97141.0,47549.05,15256.87,448.25,820.6
17852,198439.36,94993.0,46095.85,21867.201,352.08,820.6
17853,255412.64,108208.0,79509.07,55295.992,784.02997,820.6
17854,165732.0,90270.0,30665.98,17268.86,326.0,820.6
17855,245347.2,137385.0,63300.7,31816.43,451.51,820.6
17856,223351.52,107597.0,39713.88,12386.8,316.22,820.7
17857,164108.0,97370.0,20815.36,13360.79,203.75,820.7
17858,239718.08,97166.0,69924.87,89783.54,912.8,820.7
17859,198328.48,82836.0,71151.44,14597.74,482.48,820.8
17860,158555.05,85445.0,24327.26,13878.061,192.34,820.8
17861,241628.8,109785.0,51216.652,30245.59,353.71,820.8
17862,179658.08,86093.0,39478.6,11869.53,171.15,820.8
17863,225167.05,96241.0,36004.76,17543.93,345.56,820.8
17864,262143.0,115296.0,95646.51,46964.31,720.46,820.8
17865,133572.33,72172.0,31096.75,26275.24,342.3,820.8
17866,211824.48,98213.0,48311.98,8544.47,330.88998,820.8
17867,201903.52,87513.0,143975.8,30226.56,986.15,820.8
17868,202033.44,106281.0,20237.541,15772.41,202.12,820.9
17869,262143.0,109641.0,65594.68,34606.92,508.56,820.9
17870,216949.6,110399.0,29012.1,26723.31,365.12,821.0
17871,92434.72,21462.0,181547.94,991.29004,1160.5599,821.0
17872,155284.64,90388.0,23237.36,12513.09,149.96,821.0
17873,185093.44,94506.0,53067.75,7515.12,448.25,821.1
17874,179425.12,90475.0,35451.16,16395.21,208.64,821.1
17875,35346.082,8924.0,98701.69,62.28,378.16,821.1
17876,153134.23,84746.0,40051.23,13289.86,184.19,821.2
17877,156179.52,37544.0,250664.89,1129.6901,1656.08,821.2
17878,178002.72,93017.0,30465.3,17107.97,340.67,821.2
17879,132000.95,77844.0,25661.09,10639.5,267.32,821.2
17880,262143.0,108236.0,84982.79,56384.16,738.39,821.2
17881,222679.52,107074.0,36162.19,24747.65,218.42,821.2
17882,168193.77,83228.0,27801.1,17410.72,513.45,821.2
17883,219945.6,102864.0,35428.67,21301.49,254.28,821.3
17884,204070.72,96729.0,40558.12,16018.07,236.35,821.3
17885,152516.0,77113.0,36437.26,16666.82,278.73,821.3
17886,200048.8,102942.0,38764.11,15101.17,211.9,821.3
17887,131062.4,74837.0,32669.32,20865.53,190.71,821.6
17888,211422.4,102941.0,41641.1,13386.74,229.83,821.6
17889,36684.48,33856.0,6070.57,903.06,-3.26,821.7
17890,175984.48,92208.0,38366.21,19867.32,239.61,821.7
17891,173141.92,89137.0,44210.152,10726.0,234.72,821.8
17892,175788.48,90652.0,37369.73,20877.64,293.4,821.9
17893,135457.28,83232.0,13319.2705,9369.68,254.28,822.3
17894,27718.88,9816.0,19490.18,105.53,205.38,822.5
17895,60037.6,41112.0,31778.371,162.62,207.01,822.6
17896,188189.12,100197.0,31418.531,14916.061,185.81999,822.6
17897,219778.72,101232.0,30214.451,24171.56,246.13,822.6
17898,180854.23,95480.0,27685.19,10947.44,319.48,822.7
17899,235533.77,104249.0,52595.46,20199.48,495.52,822.9
17900,169750.56,91231.0,25654.17,14869.351,205.38,823.1
17901,122091.2,73586.0,39163.742,24247.68,291.77,823.1
17902,186452.0,104536.0,28695.51,8390.5,286.88,823.2
17903,156888.48,91140.0,38220.89,19647.61,373.27,823.4
17904,162962.23,99688.0,28024.27,22344.68,242.87,823.4
17905,183495.2,99229.0,25681.85,10829.8,231.46,823.5
17906,230696.48,102979.0,57000.04,30489.52,441.73,823.5
17907,166442.08,89669.0,35029.04,17530.09,215.16,823.6
17908,158104.8,91641.0,20621.6,11283.061,110.84,824.0
17909,126647.36,80154.0,14822.641,10745.03,83.13,824.1
17910,158975.05,92606.0,27813.21,23477.83,272.21,824.1
17911,10930.08,10409.0,922.09,434.23,-81.5,824.2
17912,182621.6,91781.0,26887.66,18595.77,277.1,824.2
17913,131409.6,73073.0,36234.85,5849.13,358.6,824.3
17914,173299.84,93924.0,26832.3,12099.62,195.6,824.5
17915,183718.08,100788.0,32070.74,15076.95,278.73,824.6
17916,146429.92,92065.0,22547.09,10885.16,84.76,824.6
17917,176998.08,96308.0,41238.01,14035.49,427.06,824.6
17918,148912.95,83661.0,35847.332,7080.89,257.54,824.8
17919,130599.84,71776.0,30110.65,12667.061,409.13,824.9
17920,195680.8,104168.0,47815.47,7307.52,210.27,824.9
17921,187536.16,90278.0,37105.04,14777.66,414.02,825.0
17922,209760.33,107097.0,44969.62,25884.26,378.16,825.0
17923,154828.8,93077.0,20659.66,5110.42,158.11,825.1
17924,139245.12,77183.0,28287.23,16097.65,234.72,825.1
17925,178405.92,96757.0,27768.23,18590.58,233.09,825.3
17926,189208.33,84589.0,48943.43,4326.73,211.9,825.4
17927,173634.72,95636.0,35447.7,8490.84,252.65,825.4
17928,197972.33,102240.0,30306.14,14807.07,148.33,825.4
17929,185694.88,97761.0,38144.77,18358.76,151.59,825.5
17930,194183.36,100544.0,22822.16,11373.0205,203.75,825.5
17931,185479.84,94061.0,34887.18,18023.14,215.16,825.6
17932,228435.2,103901.0,39732.91,15862.37,329.26,825.6
17933,189920.64,92198.0,24925.84,12144.601,231.46,825.6
17934,186887.69,102337.0,25302.98,18441.8,233.09,825.6
17935,203012.33,101124.0,29064.0,20241.0,298.29,825.6
17936,143327.52,84416.0,27084.88,12108.2705,228.2,825.7
17937,154459.2,91193.0,29010.371,15768.95,210.27,825.8
17938,88972.8,54973.0,34546.37,16886.53,311.33,825.8
17939,218407.84,103108.0,40812.43,24138.69,239.61,825.8
17940,180082.56,96256.0,27183.49,17775.75,210.27,825.8
17941,247496.48,103705.0,53223.45,21569.64,355.34,825.8
17942,242640.16,92641.0,88520.64,25621.3,489.0,825.9
17943,224151.2,103507.0,51259.902,22536.71,308.07,825.9
17944,184283.69,96724.0,31800.86,18758.39,159.74,825.9
17945,17404.8,8584.0,6655.31,-17.3,34.23,826.0
17946,262143.0,115972.0,90442.67,52822.09,813.37,826.0
17947,79126.88,36000.0,49761.72,212.79001,458.03,826.0
17948,189539.84,97761.0,24415.49,7636.22,221.68,826.1
17949,226134.72,108497.0,51590.332,21228.83,440.1,826.1
17950,17689.28,15759.0,1089.9,897.87,-6.52,826.1
17951,22367.52,15541.0,11919.7,235.28,392.83,826.2
17952,218901.77,92265.0,60738.57,26012.281,471.07,826.2
17953,88558.4,46548.0,36788.45,261.23,236.35,826.2
17954,144891.05,87896.0,13753.5,8975.24,182.56,826.2
17955,248094.56,107552.0,58586.45,35805.81,440.1,826.3
17956,219148.16,102069.0,25768.35,25283.951,298.29,826.3
17957,151350.08,86436.0,31451.4,17543.93,251.02,826.3
17958,13352.64,9179.0,13293.32,29.41,101.06,826.3
17959,195896.95,96481.0,35892.31,17227.34,348.82,826.4
17960,206603.05,106289.0,41779.5,18983.291,322.74,826.4
17961,179258.23,97375.0,25541.72,9307.4,239.61,826.4
17962,173748.95,97005.0,17296.541,14519.891,223.31,826.4
17963,167503.84,87728.0,26989.73,10900.73,281.99,826.4
17964,211040.48,102201.0,44751.64,24706.13,427.06,826.6
17965,170953.44,88440.0,33030.89,13082.26,185.81999,826.6
17966,181545.28,96182.0,28558.84,14372.84,311.33,826.6
17967,243476.8,106420.0,50839.51,23848.05,400.98,826.7
17968,195416.48,95917.0,24008.94,14357.2705,148.33,826.7
17969,144455.36,73696.0,27192.14,19415.791,189.08,826.7
17970,154057.12,86701.0,17914.15,11061.62,154.85,826.7
17971,258493.77,107414.0,61999.742,14988.72,541.16,826.7
17972,251357.12,93966.0,79150.96,30560.451,661.77997,826.7
17973,262143.0,98422.0,190208.31,47343.18,1452.33,826.8
17974,236199.05,114039.0,85532.93,13300.24,541.16,826.8
17975,152548.48,89635.0,25347.96,10077.25,115.73,826.8
17976,242165.28,106401.0,42282.93,14853.78,268.95,826.8
17977,136336.48,82104.0,41163.62,11321.12,321.11,826.9
17978,213384.64,105737.0,47583.652,22420.8,288.51,826.9
17979,202280.95,103509.0,39172.39,18100.99,299.92,826.9
17980,29880.48,22947.0,7549.72,-84.770004,-11.41,826.9
17981,191784.33,97068.0,29672.96,9909.44,177.67,827.0
17982,226016.0,108385.0,41174.0,28515.59,332.52,827.0
17983,210183.69,99317.0,43135.82,14833.0205,378.16,827.0
17984,235623.36,99774.0,24668.07,11770.92,234.72,827.0
17985,223331.36,106065.0,48286.03,19656.26,283.62,827.0
17986,211375.36,99481.0,30806.11,18948.69,242.87,827.0
17987,190010.23,92309.0,53747.64,31285.32,365.12,827.0
17988,217328.16,99016.0,33876.86,37451.04,384.68,827.0
17989,262143.0,112961.0,67892.12,42365.97,503.67,827.1
17990,222892.33,106349.0,54313.35,9181.11,389.57,827.1
17991,175818.72,92209.0,39603.16,15846.8,396.09,827.1
17992,188224.95,90660.0,41521.73,7144.9,275.47,827.2
17993,262143.0,101967.0,262143.0,68291.75,2301.56,827.2
17994,185900.95,101465.0,33657.15,13246.61,303.18,827.4
17995,231529.77,100396.0,56327.07,19744.49,335.78,827.4
17996,169497.44,96133.0,28960.201,12232.83,329.26,827.4
17997,239705.77,104317.0,101831.26,64883.652,759.58,827.5
17998,25400.48,6438.0,46710.0,224.90001,203.75,827.5
17999,157625.44,97138.0,20654.47,8980.43,163.0,827.5
18000,262143.0,122950.0,99383.31,33461.66,681.34,827.6
18001,183104.33,98404.0,32805.992,21602.51,180.93,827.6
18002,262143.0,102816.0,68208.71,30416.86,381.42,827.7
18003,224794.08,90769.0,42054.57,34321.47,330.88998,827.7
18004,162965.6,81508.0,33425.332,24150.8,299.92,827.8
18005,10018.4,7792.0,11412.811,-6.92,60.31,827.9
18006,189879.2,101897.0,42874.59,15153.07,347.19,828.5
18007,95587.52,26153.0,62847.44,-20.76,335.78,828.5
18008,209686.4,100124.0,28024.27,17007.63,311.33,828.8
18009,21188.16,9188.0,27289.02,190.3,268.95,828.8
18010,155267.84,79703.0,52014.18,5978.88,332.52,828.9
18011,202305.6,94572.0,42682.56,24034.89,339.04,828.9
18012,154380.8,87609.0,32504.97,12225.91,229.83,829.4
18013,29528.8,21597.0,6212.43,51.9,1.63,829.5
18014,170196.33,83864.0,18459.1,17633.89,156.48,829.6
18015,206396.95,100155.0,31667.65,18614.8,311.33,829.7
18016,253120.0,96865.0,39841.902,30140.06,440.1,829.8
18017,9073.12,5109.0,21159.63,91.69,17.93,829.8
18018,186681.6,100584.0,38321.23,23837.67,270.58,829.9
18019,188566.56,99797.0,28382.38,24476.041,174.41,829.9
18020,200847.36,104341.0,29783.68,17929.72,146.7,829.9
18021,134037.12,35960.0,262143.0,1172.9401,1680.53,830.0
18022,184294.88,93125.0,23258.121,19675.291,233.09,830.0
18023,165208.95,81261.0,37739.95,11622.14,218.42,830.2
18024,106671.04,66982.0,27323.621,10186.24,210.27,830.2
18025,138951.69,87281.0,11210.4,13634.13,92.909996,830.3
18026,129939.04,77381.0,30475.68,4946.07,117.36,830.3
18027,185498.88,97709.0,30842.44,6418.3003,239.61,830.3
18028,197712.48,104005.0,29307.93,10530.51,156.48,830.4
18029,194033.28,101501.0,53356.66,23891.3,327.63,830.4
18030,99989.12,60924.0,35489.22,9790.07,213.53,830.4
18031,221932.48,103080.0,34641.52,24185.4,226.56999,830.5
18032,191166.08,96775.0,45822.51,7740.02,202.12,830.5
18033,169796.48,94129.0,29802.71,11116.98,213.53,830.6
18034,167814.08,92788.0,21903.53,20241.0,182.56,830.6
18035,195116.33,100355.0,42540.7,7817.87,247.76,830.8
18036,163688.0,90174.0,30396.1,5947.74,154.85,830.9
18037,195049.12,96714.0,31743.77,14769.01,262.43,830.9
18038,171330.88,92106.0,32672.781,12469.84,193.97,831.0
18039,211990.23,101293.0,46466.07,23616.23,352.08,831.1
18040,173199.05,100781.0,40751.88,13231.04,285.25,831.2
18041,169975.69,100396.0,24910.27,12085.78,208.64,831.2
18042,215240.48,94616.0,49175.25,17213.5,298.29,831.2
18043,127914.08,79973.0,22545.36,7828.25,203.75,831.3
18044,228626.72,100784.0,42500.91,23988.18,337.41,831.3
18045,188942.88,96907.0,41122.1,10321.18,337.41,831.4
18046,177881.77,90901.0,29989.55,18602.69,281.99,831.5
18047,22985.76,17428.0,11580.62,121.1,125.51,831.5
18048,199747.52,104739.0,40326.3,18455.64,195.6,831.5
18049,219948.95,106380.0,47164.992,10935.33,464.55,831.5
18050,204658.72,106157.0,25929.24,14000.891,233.09,831.6
18051,169388.8,88036.0,82822.02,50455.45,537.9,831.6
18052,262143.0,100924.0,77381.17,44153.06,606.36,831.7
18053,195913.77,105383.0,22728.74,23000.35,179.3,831.7
18054,177739.52,97057.0,37369.73,13587.42,267.32,831.8
18055,8790.88,8604.0,1487.8,110.72,267.32,831.8
18056,172893.28,96196.0,29441.14,18884.68,226.56999,831.8
18057,247591.69,117840.0,64217.6,15680.72,516.71,831.9
18058,144014.08,85253.0,28489.64,7637.95,224.94,831.9
18059,186313.12,99372.0,25342.77,17156.41,290.13998,831.9
18060,170279.2,93212.0,29794.06,10591.061,192.34,831.9
18061,191140.33,100462.0,35534.2,17665.03,254.28,832.0
18062,200609.92,100310.0,46332.86,13509.57,533.01,832.0
18063,165145.12,89536.0,47081.95,24166.371,314.59,832.0
18064,24456.32,21673.0,1152.18,1773.25,6.52,832.1
18065,221605.44,91387.0,106377.7,21578.291,740.02,832.1
18066,177884.0,97869.0,34051.59,19554.19,166.26,832.1
18067,161274.4,72301.0,38544.402,25640.33,255.91,832.2
18068,180152.0,96212.0,33658.88,17855.33,233.09,832.2
18069,130267.2,80425.0,24853.18,10729.46,259.17,832.2
18070,199492.16,100534.0,42039.0,5878.54,329.26,832.2
18071,200300.8,97301.0,29086.49,15061.38,197.23,832.3
18072,229287.52,101284.0,50503.89,19012.701,355.34,832.3
18073,234516.8,114332.0,45099.37,23453.61,321.11,832.4
18074,158775.69,90586.0,13775.99,12763.94,136.92,832.5
18075,227497.77,109719.0,57965.38,21356.85,352.08,832.5
18076,206329.77,97160.0,56775.14,40535.63,449.88,832.6
18077,129185.28,67516.0,40895.47,18829.32,361.86,832.6
18078,222893.44,99648.0,44019.85,33779.98,438.47,832.6
18079,165560.64,83129.0,40471.62,20441.68,288.51,832.6
18080,262143.0,99428.0,68973.37,27844.35,549.31,832.6
18081,168972.16,89948.0,27496.621,14333.05,202.12,832.7
18082,250473.44,107572.0,50159.62,25571.13,298.29,832.7
18083,188232.8,106345.0,26792.51,11028.75,203.75,832.8
18084,190688.95,105999.0,36416.5,8973.51,237.98,832.8
18085,228079.05,100651.0,53756.29,39798.652,418.91,832.8
18086,187068.0,97982.0,36454.56,8750.34,285.25,832.9
18087,218258.88,96716.0,52479.55,16985.14,352.08,832.9
18088,222911.36,102378.0,28202.46,22557.47,400.98,832.9
18089,24641.12,20453.0,4667.54,2761.08,83.13,833.0
18090,187756.8,90020.0,32805.992,14644.45,309.7,833.0
18091,232180.48,109257.0,52432.84,17120.08,332.52,833.0
18092,103223.68,67425.0,23958.77,5245.36,163.0,833.0
18093,146940.64,91904.0,23230.44,11757.08,273.84,833.0
18094,197246.56,104060.0,43961.03,13300.24,334.15,833.1
18095,135474.08,54928.0,65314.42,18742.82,580.27997,833.1
18096,259336.0,110997.0,64963.23,13800.21,705.79,833.2
18097,175359.52,96928.0,36992.59,2210.94,348.82,833.2
18098,170629.77,94074.0,30425.51,7406.13,207.01,833.3
18099,162821.12,86305.0,39293.492,13995.7,371.63998,833.3
18100,53309.76,9140.0,119088.01,463.64,819.89,833.3
18101,114646.56,67525.0,45213.55,12916.18,391.2,833.4
18102,154387.52,86248.0,35108.62,9905.98,145.06999,833.4
18103,179455.36,95144.0,28233.6,17268.86,220.05,833.5
18104,135920.95,75923.0,25591.89,15891.78,262.43,833.5
18105,205266.88,98340.0,56487.96,19924.41,252.65,833.7
18106,216975.36,94102.0,47320.69,13964.561,334.15,833.7
18107,114393.44,57828.0,101395.305,515.54,839.45,833.7
18108,33474.56,10128.0,86126.32,128.02,420.54,833.7
18109,164337.6,95557.0,20813.63,8708.82,182.56,833.8
18110,165799.2,91675.0,34193.45,11701.72,198.86,833.9
18111,165817.12,89136.0,29728.32,12065.0205,154.85,833.9
18112,117131.84,62558.0,43083.92,29863.26,334.15,834.0
18113,94730.72,53659.0,59830.32,719.68,539.52997,834.1
18114,133890.4,77618.0,26470.73,16185.88,272.21,834.2
18115,191560.33,88965.0,46815.53,27615.99,260.8,834.2
18116,198166.08,102656.0,54029.63,24785.71,422.17,834.2
18117,119318.08,65005.0,25951.73,15587.3,303.18,834.4
18118,182383.05,97429.0,30686.74,21173.47,223.31,834.4
18119,167473.6,93860.0,32487.67,10399.03,327.63,834.4
18120,200587.52,101797.0,26192.201,22829.08,223.31,834.4
18121,177708.16,87500.0,37011.62,24766.68,210.27,834.5
18122,218164.8,108885.0,23842.86,16024.99,228.2,834.5
18123,87419.36,58332.0,10734.65,6063.65,149.96,834.6
18124,174269.77,96361.0,23171.621,17479.92,180.93,834.6
18125,262143.0,115116.0,50510.812,30304.41,396.09,834.6
18126,168829.92,88180.0,29224.89,16654.71,166.26,834.7
18127,228613.28,102497.0,28430.82,30906.451,363.49,834.7
18128,116990.72,70695.0,21059.291,18478.13,203.75,834.7
18129,235724.16,111231.0,59501.62,24123.121,446.62,834.8
18130,193138.4,101485.0,17346.71,14459.34,187.45,834.8
18131,213141.6,101749.0,30138.33,13762.15,272.21,834.8
18132,57869.28,32726.0,29932.46,159.16,309.7,834.9
18133,218509.77,99419.0,44241.29,20562.78,474.33,835.0
18134,190663.2,100477.0,30939.32,12715.5,262.43,835.0
18135,193099.2,97081.0,29380.59,19128.61,234.72,835.0
18136,11689.44,11740.0,1717.89,579.55,50.53,835.0
18137,207269.44,99448.0,32072.47,16523.23,228.2,835.1
18138,181429.92,94051.0,21964.08,12542.5,189.08,835.1
18139,130491.2,72941.0,41118.64,7845.5503,252.65,835.2
18140,129171.84,73969.0,40063.34,9464.83,342.3,835.2
18141,210799.69,104172.0,35445.97,16723.91,389.57,835.2
18142,196618.23,98077.0,46120.07,11153.311,264.06,835.2
18143,145598.88,87963.0,17851.871,12601.32,267.32,835.3
18144,210207.2,103081.0,35252.21,24425.871,356.97,835.3
18145,173256.16,82884.0,75985.06,37985.61,513.45,835.3
18146,221634.56,106206.0,28972.31,14274.23,340.67,835.4
18147,122765.44,66145.0,28740.49,5798.96,215.16,835.5
18148,182355.05,97755.0,17424.56,11537.37,277.1,835.5
18149,243854.23,106759.0,50178.652,14884.92,358.6,835.5
18150,200649.12,97452.0,50652.67,7276.38,286.88,835.6
18151,262143.0,102532.0,119039.57,44742.992,898.13,835.6
18152,235102.56,111592.0,48806.76,5497.94,368.38,835.7
18153,65024.96,39504.0,20754.81,212.79001,202.12,835.8
18154,51683.52,12685.0,101056.22,193.76001,638.96,835.8
18155,28990.08,7557.0,74744.65,281.99,399.35,835.9
18156,215695.2,106664.0,20000.53,11774.38,205.38,835.9
18157,142826.88,80876.0,29129.74,23979.53,309.7,836.0
18158,120191.68,72437.0,13281.21,17002.44,143.44,836.1
18159,152656.0,83161.0,19433.09,9905.98,231.46,836.2
18160,210273.28,106614.0,41807.18,14151.4,342.3,836.3
18161,172223.52,93868.0,38572.082,21275.541,254.28,836.3
18162,83675.2,55549.0,16656.44,11563.32,179.3,836.3
18163,169732.64,97044.0,34383.75,7992.6,167.89,836.4
18164,239038.23,107058.0,40402.42,7855.93,358.6,836.4
18165,40138.56,8716.0,153963.08,299.29,1105.14,836.4
18166,24118.08,23496.0,2079.46,1297.5,34.23,836.4
18167,154701.12,92548.0,27335.73,17410.72,259.17,836.4
18168,214233.6,103276.0,37632.69,25202.64,223.31,836.5
18169,185594.08,100221.0,28224.951,17976.43,169.52,836.5
18170,242402.72,107720.0,48028.26,21142.33,456.4,836.5
18171,157052.0,88720.0,30709.23,19083.63,273.84,836.6
18172,259244.16,105703.0,77201.25,14578.71,528.12,836.7
18173,15884.96,13395.0,98322.82,506.89,2405.88,836.7
18174,213756.48,101864.0,47488.5,4549.9,317.85,836.8
18175,172531.52,93132.0,23495.13,18699.57,309.7,836.8
18176,21024.64,8965.0,29565.701,29.41,133.66,836.8
18177,201112.8,96424.0,25932.701,21938.13,350.45,836.8
18178,162276.8,86801.0,33262.71,11693.07,343.93,836.8
18179,214244.8,106286.0,42276.01,12492.33,117.36,836.9
18180,50293.6,28168.0,23654.291,174.73,146.7,837.0
18181,189941.92,99434.0,36056.66,21439.89,172.78,837.0
18182,187335.69,97906.0,27297.67,15249.95,156.48,837.0
18183,177759.69,104458.0,27301.13,21472.76,260.8,837.0
18184,205476.33,103800.0,37867.97,15589.03,290.13998,837.1
18185,164002.72,94833.0,27548.52,14594.28,275.47,837.3
18186,190314.88,97708.0,33562.0,17170.25,273.84,837.3
18187,164561.6,95365.0,24271.9,9573.82,218.42,837.4
18188,227896.48,111427.0,28154.02,20716.75,242.87,837.4
18189,185329.77,92543.0,26730.23,23275.42,260.8,837.4
18190,118391.84,75185.0,28854.67,11627.33,257.54,837.5
18191,239666.56,110564.0,42800.2,24917.19,418.91,837.5
18192,212269.12,89821.0,47680.53,26167.98,645.48,837.6
18193,132984.33,75509.0,32335.43,27273.451,345.56,837.6
18194,195590.08,89301.0,49014.36,17353.63,596.58,837.6
18195,182049.28,97087.0,35544.582,9591.12,314.59,837.7
18196,257250.56,101578.0,49488.38,31415.07,436.84,837.7
18197,143647.84,75341.0,29108.98,15658.23,226.56999,837.8
18198,109745.44,70257.0,20651.01,7314.44,163.0,837.8
18199,154664.16,81311.0,32771.39,26560.69,355.34,837.8
18200,166024.33,90628.0,29785.41,10802.12,360.23,837.8
18201,215939.36,105292.0,66954.46,28659.18,475.96,837.9
18202,211786.4,102015.0,37150.02,17453.97,285.25,837.9
18203,227674.72,105496.0,41414.47,23557.41,428.69,838.0
18204,188919.36,99560.0,40506.22,22803.13,329.26,838.0
18205,228673.77,104273.0,52162.96,16073.431,348.82,838.0
18206,60334.4,49176.0,6266.06,2567.32,44.01,838.0
18207,173069.12,99393.0,37653.45,15469.66,317.85,838.1
18208,150095.69,94708.0,23434.58,11533.91,136.92,838.1
18209,262143.0,107716.0,30781.89,15189.4,394.46,838.2
18210,43760.64,23872.0,8395.69,-6.92,135.29,838.3
18211,158303.05,87260.0,23140.48,14824.37,164.63,838.4
18212,262143.0,37284.0,262143.0,595.12,2223.32,838.5
18213,169391.05,92293.0,18388.17,11170.61,60.31,838.5
18214,122561.6,67769.0,30375.34,15801.82,236.35,838.5
18215,174334.72,88623.0,35077.48,7852.47,329.26,838.6
18216,252878.08,104650.0,54467.32,46557.76,355.34,838.6
18217,79860.48,48875.0,37786.66,242.2,260.8,838.7
18218,202154.4,100569.0,38810.82,15438.5205,247.76,838.7
18219,227030.72,108093.0,47882.94,14018.19,373.27,838.8
18220,178132.64,92952.0,19997.07,17908.96,237.98,838.8
18221,158541.6,83144.0,30444.541,22303.16,397.72,838.8
18222,198738.4,94365.0,51228.76,22884.44,448.25,838.9
18223,196529.77,105774.0,33572.38,11551.21,224.94,838.9
18224,196749.28,106537.0,34565.4,20791.14,233.09,839.0
18225,142803.36,84272.0,29506.88,14765.55,216.79,839.0
18226,217302.4,102773.0,36940.69,14931.63,342.3,839.1
18227,188105.12,97953.0,25193.99,13158.38,233.09,839.1
18228,172567.36,98608.0,30325.17,14390.141,192.34,839.1
18229,262143.0,90012.0,91224.63,16613.19,924.21,839.1
18230,165693.92,88296.0,35061.91,22701.06,260.8,839.2
18231,254209.77,96067.0,49758.26,27584.85,464.55,839.2
18232,229177.77,112517.0,51057.492,9648.21,304.81,839.2
18233,218675.52,104692.0,39971.652,17092.4,384.68,839.3
18234,70878.08,16290.0,178664.02,788.88,987.77997,839.3
18235,262143.0,109480.0,59721.332,19331.02,544.42,839.4
18236,176473.92,90517.0,29752.541,14834.75,167.89,839.4
18237,58458.4,39184.0,43846.85,197.22,264.06,839.5
18238,212092.16,96989.0,40473.35,24875.67,436.84,839.5
18239,225322.72,105388.0,31385.66,19716.81,254.28,839.5
18240,262143.0,104486.0,66220.94,33908.0,699.27,839.6
18241,221880.97,106861.0,43237.89,19983.23,404.24,839.6
18242,211593.77,97917.0,36380.17,17858.791,329.26,839.7
18243,201075.84,94238.0,38020.21,13789.83,329.26,839.7
18244,163234.4,87285.0,48580.13,11006.26,358.6,839.7
18245,29643.041,6196.0,73855.43,171.27,444.99,839.7
18246,15600.48,6204.0,33421.87,88.23,202.12,839.8
18247,19538.4,7445.0,44959.242,280.26,438.47,839.8
18248,193089.12,102265.0,42075.332,28102.121,425.43,839.8
18249,142441.6,81130.0,26737.15,8454.51,296.66,839.8
18250,247552.48,100595.0,60876.97,10424.98,443.36,839.8
18251,219778.72,110879.0,42888.43,20588.73,409.13,839.9
18252,187391.69,100351.0,34657.09,6679.5303,278.73,839.9
18253,156488.64,85608.0,57634.95,21602.51,497.15,839.9
18254,213400.33,101867.0,41547.68,19566.3,422.17,839.9
18255,196173.6,98836.0,27038.17,16422.89,182.56,839.9
18256,192065.44,99781.0,36504.73,16824.25,285.25,840.0
18257,241702.72,101073.0,63577.5,24202.701,513.45,840.0
18258,126843.36,73209.0,34757.43,25873.88,208.64,840.1
18259,222635.84,101708.0,34001.42,17125.27,264.06,840.1
18260,189947.52,95572.0,31686.68,17267.13,278.73,840.1
18261,242991.84,113580.0,55593.55,21566.18,293.4,840.2
18262,175156.8,99657.0,24695.75,19853.48,146.7,840.2
18263,218797.6,97904.0,73012.92,23998.56,311.33,840.2
18264,262143.0,103089.0,75165.04,44519.82,705.79,840.2
18265,121712.64,66941.0,65947.6,480.94,547.68,840.2
18266,262143.0,85141.0,51365.43,15428.141,262.43,840.2
18267,36173.76,8519.0,107024.72,377.14,386.31,840.2
18268,207403.84,101292.0,31133.08,17447.05,202.12,840.2
18269,178332.0,90709.0,26237.18,10909.38,321.11,840.3
18270,173818.4,93872.0,44165.17,7793.65,348.82,840.3
18271,222141.92,108920.0,26643.73,10163.75,252.65,840.3
18272,190574.72,98733.0,28081.36,8310.92,208.64,840.3
18273,6362.72,5530.0,53898.152,-27.68,213.53,840.3
18274,203212.8,99569.0,30089.89,19391.57,265.69,840.3
18275,236146.4,96424.0,43756.89,18514.46,249.39,840.4
18276,144730.88,81653.0,32916.71,11789.95,278.73,840.4
18277,203138.88,105832.0,41634.18,9189.76,267.32,840.4
18278,171372.33,83591.0,58480.92,10092.82,387.94,840.4
18279,218096.48,106982.0,30617.541,7489.17,228.2,840.4
18280,163133.6,100188.0,24078.14,14333.05,198.86,840.4
18281,182684.33,98867.0,43108.14,18145.97,303.18,840.4
18282,209315.69,104314.0,26870.36,14563.141,218.42,840.5
18283,110927.04,67607.0,21019.5,15021.59,272.21,840.5
18284,236586.56,93749.0,54470.78,22673.38,412.38998,840.5
18285,262143.0,102176.0,140384.31,23574.71,982.89,840.5
18286,262143.0,95693.0,82463.914,36530.68,502.04,840.5
18287,229815.05,105845.0,35762.56,12360.851,203.75,840.5
18288,223465.77,105500.0,47410.652,18434.88,415.65,840.5
18289,205247.84,79418.0,75879.53,17305.19,627.55,840.5
18290,237678.56,114201.0,37255.55,15339.91,332.52,840.6
18291,145904.64,79481.0,29302.74,6695.1,265.69,840.6
18292,144681.6,46876.0,42961.09,10279.66,278.73,840.6
18293,178810.23,94992.0,35328.332,16855.39,319.48,840.6
18294,203455.84,105721.0,35914.8,6651.85,293.4,840.6
18295,250426.4,104461.0,80398.29,32532.65,692.75,840.6
18296,223679.69,96952.0,27318.43,18903.71,202.12,840.7
18297,193176.48,99670.0,34679.582,12708.58,246.13,840.7
18298,223100.64,97901.0,72545.82,20322.31,572.13,840.7
18299,262143.0,109949.0,137154.4,78516.055,1541.98,840.7
18300,259004.48,110665.0,25801.22,13668.73,221.68,840.8
18301,205315.05,100708.0,30475.68,12461.19,246.13,840.8
18302,201479.05,98947.0,32930.55,16739.48,321.11,840.8
18303,226913.12,101867.0,68348.84,49422.64,475.96,840.9
18304,262143.0,100428.0,115183.4,85735.34,1031.79,840.9
18305,163399.05,92480.0,29861.531,18028.33,370.01,840.9
18306,199552.64,104544.0,25380.83,6321.42,229.83,841.0
18307,238798.56,101090.0,60171.13,9402.55,537.9,841.0
18308,186402.72,101164.0,39506.28,19303.34,298.29,841.0
18309,142516.64,78745.0,38307.39,11307.28,260.8,841.0
18310,174664.0,88012.0,32947.85,19078.44,402.61,841.0
18311,262143.0,110269.0,113503.57,37127.53,1256.73,841.1
18312,237665.12,102615.0,88941.03,25161.121,697.64,841.1
18313,145557.44,82396.0,34992.71,9264.15,236.35,841.1
18314,193860.8,101323.0,47704.75,7994.33,226.56999,841.1
18315,135517.77,89979.0,29489.58,10971.66,304.81,841.2
18316,22597.12,22130.0,3847.52,806.18,-68.46,841.2
18317,262143.0,113480.0,58008.63,37022.0,528.12,841.4
18318,13590.08,7444.0,22078.26,58.82,179.3,841.8
18319,8523.2,5832.0,7359.42,-10.38,13.04,841.9
18320,194998.72,89860.0,36101.64,10751.95,241.24,841.9
18321,180391.69,93596.0,23195.84,17275.78,202.12,841.9
18322,167235.05,83070.0,35459.81,13009.601,301.55,842.0
18323,208793.77,100350.0,30989.49,17229.07,267.32,842.2
18324,140537.6,87303.0,20798.06,7918.21,127.14,842.2
18325,192298.4,101857.0,37087.742,22069.61,376.53,842.4
18326,213616.48,97932.0,38579.0,16986.871,343.93,842.4
18327,196235.2,92169.0,56122.93,21759.94,322.74,842.5
18328,176245.44,98840.0,36900.902,18927.93,259.17,842.6
18329,221472.16,105641.0,33653.69,16094.19,314.59,842.6
18330,262143.0,82920.0,92068.87,13921.311,1750.62,842.6
18331,185875.2,98507.0,20374.21,14590.82,176.04,842.6
18332,206641.12,96833.0,37153.48,15639.2,277.1,842.6
18333,158714.08,96501.0,26821.92,16414.24,277.1,842.7
18334,148732.64,92300.0,24367.05,11698.26,130.4,842.8
18335,166499.2,90223.0,37838.56,8257.29,198.86,842.8
18336,193083.52,102784.0,27285.56,15568.2705,283.62,842.8
18337,215792.64,93604.0,57671.28,28761.25,387.94,842.9
18338,202269.77,106775.0,32681.43,15896.97,296.66,842.9
18339,171548.16,95428.0,40021.82,17682.33,270.58,842.9
18340,226263.52,106084.0,28930.791,27462.02,267.32,843.0
18341,197191.69,101128.0,41277.8,8269.4,316.22,843.0
18342,175548.8,94014.0,22351.6,10155.101,236.35,843.0
18343,132534.08,84495.0,25085.0,14542.38,252.65,843.2
18344,191275.84,108096.0,20604.3,21035.07,218.42,843.2
18345,149345.28,91688.0,18313.78,11141.2,180.93,843.2
18346,222696.33,102332.0,70270.87,30710.96,510.19,843.3
18347,170360.95,90400.0,29392.701,15775.87,327.63,843.3
18348,174179.05,95699.0,27192.14,16113.22,203.75,843.3
18349,193453.12,87736.0,92688.21,4229.85,604.73,843.4
18350,207641.28,103929.0,51182.05,12167.09,262.43,843.6
18351,200077.92,101609.0,25963.84,8821.2705,156.48,843.6
18352,174002.08,91134.0,30811.3,10878.24,322.74,843.7
18353,182241.92,99665.0,25128.25,6843.88,272.21,843.7
18354,188199.2,104880.0,20012.64,15459.28,169.52,843.8
18355,191451.69,97825.0,35465.0,23624.88,177.67,843.8
18356,196537.6,102426.0,36326.54,21567.91,327.63,843.9
18357,212429.28,93025.0,29019.02,31783.56,365.12,843.9
18358,192288.33,97070.0,33371.7,13822.7,241.24,844.0
18359,254483.05,106996.0,51237.41,16549.18,441.73,844.0
18360,163044.0,87321.0,28802.77,15168.641,283.62,844.0
18361,155324.95,94312.0,18796.451,2994.6301,79.87,844.1
18362,92151.36,61188.0,32186.65,8461.43,264.06,844.1
18363,22226.4,20957.0,3636.46,138.4,332.52,844.2
18364,173017.6,83138.0,38854.07,36215.82,446.62,844.2
18365,208560.8,99051.0,32217.791,14203.3,233.09,844.2
18366,114231.04,65462.0,18985.02,16173.7705,145.06999,844.2
18367,181622.56,100302.0,32991.1,9298.75,275.47,844.2
18368,202922.72,93714.0,53183.66,26505.33,334.15,844.4
18369,125147.68,73533.0,34070.62,11165.42,141.81,844.4
18370,171293.92,99013.0,23275.42,19613.01,92.909996,844.4
18371,167371.69,90241.0,35051.53,9269.34,264.06,844.4
18372,159694.08,92405.0,18644.21,8317.84,285.25,844.4
18373,175576.8,88992.0,40942.18,16452.3,374.9,844.4
18374,201968.48,98586.0,40558.12,20806.71,339.04,844.5
18375,180628.0,101080.0,33541.242,15537.13,211.9,844.5
18376,136648.95,77557.0,22073.07,13682.57,184.19,844.5
18377,203673.12,105121.0,33741.92,14350.351,309.7,844.5
18378,262143.0,111043.0,94148.33,31757.61,762.84,844.5
18379,205987.05,101158.0,29647.01,14720.57,345.56,844.7
18380,123776.8,72593.0,20578.35,12255.32,249.39,844.7
18381,262143.0,109020.0,80367.15,43743.05,498.78,844.7
18382,255216.64,99984.0,60799.12,21836.06,635.7,844.7
18383,192185.28,96869.0,39092.81,16066.51,215.16,844.7
18384,162720.33,95173.0,28346.05,10198.351,272.21,844.8
18385,192328.64,99112.0,28581.33,8769.37,205.38,844.8
18386,214730.88,104591.0,47929.652,10630.851,418.91,844.8
18387,246211.84,112369.0,28403.14,26389.42,304.81,844.8
18388,185749.77,100780.0,28728.38,13980.13,308.07,844.9
18389,219368.8,98816.0,39533.96,13032.09,334.15,844.9
18390,262143.0,107637.0,90496.305,53661.14,951.92,844.9
18391,224881.44,107992.0,50735.71,15801.82,293.4,844.9
18392,262143.0,92152.0,58356.36,9324.7,220.05,844.9
18393,233101.12,95267.0,73068.28,55439.582,563.98,845.0
18394,205952.33,99517.0,34413.16,26039.96,441.73,845.1
18395,224669.77,101352.0,38729.51,27181.76,335.78,845.1
18396,262143.0,115165.0,173972.27,88032.78,1519.16,845.1
18397,30923.2,21941.0,7425.16,50.170002,-9.78,845.9
18398,125377.28,79433.0,22595.53,14739.601,182.56,845.9
18399,222564.16,104403.0,43898.75,20311.93,376.53,845.9
18400,219455.05,114403.0,52695.8,11269.22,363.49,846.2
18401,190510.88,102936.0,31496.38,10367.89,208.64,846.4
18402,16227.68,8045.0,40416.26,10.38,203.75,846.7
18403,184582.72,101313.0,27704.22,9871.38,283.62,846.8
18404,154082.88,95389.0,23252.93,10464.7705,130.4,846.9
18405,135562.56,83849.0,27117.75,9968.26,213.53,847.0
18406,213116.95,105653.0,51886.16,15583.84,259.17,847.0
18407,172466.56,94877.0,18815.48,21512.55,207.01,847.0
18408,191539.05,103361.0,28645.34,11660.2,298.29,847.2
18409,14487.2,5188.0,36456.29,-3.46,272.21,847.2
18410,226546.88,98241.0,49002.25,12115.19,332.52,847.2
18411,168277.77,88591.0,33418.41,8893.93,241.24,847.4
18412,129757.6,82301.0,23431.121,5267.85,184.19,847.5
18413,122306.24,71533.0,29989.55,10430.17,136.92,847.5
18414,205738.4,96032.0,65516.832,21112.92,505.3,847.6
18415,141915.2,86554.0,27763.041,13933.42,264.06,847.7
18416,186434.08,96289.0,31633.05,14673.86,277.1,847.9
18417,150535.84,92272.0,25085.0,10307.34,280.36,848.4
18418,160655.05,91993.0,19000.59,8336.87,182.56,848.4
18419,186103.69,104296.0,37234.79,24188.86,306.44,848.5
18420,162926.4,92485.0,13750.04,7451.11,122.25,848.5
18421,150682.56,89558.0,22637.05,2458.33,177.67,848.7
18422,130529.28,76556.0,42139.34,11900.67,138.55,848.7
18423,154284.48,91252.0,28960.201,17720.39,277.1,848.7
18424,146761.44,91095.0,24591.951,8634.43,251.02,848.8
18425,214191.05,99400.0,36624.1,26638.541,378.16,848.8
18426,140574.56,77600.0,32672.781,12073.67,296.66,849.0
18427,235381.44,99525.0,54420.61,25889.451,454.77,849.0
18428,156746.23,95013.0,28318.371,8150.0303,136.92,849.1
18429,178638.88,93117.0,29188.56,8404.34,231.46,849.1
18430,235103.69,111430.0,47780.87,22846.38,464.55,849.2
18431,162224.16,97056.0,24093.71,10201.811,291.77,849.2
18432,160182.4,88840.0,25349.69,11672.311,267.32,849.3
18433,155607.2,89161.0,25531.34,18441.8,329.26,849.4
18434,224104.16,99245.0,39392.1,10523.59,352.08,849.4
18435,130641.28,73333.0,34966.76,13269.101,321.11,849.4
18436,169874.88,94536.0,30015.5,8869.71,228.2,849.4
18437,45840.48,29369.0,19810.23,86.5,174.41,849.4
18438,189771.69,93273.0,33485.88,11468.17,326.0,849.4
18439,182797.44,102024.0,32743.71,12592.67,306.44,849.5
18440,213305.12,101107.0,43466.25,23185.46,231.46,849.5
18441,132389.6,77093.0,22950.18,6980.5503,118.99,849.5
18442,166181.12,91424.0,26726.77,16135.71,283.62,849.5
18443,178769.92,87651.0,43784.57,9136.13,272.21,849.6
18444,188418.72,102925.0,26626.43,15845.07,213.53,849.6
18445,206391.36,99281.0,58022.47,16334.66,417.28,849.6
18446,89984.164,56638.0,37620.582,470.56,298.29,849.6
18447,205262.4,103137.0,45182.41,15329.53,427.06,849.6
18448,170543.52,79056.0,59460.1,268.15,353.71,849.7
18449,202324.64,106356.0,32944.39,15448.9,218.42,849.7
18450,204144.64,95105.0,55264.85,7720.99,373.27,849.7
18451,171801.28,82646.0,42801.93,13189.5205,317.85,849.7
18452,262143.0,106324.0,64105.152,30143.52,627.55,849.7
18453,179782.4,95941.0,23979.53,15227.46,202.12,849.8
18454,203132.16,102368.0,38155.152,19083.63,262.43,849.8
18455,181811.84,95558.0,32982.45,16716.99,267.32,849.8
18456,170325.12,95552.0,25643.791,15210.16,215.16,849.8
18457,170234.4,92941.0,24493.34,14526.811,332.52,849.8
18458,199641.12,97857.0,31901.201,17488.57,220.05,849.8
18459,258060.33,107937.0,52816.902,10777.9,355.34,849.8
18460,262143.0,112785.0,86899.63,41544.22,666.67,849.8
18461,231589.12,108748.0,29766.38,21258.24,242.87,849.8
18462,262143.0,108864.0,96696.62,31134.81,495.52,849.8
18463,186712.95,100184.0,42052.84,13039.01,379.79,849.9
18464,124425.28,69249.0,31069.07,4728.09,291.77,850.0
18465,166672.8,96617.0,21126.76,5721.11,299.92,850.0
18466,246230.88,113728.0,55574.52,22381.01,396.09,850.1
18467,157982.72,82529.0,32224.71,17500.68,210.27,850.1
18468,215603.36,102941.0,25813.33,19407.14,259.17,850.2
18469,165256.0,81236.0,49427.832,16410.78,404.24,850.2
18470,47087.04,31276.0,24872.21,143.59,210.27,850.2
18471,129085.6,76166.0,25984.6,26515.71,299.92,850.3
18472,192054.23,92401.0,28868.51,14800.15,190.71,850.3
18473,173908.0,94347.0,31378.74,17478.19,189.08,850.4
18474,175766.08,93164.0,42829.61,25335.85,387.94,850.4
18475,188129.77,98596.0,33406.3,23256.39,254.28,850.4
18476,213775.52,107120.0,38361.02,10589.33,347.19,850.4
18477,225434.72,98301.0,36132.78,15971.36,293.4,850.4
18478,191133.6,94736.0,38084.22,16763.7,255.91,850.4
18479,177941.12,99180.0,29138.39,6977.09,179.3,850.4
18480,197989.12,101396.0,29781.951,14594.28,200.49,850.4
18481,184663.36,100728.0,30262.89,7201.99,153.22,850.5
18482,212052.95,101771.0,54287.402,18005.84,368.38,850.5
18483,262143.0,123464.0,139534.88,32094.96,730.24,850.5
18484,199544.8,96659.0,66380.1,19403.68,449.88,850.5
18485,262143.0,108619.0,73187.65,34439.11,772.62,850.5
18486,155637.44,81640.0,29503.42,16037.101,296.66,850.6
18487,183314.88,90200.0,21067.94,13412.69,203.75,850.6
18488,69367.2,33828.0,41277.8,252.58,422.17,850.6
18489,262143.0,116686.0,70459.44,27204.25,562.35,850.7
18490,203751.52,100484.0,27131.59,18061.201,275.47,850.7
18491,187395.05,98560.0,37798.77,15898.7,360.23,850.7
18492,166784.8,88948.0,40784.75,9234.74,220.05,850.8
18493,215340.16,102096.0,50998.67,24844.531,343.93,850.8
18494,196507.36,99436.0,33641.582,9449.26,189.08,850.8
18495,241964.8,111436.0,38170.72,10416.33,309.7,850.8
18496,193867.52,100248.0,52410.35,32319.861,379.79,850.8
18497,63908.32,41335.0,36691.57,783.69,348.82,850.8
18498,226617.44,105700.0,67224.34,18796.451,409.13,850.9
18499,186924.64,100419.0,23630.07,14625.42,234.72,850.9
18500,122307.36,64096.0,25732.02,15824.311,314.59,850.9
18501,166729.92,82709.0,30556.99,20846.5,326.0,850.9
18502,248920.0,109653.0,61743.7,20986.63,387.94,851.0
18503,175399.84,90024.0,47081.95,13135.891,342.3,851.0
18504,185298.4,100248.0,30968.73,18317.24,251.02,851.0
18505,262143.0,118968.0,115589.95,61892.48,901.39,851.0
18506,144730.88,85403.0,24479.5,17258.48,348.82,851.0
18507,161543.2,82846.0,52946.652,33174.48,304.81,851.0
18508,174839.84,97569.0,36298.86,15995.58,233.09,851.0
18509,142985.92,87467.0,27897.98,16710.07,405.87,851.1
18510,101728.48,23893.0,193628.52,816.56,1168.71,851.1
18511,175014.56,89859.0,40156.76,17578.53,299.92,851.1
18512,161213.92,91976.0,27344.38,11398.97,114.1,851.1
18513,217528.64,107996.0,37560.03,18472.94,277.1,851.1
18514,97949.6,55146.0,25640.33,20614.68,210.27,851.1
18515,180355.84,86577.0,29505.15,17151.22,286.88,851.1
18516,214966.08,100509.0,36084.34,14035.49,345.56,851.1
18517,187171.05,99924.0,36745.2,12466.38,167.89,851.1
18518,181427.69,92856.0,44540.582,25251.08,371.63998,851.1
18519,152548.48,78420.0,58548.39,27287.291,580.27997,851.2
18520,251218.23,110068.0,64883.652,15275.9,435.21,851.2
18521,194489.12,96597.0,41224.17,22166.49,386.31,851.2
18522,201512.64,96848.0,38393.89,8862.79,312.96,851.2
18523,195855.52,92103.0,40238.07,13620.29,239.61,851.2
18524,262143.0,101444.0,56650.582,50014.3,671.56,851.3
18525,187022.08,93653.0,30766.32,25463.871,254.28,851.3
18526,196300.16,102985.0,32421.93,9771.04,203.75,851.3
18527,98334.88,62045.0,22867.14,26972.43,288.51,851.3
18528,202631.52,103992.0,41089.23,20846.5,301.55,851.3
18529,262143.0,115865.0,54922.312,30399.56,599.84,851.3
18530,182389.77,101831.0,21036.8,18948.69,140.18,851.3
18531,191521.12,89833.0,45018.06,26391.15,495.52,851.4
18532,205484.16,109151.0,54847.92,18853.541,239.61,851.4
18533,262143.0,118051.0,63689.95,31826.81,660.15,851.4
18534,162211.84,80430.0,45545.71,24936.22,371.63998,851.4
18535,183864.8,97154.0,37383.57,17870.9,272.21,851.4
18536,115682.56,67785.0,24353.21,18209.98,239.61,851.5
18537,159447.69,95671.0,18884.68,8919.88,156.48,851.5
18538,262143.0,97456.0,84069.35,54719.902,811.74,851.5
18539,217872.48,106966.0,44009.47,15052.73,376.53,851.5
18540,129893.12,70059.0,30835.52,15329.53,241.24,851.5
18541,171663.52,90910.0,46090.66,29185.1,409.13,851.5
18542,114047.36,72361.0,23792.69,9817.75,278.73,851.6
18543,211953.28,94669.0,50301.48,25474.25,392.83,851.6
18544,190205.12,104730.0,38855.8,10563.38,187.45,851.6
18545,231117.6,104244.0,44440.242,23607.58,278.73,851.6
18546,174499.36,92976.0,30444.541,6779.87,247.76,851.6
18547,262143.0,91225.0,75523.15,26967.24,700.9,851.6
18548,255246.88,106297.0,49945.1,11416.2705,332.52,851.6
18549,262143.0,107899.0,79853.34,31013.71,629.18,851.7
18550,184343.05,97318.0,46303.45,14663.48,366.75,851.7
18551,255645.6,107716.0,72794.94,33096.63,596.58,851.7
18552,208035.52,99269.0,25782.19,26659.3,197.23,851.8
18553,242559.52,124295.0,59297.48,17497.22,573.76,851.8
18554,181385.12,94848.0,47220.35,18490.24,260.8,851.8
18555,198038.4,103303.0,37291.88,9900.79,268.95,851.8
18556,181294.4,104185.0,26321.951,13853.84,187.45,851.8
18557,262143.0,109048.0,45621.832,16467.871,422.17,851.8
18558,197911.84,97948.0,27019.14,14687.7,205.38,851.8
18559,174469.12,93408.0,27731.9,9172.46,207.01,851.9
18560,144627.84,86172.0,18486.78,21820.49,153.22,851.9
18561,222738.88,109673.0,35378.5,25244.16,345.56,851.9
18562,211051.69,104804.0,38750.27,22955.371,286.88,851.9
18563,181538.56,87570.0,26327.14,17306.92,291.77,851.9
18564,209408.64,100888.0,32477.291,11757.08,334.15,852.0
18565,193615.52,103396.0,50484.86,12210.34,270.58,852.0
18566,193291.84,103404.0,27733.63,22981.32,205.38,852.0
18567,220636.64,107088.0,68480.32,16758.51,428.69,852.0
18568,142528.95,83565.0,36591.23,20311.93,326.0,852.0
18569,190566.88,100100.0,21685.55,17947.02,205.38,852.0
18570,154748.16,80460.0,54128.242,31273.21,368.38,852.0
18571,188642.72,107908.0,26806.35,16990.33,205.38,852.1
18572,9688.0,6208.0,5023.92,67.47,133.66,852.1
18573,242747.69,120794.0,51246.062,39642.95,601.47,852.1
18574,70868.0,11043.0,117442.78,290.64,787.29,852.1
18575,174295.52,90569.0,35511.71,14765.55,384.68,852.1
18576,151846.23,83387.0,33719.43,15775.87,303.18,852.1
18577,262143.0,110532.0,57197.26,8627.51,516.71,852.1
18578,153832.0,91483.0,35011.742,15407.38,63.57,852.1
18579,219471.84,104229.0,32345.81,19396.76,211.9,852.1
18580,199776.64,94498.0,48588.78,17331.14,343.93,852.1
18581,206912.16,93123.0,36885.332,11144.66,326.0,852.2
18582,120392.164,72455.0,24709.59,12969.811,242.87,852.2
18583,189499.52,92362.0,34574.05,15865.83,409.13,852.3
18584,69846.56,35248.0,24380.89,352.92,202.12,852.3
18585,109270.56,64493.0,35527.28,24649.041,316.22,852.6
18586,192395.84,99253.0,43194.64,22638.78,446.62,852.6
18587,176594.88,92931.0,27853.0,16921.13,304.81,852.7
18588,138717.6,86681.0,38333.34,10030.54,255.91,852.7
18589,165221.28,95502.0,22462.32,13128.97,257.54,852.8
18590,213083.36,102504.0,40841.84,20448.6,317.85,852.9
18591,134448.16,72180.0,25109.22,16462.68,293.4,852.9
18592,183443.69,97135.0,29624.52,15807.01,303.18,852.9
18593,193183.2,103114.0,28494.83,20737.51,268.95,852.9
18594,206748.64,102182.0,26218.15,16947.08,135.29,853.0
18595,190759.52,92311.0,29506.88,4982.4,254.28,853.0
18596,162963.36,91265.0,32479.02,16874.42,268.95,853.1
18597,234856.16,104428.0,81076.45,12161.9,322.74,853.1
18598,170275.84,84520.0,30702.31,20078.38,386.31,853.2
18599,151107.05,71231.0,62442.62,25368.72,495.52,853.3
18600,167656.16,97299.0,20415.73,15865.83,226.56999,853.3
18601,14981.12,15148.0,2363.18,669.51,-3.26,853.4
18602,224190.4,106893.0,31788.75,9731.25,226.56999,853.4
18603,204747.2,106081.0,35669.14,14019.92,202.12,853.4
18604,204038.23,102283.0,41004.46,17651.19,340.67,853.4
18605,222819.52,99632.0,38933.652,41331.43,239.61,853.4
18606,181972.0,93817.0,40551.2,29371.94,345.56,853.5
18607,187345.77,92677.0,34745.32,28659.18,373.27,853.5
18608,163640.95,93205.0,23562.6,18410.66,164.63,853.5
18609,105670.88,54916.0,40646.35,458.45,242.87,853.6
18610,68224.8,41273.0,34958.11,209.33,223.31,853.6
18611,215531.69,97175.0,32027.49,30674.63,264.06,853.6
18612,262143.0,101436.0,71677.36,36020.332,544.42,853.6
18613,162181.6,90813.0,23680.24,12776.05,135.29,853.6
18614,226835.84,108769.0,54986.32,22301.43,321.11,853.6
18615,162309.28,89395.0,35788.51,14819.18,156.48,853.7
18616,262143.0,109695.0,56252.68,31202.281,563.98,853.7
18617,93027.2,57098.0,44504.25,19126.88,428.69,853.7
18618,177119.05,93659.0,21279.0,14682.51,167.89,853.8
18619,222993.12,109144.0,37656.91,12668.79,229.83,853.8
18620,178330.88,93720.0,30188.5,15348.561,127.14,853.8
18621,182116.48,93007.0,39160.28,25726.83,295.03,853.8
18622,205300.48,97556.0,41921.36,26088.4,308.07,853.8
18623,186375.84,100690.0,46002.43,16981.68,379.79,853.8
18624,222587.69,105249.0,37350.7,20052.43,218.42,853.8
18625,150455.2,91068.0,23597.201,17988.541,208.64,853.8
18626,216260.8,97325.0,34897.56,15718.78,298.29,853.8
18627,212029.44,108216.0,22071.34,24628.28,252.65,853.8
18628,262143.0,114926.0,262143.0,34394.13,2228.21,853.9
18629,169267.84,92465.0,36349.03,7575.67,102.69,853.9
18630,161644.0,82467.0,32338.89,20277.33,182.56,853.9
18631,230424.33,98656.0,60171.13,22823.89,400.98,853.9
18632,262143.0,122569.0,91684.81,9165.54,555.83,853.9
18633,226916.48,109180.0,26482.84,23780.58,278.73,853.9
18634,210782.88,108245.0,17552.58,19197.81,277.1,853.9
18635,241880.8,109509.0,41445.61,25323.74,264.06,853.9
18636,127789.76,82413.0,23508.97,2870.07,120.62,853.9
18637,60144.0,13193.0,84903.21,363.30002,418.91,854.0
18638,128953.44,79041.0,16490.36,21407.02,275.47,854.1
18639,262143.0,114321.0,54835.812,18485.05,396.09,854.1
18640,217489.44,90601.0,41004.46,18997.13,417.28,854.2
18641,203955.36,98641.0,61944.38,16281.03,505.3,854.2
18642,59121.44,38861.0,1864.9401,6669.15,-26.08,854.2
18643,70417.76,35265.0,33499.72,197.22,332.52,854.3
18644,212656.64,103401.0,42523.402,25654.17,291.77,854.4
18645,182370.72,101753.0,32267.96,9805.64,239.61,854.4
18646,171847.2,97739.0,29735.24,8321.3,211.9,854.4
18647,29787.52,22122.0,16362.34,3.46,55.42,854.6
18648,184402.4,95985.0,33700.4,24088.52,221.68,854.8
18649,212862.72,107414.0,35843.87,16149.55,324.37,854.8
18650,204472.8,101580.0,40976.78,18787.8,319.48,854.8
18651,196884.8,97937.0,34342.23,23391.33,327.63,855.2
18652,142772.0,80217.0,35217.61,20126.82,262.43,855.3
18653,176536.64,94044.0,37239.98,14813.99,290.13998,855.4
18654,230060.33,95925.0,45035.36,23669.86,443.36,855.5
18655,210939.69,101725.0,41563.25,14820.91,396.09,855.5
18656,182952.0,98340.0,17400.34,7637.95,195.6,855.6
18657,147064.95,89569.0,19959.01,16346.7705,202.12,855.6
18658,140560.0,88248.0,26681.791,12897.15,213.53,855.7
18659,110280.8,66788.0,25911.94,18607.88,228.2,855.8
18660,262143.0,104372.0,39428.43,27372.06,422.17,855.8
18661,155897.28,84041.0,39672.36,16166.851,384.68,855.9
18662,143740.8,84136.0,33470.31,15222.2705,203.75,855.9
18663,193624.48,91294.0,47850.07,14442.04,259.17,855.9
18664,154949.77,91640.0,25965.57,15204.97,86.39,855.9
18665,185787.84,99292.0,34605.19,15876.21,347.19,856.0
18666,179645.77,102496.0,26207.77,17050.88,231.46,856.1
18667,188816.33,100813.0,29249.11,6707.21,286.88,856.2
18668,196367.36,101353.0,37414.71,13374.63,334.15,856.2
18669,181433.28,102588.0,20114.71,4120.86,241.24,856.4
18670,235306.4,112723.0,29889.21,16770.621,268.95,856.4
18671,152078.08,86765.0,24349.75,11620.41,224.94,856.4
18672,176113.28,86165.0,26622.97,11058.16,211.9,856.5
18673,239915.2,105475.0,28271.66,22194.17,233.09,856.5
18674,160372.8,95444.0,28264.74,8430.29,171.15,856.6
18675,157948.0,82328.0,54060.77,16652.98,487.37,856.6
18676,160370.56,90457.0,20112.98,16019.8,141.81,856.6
18677,211361.92,105573.0,34563.67,9646.48,366.75,856.6
18678,127191.68,79055.0,15087.33,10961.28,210.27,856.7
18679,194084.8,94548.0,40032.2,13007.87,244.5,856.7
18680,201322.23,101216.0,40329.76,20033.4,311.33,856.7
18681,214696.16,103141.0,33620.82,16320.82,236.35,856.8
18682,137042.08,78377.0,28666.1,6343.91,273.84,856.8
18683,194397.28,101692.0,23690.621,10274.47,283.62,856.9
18684,244647.2,97892.0,49151.03,38220.89,374.9,856.9
18685,173225.92,30082.0,262143.0,1608.9,2544.43,857.0
18686,207459.84,104717.0,34215.94,15734.351,296.66,857.0
18687,165589.77,97528.0,19929.6,10077.25,223.31,857.0
18688,187906.88,96737.0,37437.2,18863.92,308.07,857.0
18689,236810.56,106087.0,58077.832,14438.58,304.81,857.1
18690,5771.36,5441.0,1408.22,491.32,-32.6,857.2
18691,262143.0,98900.0,89245.51,29359.83,725.35,857.2
18692,262143.0,110168.0,77318.89,19311.99,754.69,857.3
18693,153827.52,82010.0,38085.95,17850.14,273.84,857.4
18694,184359.84,96596.0,43078.73,15955.79,295.03,857.4
18695,125414.24,68536.0,45166.84,707.57,461.29,857.4
18696,216379.52,100331.0,29164.34,15826.04,316.22,857.5
18697,172801.44,97553.0,34466.79,16241.24,268.95,857.5
18698,182892.64,97944.0,30499.9,16915.94,174.41,857.6
18699,212449.44,104003.0,52569.51,11075.46,448.25,857.6
18700,174562.08,81120.0,18275.72,15369.32,128.77,857.6
18701,199002.72,100429.0,39106.652,11390.32,172.78,857.7
18702,203633.92,104316.0,44974.81,16786.19,278.73,857.7
18703,164704.95,92569.0,26353.09,9810.83,109.21,857.7
18704,251232.8,99480.0,62843.98,26031.31,544.42,857.7
18705,215622.4,97121.0,43198.1,16523.23,361.86,857.7
18706,173518.23,96613.0,24700.94,7643.14,149.96,857.7
18707,176716.95,96492.0,19031.73,11295.17,135.29,857.7
18708,210511.84,100208.0,51590.332,14127.18,275.47,857.8
18709,169133.44,89980.0,28673.02,17428.02,221.68,857.8
18710,201284.16,100309.0,26624.701,16774.08,324.37,857.8
18711,210038.08,105367.0,45869.22,19959.01,497.15,857.9
18712,173631.36,98301.0,26328.871,13748.311,226.56999,857.9
18713,262143.0,106133.0,173129.75,80673.36,1233.91,857.9
18714,233830.23,103429.0,56041.62,24315.15,249.39,857.9
18715,197638.56,100149.0,47121.742,21853.36,340.67,858.0
18716,188041.28,94720.0,55984.53,12011.39,270.58,858.0
18717,204068.48,92181.0,24602.33,15147.88,324.37,858.0
18718,199099.05,102576.0,35292.0,26581.451,285.25,858.0
18719,158381.44,86429.0,34811.06,24181.94,332.52,858.1
18720,262143.0,114711.0,76270.51,15123.66,537.9,858.1
18721,169823.36,90319.0,65013.402,48543.8,568.87,858.1
18722,172196.64,85196.0,36641.402,11482.01,324.37,858.5
18723,135801.12,93976.0,21130.22,10042.65,153.22,858.8
18724,8621.76,6460.0,5489.29,67.47,60.31,859.0
18725,8347.36,6137.0,9634.37,98.61,44.01,859.3
18726,7995.68,6804.0,6914.81,29.41,71.72,859.3
18727,252073.92,104309.0,47412.38,22517.68,343.93,859.3
18728,40383.84,18532.0,8457.97,169.54001,135.29,859.4
18729,168833.28,97942.0,28050.22,5916.6,132.03,859.5
18730,180457.77,98620.0,32555.14,18402.01,277.1,859.5
18731,183862.56,98705.0,23050.52,20569.701,151.59,859.5
18732,138735.52,88337.0,22242.61,12281.2705,132.03,859.5
18733,173085.92,98152.0,23695.81,16265.46,267.32,859.7
18734,193613.28,100253.0,47779.14,3814.6501,172.78,859.7
18735,250853.12,99617.0,65887.05,22014.25,397.72,859.8
18736,145821.77,84749.0,16080.351,14570.061,242.87,859.9
18737,180616.8,94918.0,34330.12,10805.58,350.45,859.9
18738,259003.36,101893.0,95598.07,36316.16,720.46,859.9
18739,262143.0,109308.0,65561.81,41786.42,621.02997,860.0
18740,181619.2,101553.0,27199.06,14329.59,221.68,860.1
18741,185701.6,93888.0,55562.41,26065.91,427.06,860.2
18742,147407.69,84088.0,27650.59,6127.66,314.59,860.3
18743,188222.72,107265.0,26017.47,8667.3,233.09,860.3
18744,149399.05,66481.0,54456.94,20995.28,679.71,860.4
18745,169920.8,89420.0,27622.91,15590.76,145.06999,860.4
18746,207286.23,101236.0,21170.01,19792.93,216.79,860.4
18747,224628.33,108321.0,41044.25,12762.21,270.58,860.5
18748,16263.5205,16024.0,1588.14,999.94,4.89,860.7
18749,183224.16,96757.0,31131.35,12210.34,383.05,860.9
18750,12243.84,5977.0,18661.51,58.82,94.54,861.4
18751,120365.28,64161.0,45300.05,26920.531,281.99,861.7
18752,23470.72,6489.0,43286.332,20.76,251.02,861.8
18753,199430.56,103260.0,32700.46,19476.34,260.8,861.9
18754,149806.72,92700.0,14512.97,24187.13,221.68,861.9
18755,192297.28,98906.0,26977.621,15251.68,224.94,862.0
18756,9157.12,9209.0,759.47003,1098.55,30.97,862.1
18757,187633.6,104184.0,21656.14,15021.59,260.8,862.1
18758,178808.0,96550.0,43121.98,7736.56,288.51,862.2
18759,228747.69,108001.0,48138.98,20325.77,529.75,862.4
18760,99385.44,65779.0,28562.3,9838.51,180.93,862.5
18761,173918.08,91996.0,35880.2,23341.16,207.01,862.5
18762,98275.52,57058.0,77946.88,397.9,614.51,862.6
18763,165475.52,89188.0,39196.61,18722.06,270.58,862.7
18764,165555.05,96884.0,28335.67,20616.41,169.52,862.8
18765,190408.95,93007.0,46424.55,16135.71,454.77,862.9
18766,154799.69,85094.0,29743.89,15407.38,146.7,862.9
18767,159180.0,94989.0,27865.11,13435.18,180.93,862.9
18768,195434.4,94636.0,45045.742,16315.63,366.75,863.0
18769,144604.33,82448.0,26448.24,13428.26,260.8,863.0
18770,210929.6,101229.0,47824.12,25149.01,242.87,863.1
18771,186001.77,88669.0,41263.96,13677.38,272.21,863.1
18772,243344.64,99933.0,82202.68,24491.61,467.81,863.1
18773,158695.05,77646.0,47746.27,19272.201,247.76,863.2
18774,247060.8,109364.0,45874.41,23636.99,216.79,863.2
18775,195832.0,96837.0,25169.77,16436.73,247.76,863.2
18776,160293.28,87404.0,48830.98,6051.54,436.84,863.3
18777,177642.08,99933.0,24811.66,14798.42,207.01,863.3
18778,209919.36,100881.0,27853.0,9582.47,164.63,863.4
18779,164402.56,84669.0,42720.62,12078.86,366.75,863.4
18780,191472.95,91417.0,56752.652,26737.15,438.47,863.4
18781,133022.4,73560.0,42028.62,19275.66,368.38,863.5
18782,245775.05,115132.0,58717.93,15618.44,464.55,863.5
18783,149751.84,91632.0,19059.41,8407.8,26.08,863.5
18784,234056.48,94145.0,68281.37,25545.18,594.95,863.5
18785,190954.4,101392.0,39516.66,12634.19,268.95,863.6
18786,257650.4,113852.0,56008.75,28889.27,324.37,863.6
18787,211816.64,110205.0,58107.242,32605.31,410.76,863.6
18788,243772.48,108518.0,42307.152,20145.85,309.7,863.7
18789,205978.08,102772.0,44402.18,11379.94,340.67,863.7
18790,262143.0,106125.0,57192.07,43042.402,343.93,863.7
18791,262143.0,106585.0,111967.33,74192.78,937.25,863.7
18792,257558.56,109089.0,42459.39,17919.34,399.35,863.7
18793,12246.08,6588.0,15166.91,-1.73,81.5,863.8
18794,262143.0,117916.0,64281.61,10144.72,469.44,863.8
18795,177796.64,94789.0,19805.041,17111.43,231.46,863.9
18796,243740.0,106730.0,57432.54,27692.11,529.75,864.0
18797,211945.44,103169.0,58396.152,21699.39,518.34,864.0
18798,235001.77,110289.0,58371.93,22348.14,506.93,864.1
18799,209555.36,101688.0,33145.07,17952.21,334.15,864.3
18800,221064.48,106209.0,44329.52,14506.05,252.65,864.3
18801,215247.2,104897.0,45324.27,25394.67,340.67,864.3
18802,78416.8,47422.0,38603.22,318.32,379.79,864.4
18803,117542.88,67776.0,48419.242,15134.04,273.84,864.4
18804,27941.76,7628.0,78692.51,103.8,348.82,864.4
18805,193183.2,100641.0,29586.46,12283.0,205.38,864.5
18806,196964.33,93112.0,34427.0,20715.02,270.58,864.5
18807,150524.64,85084.0,28373.73,8719.2,207.01,864.6
18808,172326.56,76460.0,57607.27,25347.96,379.79,864.6
18809,262143.0,98907.0,80220.1,33688.29,692.75,864.6
18810,156626.4,52270.0,73499.055,9762.39,493.88998,864.7
18811,9959.04,5781.0,15620.17,70.93,29.34,864.7
18812,214094.72,100076.0,44268.97,17486.84,221.68,864.9
18813,164642.23,89356.0,22631.86,7004.77,167.89,864.9
18814,15415.68,5917.0,40575.42,22.49,316.22,865.0
18815,223875.69,100349.0,56064.11,11480.28,352.08,865.0
18816,165394.88,88332.0,44291.46,20875.91,296.66,865.0
18817,212049.6,106084.0,42519.94,13772.53,324.37,865.1
18818,199171.84,93872.0,46621.77,18291.291,301.55,865.1
18819,166951.69,83788.0,22095.56,33266.17,309.7,865.2
18820,128759.68,67357.0,44720.5,16009.42,378.16,865.2
18821,205625.28,100373.0,41672.242,24069.49,376.53,865.2
18822,86390.08,57164.0,18858.73,5766.09,176.04,865.2
18823,212201.92,105921.0,42135.88,16116.681,229.83,865.3
18824,258267.52,103239.0,51830.8,26297.73,448.25,865.3
18825,11129.44,7129.0,8693.25,60.55,163.0,865.3
18826,184131.36,95916.0,47199.59,15876.21,314.59,865.3
18827,156022.72,88109.0,30932.4,7335.2,321.11,865.3
18828,262143.0,111018.0,43014.72,23335.97,335.78,865.5
18829,214919.05,108648.0,44765.48,23659.48,301.55,865.5
18830,166102.72,89281.0,37008.16,8667.3,237.98,865.5
18831,236537.28,110441.0,43320.93,33492.8,273.84,865.6
18832,26035.52,7852.0,36682.92,183.38,345.56,865.6
18833,249973.92,97317.0,52166.42,23918.98,712.31,865.6
18834,262143.0,47081.0,262143.0,2425.46,3323.57,865.6
18835,183507.52,98130.0,38037.51,12620.351,304.81,865.7
18836,85188.32,39488.0,31093.291,40165.41,270.58,865.7
18837,190347.36,99053.0,32930.55,15277.63,228.2,865.8
18838,171727.36,100193.0,33918.38,13326.19,174.41,865.8
18839,217422.23,109325.0,36236.582,9509.811,267.32,865.8
18840,65390.082,35230.0,22199.36,174.73,234.72,865.8
18841,189985.6,99360.0,25600.541,14442.04,135.29,865.9
18842,191228.8,100040.0,29918.621,14172.16,299.92,865.9
18843,213215.52,105423.0,36091.26,26849.6,330.88998,866.0
18844,165659.2,94750.0,28519.05,8859.33,148.33,866.1
18845,160273.12,76013.0,90722.93,1110.66,806.85,866.2
18846,262143.0,99131.0,69101.39,37565.22,578.65,866.2
18847,190242.08,98941.0,35963.242,20455.52,321.11,866.3
18848,160401.92,88092.0,45936.69,17537.01,236.35,866.3
18849,183865.92,97805.0,27986.21,6127.66,241.24,866.3
18850,262143.0,98584.0,106673.53,51138.8,798.7,866.4
18851,152293.12,79140.0,36092.992,11940.46,264.06,866.5
18852,176304.8,90540.0,47220.35,11125.63,345.56,866.5
18853,205353.12,103340.0,34942.54,10969.93,247.76,866.6
18854,194191.2,95470.0,34849.12,28700.701,332.52,866.6
18855,31519.041,21803.0,10812.5,-27.68,78.24,866.7
18856,190391.05,99085.0,35736.61,9845.43,262.43,866.8
18857,197317.12,97619.0,38909.43,17516.25,198.86,866.8
18858,192358.88,96992.0,31643.43,15431.601,317.85,866.9
18859,173750.08,101544.0,26058.99,12440.43,210.27,867.0
18860,132394.08,81769.0,33150.26,14492.21,237.98,867.1
18861,196734.72,97385.0,31311.27,13947.26,259.17,867.3
18862,180078.08,100563.0,56538.13,11473.36,326.0,867.4
18863,194575.36,98975.0,33575.84,9492.51,296.66,867.9
18864,102738.72,66832.0,24849.72,20578.35,205.38,868.1
18865,184425.92,101141.0,21495.25,13980.13,210.27,868.1
18866,196838.88,103218.0,24266.71,19324.1,167.89,868.2
18867,169517.6,86505.0,30409.94,12585.75,327.63,868.3
18868,89554.08,54100.0,36323.082,14786.311,347.19,868.3
18869,160219.36,94950.0,20754.81,17550.85,234.72,868.4
18870,196153.44,101797.0,29204.13,15848.53,239.61,868.4
18871,26936.0,21165.0,18519.65,1181.59,524.86,868.4
18872,262143.0,109890.0,69696.51,19189.16,624.29,868.5
18873,180228.16,93292.0,41246.66,6022.13,171.15,868.5
18874,166770.23,97437.0,25256.27,20841.31,207.01,868.6
18875,244986.56,107957.0,67201.85,37023.73,547.68,868.6
18876,116366.88,75045.0,23059.17,9667.24,280.36,868.7
18877,229792.64,109834.0,37784.93,11625.601,290.13998,868.8
18878,196073.92,103434.0,39255.43,16005.96,298.29,868.9
18879,160045.77,94524.0,22950.18,16005.96,311.33,869.0
18880,178581.77,97121.0,38054.81,20915.701,290.13998,869.0
18881,195928.33,98550.0,46817.26,18512.73,334.15,869.0
18882,262143.0,106925.0,68139.51,22704.52,541.16,869.1
18883,173800.48,96456.0,35129.38,13030.36,218.42,869.2
18884,200014.08,91142.0,28240.52,18571.55,242.87,869.3
18885,124972.96,63624.0,43480.09,35760.832,446.62,869.3
18886,228252.64,98049.0,38437.14,23713.11,264.06,869.3
18887,163338.56,77573.0,46253.28,34433.92,427.06,869.4
18888,186068.95,102037.0,21292.84,8610.21,107.58,869.4
18889,224331.52,106481.0,29773.3,22879.25,298.29,869.4
18890,262143.0,115653.0,58755.992,25979.41,298.29,869.4
18891,165948.16,95369.0,15544.05,3998.03,211.9,869.4
18892,215082.56,107064.0,33613.9,36530.68,337.41,869.5
18893,195093.92,101148.0,32011.92,10764.061,324.37,869.5
18894,231938.56,109449.0,44741.26,12466.38,348.82,869.5
18895,176946.56,91953.0,49007.44,6594.7603,332.52,869.6
18896,152577.6,84447.0,25984.6,14251.74,146.7,869.6
18897,176835.69,89851.0,54193.98,15609.79,407.5,869.6
18898,178165.12,94530.0,28287.23,11708.64,286.88,869.6
18899,148393.28,85906.0,20280.791,10264.09,304.81,869.6
18900,171395.84,90549.0,25439.65,14123.72,264.06,869.6
18901,190055.05,105100.0,26372.121,10014.97,293.4,869.7
18902,75006.4,44819.0,45012.87,339.08002,322.74,869.7
18903,262143.0,122045.0,82258.04,37556.57,784.02997,869.7
18904,229397.28,107172.0,33326.72,4492.81,353.71,869.7
18905,170593.92,98749.0,26754.451,17341.52,319.48,869.8
18906,260067.36,110375.0,39736.37,17118.35,536.27,869.8
18907,151346.72,87865.0,34926.97,7001.31,176.04,869.8
18908,262143.0,90709.0,70654.93,35099.97,772.62,869.9
18909,234254.72,107325.0,46710.0,26661.031,317.85,869.9
18910,170280.33,90392.0,41909.25,24379.16,348.82,869.9
18911,262143.0,109889.0,60050.03,35240.1,472.7,869.9
18912,163932.16,82124.0,19502.291,19870.78,267.32,869.9
18913,167959.69,87661.0,41732.79,15684.18,334.15,869.9
18914,223203.69,104837.0,58766.37,23870.541,536.27,870.0
18915,207883.2,104815.0,37485.64,17393.42,241.24,870.0
18916,191703.69,97468.0,35532.47,16028.45,495.52,870.1
18917,203126.56,105216.0,29820.01,19000.59,189.08,870.1
18918,168527.52,88317.0,32897.68,16000.7705,309.7,870.2
18919,212577.12,101346.0,42417.87,10251.98,324.37,870.2
18920,205038.4,105680.0,36850.73,20657.93,339.04,870.2
18921,178697.12,95347.0,49235.8,5096.58,374.9,870.3
18922,177904.16,96093.0,24474.31,10620.47,148.33,870.3
18923,194761.28,89673.0,46623.5,25373.91,312.96,870.3
18924,256282.88,117668.0,51770.25,18201.33,420.54,870.4
18925,231922.88,73300.0,77419.234,23823.83,689.49,870.4
18926,179023.05,95339.0,39772.7,11409.351,370.01,870.4
18927,190113.28,103887.0,30889.15,9698.38,260.8,870.4
18928,191899.69,99704.0,42500.91,14310.561,324.37,870.4
18929,226487.52,91197.0,36343.84,14609.851,371.63998,870.5
18930,193864.16,98952.0,29378.86,10020.16,283.62,870.6
18931,112489.44,66803.0,32826.75,14341.7,327.63,870.6
18932,165375.84,90901.0,35214.15,19806.77,358.6,870.7
18933,167931.69,92401.0,28640.15,19287.77,322.74,870.8
18934,190730.4,98740.0,36188.14,6544.59,207.01,870.8
18935,71033.76,41768.0,41070.2,224.90001,340.67,870.8
18936,14430.08,9473.0,23455.34,70.93,182.56,870.9
18937,167376.16,88024.0,27245.77,21945.05,428.69,870.9
18938,173147.52,97453.0,25322.01,9499.43,158.11,870.9
18939,175818.72,96936.0,37769.36,16646.06,241.24,871.0
18940,187103.84,86077.0,48313.71,27593.5,373.27,871.0
18941,185288.33,98197.0,31999.81,10883.43,368.38,871.0
18942,183173.77,98124.0,26785.59,27325.35,281.99,871.1
18943,173349.12,97385.0,32389.06,23697.541,262.43,871.1
18944,206661.28,104614.0,45372.71,22834.27,321.11,871.1
18945,181020.0,100567.0,13580.5,10738.11,161.37,871.2
18946,223364.97,106749.0,58067.45,9738.17,399.35,871.3
18947,162372.0,86672.0,36169.11,21379.34,329.26,871.3
18948,262143.0,109353.0,19460.77,17466.08,321.11,871.3
18949,201298.72,97560.0,50237.47,23114.53,487.37,871.3
18950,230606.88,112427.0,39020.152,23996.83,309.7,871.3
18951,225295.84,102696.0,50168.27,15208.43,265.69,871.4
18952,186799.2,96677.0,31543.09,19088.82,407.5,871.4
18953,111097.28,66236.0,25844.47,17398.61,257.54,871.5
18954,217341.6,102969.0,32176.27,14696.351,231.46,871.5
18955,262143.0,92778.0,75486.82,23773.66,492.26,871.5
18956,200748.8,97251.0,43679.04,18709.951,324.37,871.5
18957,175460.33,92612.0,34937.35,11333.23,299.92,871.6
18958,127097.6,75461.0,29595.11,7530.69,239.61,871.6
18959,218704.64,107288.0,24437.98,10008.05,190.71,871.6
18960,148813.28,88088.0,32395.98,15647.851,334.15,871.7
18961,200865.28,93780.0,59577.742,28131.531,412.38998,871.7
18962,65944.48,41300.0,35593.02,231.82,296.66,871.7
18963,246741.6,92169.0,57311.44,11097.95,454.77,871.7
18964,191517.77,91005.0,40120.43,15279.36,218.42,871.7
18965,134298.08,78388.0,27468.94,15824.311,290.13998,871.8
18966,198541.28,101710.0,44421.21,17684.06,337.41,871.8
18967,211492.95,105718.0,34229.78,21367.23,291.77,871.9
18968,169979.05,98014.0,28709.35,16044.0205,296.66,871.9
18969,130752.164,74455.0,30665.98,10028.811,400.98,871.9
18970,213745.28,104159.0,33449.55,17341.52,342.3,871.9
18971,182215.05,82988.0,50510.812,14684.24,414.02,872.0
18972,180289.77,96638.0,55533.0,23813.451,366.75,872.2
18973,142331.84,87225.0,46791.31,49882.82,513.45,872.4
18974,223773.77,103708.0,33067.22,17386.5,451.51,872.4
18975,176751.69,85849.0,46120.07,23572.98,252.65,872.6
18976,180828.48,96324.0,28058.871,22536.71,339.04,872.6
18977,145099.36,14238.0,262143.0,266.42,1357.79,872.6
18978,224614.88,98122.0,56347.832,11340.15,376.53,872.7
18979,7888.16,5067.0,15438.5205,65.74,30.97,872.7
18980,231739.2,103620.0,47357.02,23216.6,396.09,872.8
18981,167418.72,90326.0,27022.6,3013.66,171.15,873.2
18982,164068.8,92080.0,18405.47,11106.601,104.32,873.2
18983,161663.05,83785.0,38075.57,15573.46,348.82,873.3
18984,175526.4,94953.0,27001.84,16220.48,176.04,873.3
18985,152300.95,82442.0,37995.992,10096.28,249.39,873.3
18986,98657.44,62765.0,35167.44,10836.72,335.78,873.3
18987,152237.12,85613.0,42523.402,11267.49,259.17,873.5
18988,145457.77,77272.0,37011.62,17099.32,298.29,873.5
18989,199242.4,96521.0,39056.48,11220.78,335.78,873.6
18990,200584.16,106396.0,46753.25,16080.351,234.72,873.6
18991,184810.08,102629.0,29576.08,9528.84,180.93,873.6
18992,182845.6,101737.0,32458.26,11288.25,231.46,873.7
18993,161042.56,93281.0,26434.4,15720.51,182.56,873.8
18994,230196.97,91718.0,40743.23,17810.35,335.78,873.8
18995,139285.44,86005.0,30319.98,15592.49,298.29,873.8
18996,227821.44,109114.0,40160.22,13218.93,270.58,873.8
18997,166526.08,94775.0,33904.54,9989.0205,179.3,873.8
18998,196381.92,99253.0,40751.88,7705.42,234.72,873.9
18999,116612.164,68573.0,24934.49,4906.2803,251.02,873.9
19000,249547.2,111796.0,58416.91,18267.07,312.96,874.0
19001,215978.56,79376.0,100663.51,63719.36,722.09,874.0
19002,218317.12,101686.0,46248.09,19993.61,283.62,874.1
19003,249290.72,92377.0,64757.36,53152.52,409.13,874.1
19004,177992.64,89029.0,40715.55,19929.6,381.42,874.1
19005,226696.97,98353.0,48528.23,28570.951,443.36,874.2
19006,219843.69,104210.0,39720.8,31745.5,272.21,874.2
19007,143380.16,79993.0,37210.57,15981.74,252.65,874.3
19008,221948.16,104297.0,43191.18,17135.65,215.16,874.3
19009,175715.69,93088.0,31923.69,7157.0103,200.49,874.3
19010,205429.28,100453.0,41864.27,17113.16,361.86,874.3
19011,141615.05,82059.0,31146.92,18128.67,233.09,874.3
19012,172291.84,93901.0,20393.24,13049.391,159.74,874.4
19013,164970.4,96033.0,22382.74,3212.61,154.85,874.4
19014,195954.08,96406.0,48351.77,11070.2705,348.82,874.5
19015,204580.33,101185.0,22510.76,13255.26,202.12,874.5
19016,197684.48,92342.0,28506.94,15023.32,298.29,874.5
19017,107744.0,37971.0,31492.92,17684.06,198.86,874.5
19018,208639.2,105689.0,39283.11,19140.72,312.96,874.5
19019,241903.2,108334.0,38414.652,27904.9,193.97,874.5
19020,175708.95,94585.0,37060.06,13805.4,290.13998,874.6
19021,168001.12,86273.0,48074.97,16274.11,327.63,874.6
19022,209825.28,106156.0,51690.67,10269.28,371.63998,874.7
19023,222363.69,102636.0,50668.242,19505.75,215.16,874.7
19024,214706.23,96849.0,48723.72,17038.77,265.69,874.7
19025,262143.0,99596.0,104289.59,52425.92,722.09,874.7
19026,49851.2,38234.0,21910.451,223.17,784.02997,874.7
19027,188640.48,92952.0,40433.56,15388.351,299.92,874.7
19028,182888.16,94740.0,32807.72,16708.34,319.48,874.8
19029,190304.8,94773.0,31401.23,20633.71,337.41,874.8
19030,259252.0,93647.0,261185.02,17139.11,1509.38,874.8
19031,244600.16,107237.0,60844.1,29136.66,453.13998,874.8
19032,189659.69,94406.0,27913.55,19059.41,327.63,874.9
19033,195336.95,103932.0,38791.79,9881.76,208.64,874.9
19034,223538.56,93541.0,50218.44,14075.28,254.28,874.9
19035,252163.52,101591.0,68603.15,15106.36,655.26,875.0
19036,27767.041,23446.0,3553.42,-13.84,13.04,875.0
19037,262143.0,106677.0,100033.79,49239.26,903.02,875.0
19038,255461.92,112547.0,65861.1,22865.41,601.47,875.0
19039,195219.36,99208.0,29807.9,19872.51,295.03,875.0
19040,224420.0,107668.0,52342.88,11201.75,316.22,875.0
19041,187830.72,91729.0,35184.742,12336.63,246.13,875.0
19042,141688.95,71884.0,49157.95,30276.73,472.7,875.1
19043,188003.2,94873.0,35849.06,22346.41,311.33,875.1
19044,113079.68,68673.0,25773.541,17794.78,192.34,875.2
19045,233960.16,109085.0,66257.27,23211.41,299.92,875.2
19046,156338.56,84008.0,26375.58,12654.95,123.88,875.2
19047,262143.0,115847.0,47704.75,24723.43,397.72,875.2
19048,262143.0,105884.0,120432.22,59653.86,1219.24,875.2
19049,191470.72,89373.0,30473.951,12390.26,441.73,875.2
19050,163992.64,81656.0,32470.371,12494.061,277.1,875.2
19051,165579.69,96257.0,35734.88,7177.77,130.4,875.3
19052,142672.33,83285.0,23159.51,11243.2705,109.21,875.3
19053,262143.0,106516.0,82823.75,39286.57,634.07,875.3
19054,186487.84,103206.0,34205.56,11978.5205,327.63,875.3
19055,181567.69,93663.0,32297.371,18645.94,343.93,875.3
19056,191675.69,98691.0,21612.89,18085.42,280.36,875.3
19057,184759.69,96564.0,28607.281,10947.44,195.6,875.4
19058,205402.4,103213.0,41239.742,19199.541,226.56999,875.4
19059,189521.92,93557.0,44083.86,8380.12,277.1,875.4
19060,123298.56,73101.0,44050.992,11511.42,295.03,875.4
19061,189414.4,103481.0,18239.39,16031.91,246.13,875.5
19062,235558.4,106335.0,51116.312,30383.99,303.18,875.5
19063,151580.8,81380.0,34812.79,14976.61,262.43,875.6
19064,175893.77,99293.0,30283.65,12968.08,233.09,875.6
19065,262143.0,102989.0,62575.832,11807.25,529.75,875.6
19066,162517.6,84272.0,31562.121,7670.8203,270.58,875.6
19067,129439.52,71633.0,41471.56,15554.43,410.76,875.6
19068,259254.23,114024.0,66938.89,12952.51,511.82,875.6
19069,234300.64,101572.0,47632.09,21261.701,317.85,875.6
19070,165398.23,91147.0,41930.01,13855.57,260.8,875.7
19071,90940.64,59023.0,42213.73,330.43,365.12,875.7
19072,200191.05,107649.0,30249.05,14639.26,332.52,875.7
19073,155284.64,89460.0,30678.09,10969.93,221.68,875.7
19074,262143.0,111428.0,95537.52,64195.11,948.66,875.7
19075,239638.56,113325.0,47756.652,26207.77,321.11,875.7
19076,100084.32,61709.0,19235.871,9874.84,251.02,875.8
19077,195117.44,99525.0,34210.75,8938.91,231.46,875.9
19078,121242.24,81342.0,19478.07,8689.79,195.6,876.0
19079,65994.88,40805.0,36522.03,81.31,321.11,876.1
19080,213209.92,104508.0,47199.59,11589.2705,254.28,876.1
19081,118359.36,81254.0,17410.72,5181.35,96.17,876.2
19082,177033.92,92207.0,29884.02,14071.82,193.97,876.3
19083,160718.88,82045.0,44853.71,15199.78,374.9,876.5
19084,209329.12,104448.0,36506.46,10573.76,386.31,876.5
19085,196561.12,102365.0,26306.38,11307.28,148.33,876.6
19086,238555.52,108411.0,65843.8,15466.2,371.63998,876.8
19087,169799.84,93178.0,33015.32,16590.7,278.73,876.8
19088,176871.52,93102.0,27171.38,18749.74,241.24,876.8
19089,161815.36,92384.0,27387.63,5670.94,293.4,876.8
19090,202865.6,105011.0,32600.121,21995.22,262.43,876.9
19091,238617.12,99053.0,81552.2,42552.81,784.02997,876.9
19092,144049.92,86352.0,23007.27,16874.42,275.47,876.9
19093,178291.69,99528.0,32761.01,13429.99,200.49,877.2
19094,13750.24,12593.0,52251.19,22.49,99.43,877.2
19095,184170.56,91603.0,43149.66,37457.96,381.42,877.3
19096,129150.56,69473.0,18955.61,17431.48,146.7,877.4
19097,197238.72,101128.0,42542.43,14855.51,321.11,877.6
19098,120258.88,74866.0,19839.64,14749.98,224.94,877.6
19099,159416.33,92301.0,35094.78,6954.6,262.43,877.8
19100,181809.6,100773.0,25294.33,8961.4,211.9,877.9
19101,183417.92,94477.0,22642.24,12139.41,285.25,877.9
19102,262143.0,100503.0,39725.992,11987.17,327.63,878.0
19103,205082.08,100704.0,25668.01,8937.18,283.62,878.1
19104,190792.0,97844.0,23863.621,10319.45,216.79,878.2
19105,56032.48,34287.0,27939.5,162.62,195.6,878.4
19106,200205.6,101553.0,28024.27,15154.8,352.08,878.5
19107,211103.2,103185.0,56306.312,19092.28,319.48,878.6
19108,173115.05,95341.0,31198.82,9745.09,242.87,878.7
19109,162534.4,87455.0,42327.91,13547.63,247.76,878.8
19110,210536.48,103408.0,40520.06,14000.891,255.91,878.9
19111,262143.0,103876.0,66560.02,35240.1,449.88,879.0
19112,73001.6,51263.0,2835.47,10258.9,16.3,879.0
19113,209741.28,93204.0,49872.44,22330.84,397.72,879.1
19114,184928.8,96599.0,29460.17,14817.45,187.45,879.1
19115,202821.92,92865.0,35899.23,31612.291,295.03,879.2
19116,158783.52,88892.0,47038.7,25050.4,454.77,879.2
19117,217081.77,100969.0,51211.46,30245.59,394.46,879.3
19118,223153.28,106753.0,40305.54,25610.92,404.24,879.3
19119,153149.92,87653.0,23064.36,15049.2705,273.84,879.4
19120,174986.56,97737.0,52733.86,14393.601,326.0,879.5
19121,201458.88,108750.0,51465.77,14582.17,352.08,879.5
19122,175967.69,96741.0,15945.41,15718.78,136.92,879.5
19123,174937.28,97553.0,25463.871,19315.451,252.65,879.6
19124,219525.6,111897.0,44616.7,25648.98,425.43,879.6
19125,174079.36,95857.0,23375.76,8805.7,156.48,879.7
19126,209228.33,105541.0,24773.6,14160.05,223.31,879.7
19127,159321.12,91697.0,31776.64,11788.22,234.72,879.7
19128,178477.6,103868.0,24284.01,16056.13,316.22,879.7
19129,141092.0,67135.0,61430.57,50714.95,506.93,879.8
19130,173477.92,95877.0,36015.14,10433.63,309.7,879.8
19131,165816.0,88981.0,19356.97,6774.68,208.64,879.8
19132,238859.05,110378.0,55972.42,14746.5205,420.54,879.9
19133,190064.0,107045.0,19448.66,4210.82,145.06999,879.9
19134,167032.33,86700.0,44819.11,9566.9,355.34,880.0
19135,208502.56,101096.0,44881.39,15236.11,247.76,880.0
19136,211656.48,98953.0,63759.152,29418.65,515.08,880.1
19137,195054.72,98825.0,49488.38,22661.27,295.03,880.1
19138,155074.08,80296.0,21057.56,36746.93,312.96,880.1
19139,250601.12,94968.0,65788.44,27235.39,575.39,880.2
19140,240108.97,110937.0,67691.44,22735.66,464.55,880.2
19141,68293.12,37315.0,26920.531,205.87,378.16,880.3
19142,200393.77,103324.0,28859.86,17677.14,335.78,880.3
19143,183179.36,98543.0,38400.81,10447.47,207.01,880.3
19144,227877.44,108143.0,47320.69,20213.32,343.93,880.3
19145,223922.72,111411.0,44341.63,16855.39,306.44,880.4
19146,165187.69,93172.0,33302.5,9158.62,285.25,880.4
19147,185553.77,92989.0,18190.951,10821.15,436.84,880.4
19148,7784.0,6408.0,896.14,25.95,26.08,880.5
19149,238461.44,77849.0,58411.72,22720.09,373.27,880.5
19150,101644.48,61276.0,22311.81,19910.57,260.8,880.5
19151,172376.95,90756.0,32764.47,16059.59,257.54,880.5
19152,262143.0,94588.0,93631.06,15057.92,916.06,880.6
19153,212035.05,99464.0,59461.832,20263.49,567.24,880.6
19154,203722.4,107176.0,39416.32,28930.791,306.44,880.6
19155,204356.33,102926.0,29015.56,11656.74,285.25,880.7
19156,206897.6,101503.0,34516.96,17492.03,234.72,880.8
19157,182782.88,92952.0,49516.06,4036.09,185.81999,880.9
19158,191293.77,91881.0,20111.25,16140.9,267.32,880.9
19159,245608.16,98964.0,69194.81,7840.36,386.31,880.9
19160,103778.08,61863.0,20474.55,18848.35,153.22,881.0
19161,262143.0,96736.0,72367.63,35023.85,547.68,881.1
19162,180205.77,97664.0,27666.16,6048.08,218.42,881.1
19163,221082.4,108429.0,47500.61,19346.59,298.29,881.2
19164,143473.12,76568.0,37691.51,8252.1,387.94,881.2
19165,215322.23,102691.0,39153.36,2634.79,353.71,881.3
19166,247098.88,104763.0,46848.402,19151.1,363.49,881.3
19167,151482.23,91457.0,46286.152,12393.72,273.84,881.3
19168,218403.36,108217.0,27513.92,25908.48,368.38,881.4
19169,204309.28,96270.0,68314.24,18675.35,444.99,881.4
19170,144023.05,79541.0,29439.41,19465.96,353.71,881.5
19171,192737.44,99068.0,33712.51,14634.07,306.44,881.5
19172,13015.5205,11357.0,3454.81,219.71,412.38998,881.5
19173,203294.56,104120.0,41189.57,20388.05,229.83,881.5
19174,199550.4,101217.0,47950.41,19751.41,308.07,881.5
19175,166994.23,90089.0,19983.23,13765.61,143.44,881.5
19176,243742.23,105236.0,68933.58,17507.6,464.55,881.6
19177,201757.92,99184.0,46613.12,25491.55,314.59,881.6
19178,87853.92,44317.0,47490.23,410.01,482.48,881.7
19179,185277.12,101193.0,37916.41,19877.701,431.95,881.7
19180,185410.4,98613.0,28311.451,13321.0,275.47,881.7
19181,147816.48,89226.0,32127.83,9980.37,332.52,881.7
19182,188567.69,92363.0,43993.902,19081.9,288.51,881.7
19183,175977.77,95454.0,27228.47,8208.85,296.66,881.8
19184,170031.69,85571.0,33698.67,19064.6,237.98,881.8
19185,174660.64,91553.0,57693.77,20457.25,420.54,881.8
19186,185797.92,100908.0,27318.43,20765.19,244.5,881.9
19187,133395.36,79482.0,18569.82,12187.851,193.97,881.9
19188,144768.95,79749.0,29363.291,9117.101,156.48,881.9
19189,169164.8,96000.0,40571.96,12123.84,308.07,881.9
19190,216037.92,102173.0,47886.402,15653.04,386.31,882.0
19191,157785.6,84743.0,23188.92,14009.54,176.04,882.0
19192,195270.88,95593.0,47786.06,38603.22,560.72,882.0
19193,136496.64,76832.0,26360.01,14410.9,231.46,882.0
19194,178194.23,93348.0,29942.84,17215.23,237.98,882.1
19195,143312.95,92087.0,19891.541,13004.41,135.29,882.1
19196,231869.12,101009.0,58153.95,21436.43,386.31,882.1
19197,229927.05,97912.0,55567.6,24481.23,321.11,882.2
19198,231038.08,112434.0,27669.621,25055.59,339.04,882.2
19199,158505.77,88941.0,31326.84,8239.99,180.93,882.2
19200,226134.72,100818.0,54315.082,29216.24,407.5,882.2
19201,181170.08,98120.0,41667.05,27437.8,400.98,882.3
19202,210134.4,100085.0,61677.96,24501.99,366.75,882.3
19203,190589.28,102366.0,33567.19,14130.641,298.29,882.4
19204,107711.52,66833.0,31800.86,17654.65,352.08,882.4
19205,209575.52,95413.0,65641.39,5018.73,472.7,882.4
19206,217135.52,100536.0,28029.46,18412.39,337.41,882.4
19207,262143.0,102736.0,53905.07,25443.11,537.9,882.4
19208,5944.96,5832.0,7676.0103,-8.65,66.83,882.5
19209,228472.16,108492.0,56278.63,25583.24,536.27,882.5
19210,179066.72,89819.0,54841.0,20761.73,387.94,882.5
19211,262143.0,98321.0,106107.82,42942.06,836.19,882.6
19212,170057.44,86209.0,46519.7,23925.9,314.59,882.6
19213,162037.12,92008.0,31402.96,16075.16,293.4,882.6
19214,258396.33,111261.0,47486.77,24661.15,420.54,882.6
19215,250766.88,112533.0,71364.234,26103.97,409.13,882.6
19216,231721.28,94212.0,68573.74,36274.64,528.12,882.7
19217,262143.0,102905.0,130635.76,56702.48,1035.05,882.7
19218,223345.92,100465.0,55017.46,16793.11,314.59,882.8
19219,186021.92,98419.0,20768.65,16678.93,280.36,882.8
19220,182213.92,95568.0,25777.0,17350.17,208.64,882.9
19221,206411.52,103234.0,48138.98,18642.48,389.57,882.9
19222,185675.84,95178.0,32337.16,17367.47,197.23,882.9
19223,180745.6,88676.0,60152.1,18277.451,409.13,883.0
19224,262143.0,99812.0,117660.76,48860.39,730.24,883.0
19225,192777.77,101183.0,41260.5,17502.41,350.45,883.1
19226,214674.88,100017.0,41495.78,28686.86,291.77,883.1
19227,200830.56,103293.0,25341.041,18334.541,146.7,883.1
19228,180040.0,86216.0,39848.82,11770.92,280.36,883.1
19229,262143.0,111837.0,89224.75,22398.31,609.62,883.1
19230,123878.72,77577.0,32965.15,10149.91,283.62,883.2
19231,261059.69,106628.0,77958.99,9502.89,448.25,883.2
19232,144441.92,80540.0,34894.1,27195.6,358.6,883.2
19233,131886.72,77361.0,35501.332,22368.9,267.32,883.3
19234,182364.0,99141.0,37615.39,13616.83,365.12,883.3
19235,193598.72,102105.0,39577.21,16398.67,409.13,883.3
19236,178776.64,88996.0,46602.742,18111.371,368.38,883.4
19237,235626.72,111291.0,51723.54,27474.13,384.68,883.4
19238,141179.36,80271.0,34947.73,10696.59,295.03,883.5
19239,187388.33,95052.0,40540.82,13907.47,290.13998,883.5
19240,220442.88,95085.0,63134.62,28877.16,418.91,883.5
19241,151239.2,77920.0,25335.85,15999.04,337.41,883.5
19242,157886.4,90616.0,25289.14,12819.3,180.93,883.5
19243,196122.08,98937.0,30965.27,16895.18,321.11,883.6
19244,194480.16,102409.0,24415.49,11168.88,252.65,883.7
19245,223179.05,107172.0,68364.414,30102.0,477.59,883.7
19246,169002.4,100399.0,21853.36,14829.561,198.86,883.7
19247,170195.2,96305.0,31266.291,15025.05,259.17,883.7
19248,186935.84,86748.0,36954.53,16296.601,233.09,883.7
19249,262143.0,98809.0,65094.71,31375.281,427.06,883.7
19250,159221.44,80783.0,43462.79,27136.781,312.96,883.8
19251,204404.48,100977.0,45040.55,22060.96,326.0,883.9
19252,240338.56,86604.0,134770.47,23410.36,956.81,883.9
19253,177470.72,97765.0,35615.51,16120.141,216.79,884.1
19254,201837.44,108210.0,34127.71,20114.71,193.97,884.1
19255,185292.8,85341.0,95355.87,6401.0,534.64,884.3
19256,178502.23,99840.0,28190.35,10127.42,189.08,884.3
19257,157407.05,83719.0,51780.63,13379.82,402.61,884.4
19258,262143.0,109482.0,89274.92,20266.951,872.05,884.4
19259,228357.92,99468.0,69392.03,60406.41,619.4,884.5
19260,193460.95,103996.0,32825.02,22446.75,343.93,884.6
19261,36760.64,21009.0,29522.451,354.65,280.36,884.6
19262,206409.28,98280.0,57581.32,14663.48,423.8,884.7
19263,145405.12,80785.0,32302.56,15416.03,347.19,884.7
19264,224127.69,100809.0,48104.38,20490.121,368.38,884.8
19265,207987.36,104303.0,37196.73,18941.77,268.95,884.9
19266,262143.0,103684.0,65554.89,28982.69,430.32,885.0
19267,64361.92,37344.0,28638.42,238.74,309.7,885.0
19268,231453.6,108777.0,57416.97,7660.44,391.2,885.1
19269,96297.6,62468.0,24910.27,2250.73,132.03,885.1
19270,177918.72,95433.0,38916.35,17595.83,244.5,885.1
19271,199564.95,94042.0,45524.95,17486.84,234.72,885.2
19272,160074.88,78532.0,33229.84,26706.01,332.52,885.2
19273,206335.36,98485.0,40352.25,23861.89,309.7,885.3
19274,262143.0,114169.0,62222.91,50777.23,779.14,885.3
19275,161272.16,94228.0,35402.72,12622.08,281.99,885.4
19276,217835.52,103368.0,88399.54,27965.451,596.58,885.5
19277,152006.4,92645.0,21223.64,9298.75,132.03,885.5
19278,184723.84,102284.0,33885.51,17225.61,218.42,885.5
19279,172188.8,91650.0,18099.26,14184.2705,135.29,885.5
19280,151878.72,95518.0,18931.39,13864.22,207.01,885.6
19281,89373.76,56021.0,37407.79,12445.62,335.78,885.6
19282,241904.33,110532.0,55949.93,20623.33,304.81,885.6
19283,255227.84,109784.0,60863.13,20687.34,231.46,885.6
19284,186495.69,99847.0,30811.3,15981.74,132.03,885.7
19285,51078.72,9406.0,183402.48,648.75,903.02,885.7
19286,211400.0,104713.0,37362.81,17049.15,254.28,885.8
19287,203977.77,99694.0,46812.07,19697.78,386.31,885.8
19288,255641.12,95760.0,42808.85,14102.96,319.48,885.8
19289,168309.12,91413.0,21334.36,7809.22,247.76,885.8
19290,35529.76,8889.0,108325.68,186.84,526.49,885.8
19291,190909.6,96961.0,39770.97,16928.05,399.35,885.9
19292,177458.4,91909.0,43952.38,37402.6,402.61,885.9
19293,257264.0,113008.0,62852.63,23938.01,422.17,886.0
19294,193264.95,99787.0,22934.61,20104.33,303.18,886.0
19295,213794.56,107498.0,37681.13,10196.62,329.26,886.0
19296,194410.72,102704.0,39063.402,15471.391,278.73,886.0
19297,149853.77,77901.0,30356.31,17244.64,306.44,886.0
19298,200716.33,103481.0,56569.27,36181.22,616.14,886.1
19299,215149.77,96430.0,32871.73,26015.74,304.81,886.1
19300,199609.77,99352.0,38918.082,5309.37,210.27,886.1
19301,206321.92,104492.0,29608.951,15528.48,319.48,886.1
19302,190776.33,96429.0,24932.76,9139.59,169.52,886.1
19303,144128.33,84389.0,18467.75,14243.09,172.78,886.1
19304,182906.08,102921.0,37201.92,14374.57,350.45,886.2
19305,219736.16,106528.0,42047.652,17652.92,361.86,886.2
19306,190298.08,99777.0,21230.56,15085.601,288.51,886.2
19307,197813.28,102732.0,43756.89,30458.38,409.13,886.2
19308,240037.28,100173.0,40381.66,26124.73,422.17,886.2
19309,189492.8,96584.0,33802.47,27614.26,389.57,886.2
19310,220595.2,106339.0,41988.832,16723.91,298.29,886.3
19311,182770.56,89339.0,35264.32,8859.33,226.56999,886.3
19312,182180.33,100769.0,32055.17,28290.69,149.96,886.3
19313,155883.84,84033.0,27686.92,25308.17,298.29,886.3
19314,218904.0,113150.0,46215.22,10276.2,241.24,886.4
19315,179706.23,96793.0,27776.88,15635.74,262.43,886.4
19316,262143.0,115392.0,54268.37,36352.492,523.23,886.4
19317,196840.0,103396.0,31428.91,10701.78,89.65,886.4
19318,173232.64,92974.0,18030.06,16556.1,161.37,886.4
19319,156685.77,78131.0,59062.2,20689.07,379.79,886.5
19320,231926.23,104627.0,42724.082,21391.451,407.5,886.5
19321,258733.44,102460.0,76561.15,55064.17,759.58,886.5
19322,165763.36,93624.0,19012.701,13680.84,259.17,886.6
19323,253196.16,108009.0,53315.14,13056.311,581.91,886.6
19324,243896.8,103093.0,71360.77,37271.12,573.76,886.6
19325,167227.2,94376.0,37056.6,12805.46,251.02,886.6
19326,80162.88,46513.0,49529.902,406.55002,415.65,886.6
19327,195583.36,93476.0,56799.36,29250.84,523.23,886.6
19328,262143.0,152204.0,228674.86,169932.72,2363.5,886.7
19329,262143.0,106050.0,78640.61,19339.67,477.59,886.7
19330,262143.0,111506.0,69397.22,31890.82,502.04,886.7
19331,204714.72,105437.0,43030.29,16526.69,268.95,886.7
19332,207091.36,103548.0,37373.19,17716.93,383.05,886.7
19333,228401.6,113729.0,37954.47,14523.351,247.76,886.8
19334,188024.48,101219.0,20353.451,10603.17,237.98,886.8
19335,132509.44,69013.0,35643.19,53071.21,309.7,886.8
19336,215176.64,102776.0,35911.34,16097.65,242.87,886.8
19337,184632.0,102104.0,18813.75,12976.73,163.0,886.8
19338,151355.69,84188.0,28624.58,7835.17,330.88998,886.9
19339,198549.12,102865.0,33978.93,22633.59,241.24,886.9
19340,262143.0,82832.0,42026.89,37584.25,485.74,886.9
19341,198355.36,98229.0,50040.25,16538.8,440.1,886.9
19342,113951.04,63825.0,25764.89,13775.99,259.17,886.9
19343,240569.28,102893.0,56475.85,24944.871,479.22,886.9
19344,189520.8,93869.0,43909.13,11520.07,309.7,886.9
19345,210761.6,94329.0,48894.992,12507.9,270.58,887.0
19346,262143.0,106729.0,67623.97,46042.22,671.56,887.0
19347,173866.56,90137.0,27714.6,8329.95,283.62,887.0
19348,225459.36,107193.0,36361.14,17649.46,350.45,887.0
19349,209829.77,108695.0,43687.69,22012.52,402.61,887.0
19350,236444.33,92353.0,79721.86,65871.484,674.82,887.0
19351,208249.44,97893.0,32257.58,16265.46,301.55,887.0
19352,138499.2,70099.0,68961.26,16652.98,451.51,887.1
19353,187239.36,99626.0,22687.22,8762.45,319.48,887.1
19354,256371.36,82074.0,51315.26,23474.371,370.01,887.1
19355,184920.95,101965.0,30131.41,10521.86,220.05,887.1
19356,150370.08,86973.0,42324.45,17421.1,428.69,887.1
19357,177910.88,96369.0,26278.701,16800.03,161.37,887.2
19358,173414.08,89703.0,30961.81,13646.24,277.1,887.2
19359,223471.36,105556.0,58766.37,18799.91,383.05,887.2
19360,213458.56,98736.0,34932.16,12348.74,249.39,887.2
19361,218151.36,102339.0,32534.38,20673.5,304.81,887.2
19362,191990.4,98449.0,54642.05,17761.91,348.82,887.3
19363,206242.4,94061.0,30427.24,14291.53,268.95,887.4
19364,136172.95,23909.0,223086.97,470.56,1788.11,887.4
19365,178450.72,90669.0,47102.71,24157.72,536.27,887.5
19366,195655.05,102095.0,34058.51,21465.84,438.47,887.5
19367,169434.72,99056.0,34899.29,10257.17,340.67,887.6
19368,198543.52,93977.0,47879.48,11660.2,404.24,887.6
19369,53742.082,9948.0,206316.34,219.71,1043.2,887.9
19370,189169.12,97375.0,45139.16,8139.65,386.31,887.9
19371,80530.24,14556.0,120963.33,238.74,599.84,888.0
19372,160521.77,89147.0,28735.3,14831.29,306.44,888.1
19373,243775.84,109495.0,67409.45,19119.96,484.11,888.1
19374,217010.08,96558.0,60503.29,15220.54,422.17,888.2
19375,254319.52,109574.0,36731.36,20943.38,526.49,888.3
19376,112356.164,73272.0,25970.76,8399.15,145.06999,888.4
19377,87756.48,57184.0,34707.26,1006.86,430.32,888.4
19378,190350.72,98353.0,26444.781,16253.351,218.42,888.5
19379,200416.16,107541.0,44142.68,15898.7,296.66,888.5
19380,213775.52,107605.0,43246.54,17351.9,257.54,888.6
19381,188648.33,93950.0,39475.14,4932.23,237.98,888.7
19382,21237.44,14572.0,7575.67,70.93,27.71,888.8
19383,236868.8,108687.0,57866.77,16954.0,392.83,888.8
19384,181177.92,103480.0,37146.56,20017.83,123.88,889.1
19385,152690.72,91451.0,29593.38,9169.0,218.42,889.2
19386,131815.05,74573.0,33646.77,15204.97,156.48,889.2
19387,5499.2,5673.0,2326.85,124.56,149.96,889.4
19388,210132.16,98545.0,34641.52,22562.66,290.13998,889.5
19389,171328.64,89636.0,26616.05,14570.061,228.2,889.5
19390,194078.08,94564.0,32916.71,11082.38,192.34,889.5
19391,171888.64,100235.0,21815.3,13172.22,138.55,889.7
19392,43901.76,26683.0,20147.58,76.12,169.52,889.8
19393,150933.44,79444.0,30470.49,16357.15,215.16,889.8
19394,155150.23,94433.0,26488.031,8357.63,180.93,889.9
19395,13349.28,5104.0,1733.46,10.38,-8.15,889.9
19396,161917.28,100023.0,30382.26,16614.92,220.05,890.0
19397,243555.2,112917.0,60530.97,20713.291,376.53,890.0
19398,159146.4,93540.0,23848.05,10200.08,114.1,890.1
19399,227753.12,98333.0,40653.27,13168.76,286.88,890.2
19400,206064.33,102921.0,37594.63,21943.32,299.92,890.3
19401,181685.28,92837.0,37426.82,14784.58,329.26,890.4
19402,218500.8,99557.0,47616.52,30503.36,381.42,890.5
19403,224301.28,98829.0,54479.43,44339.902,559.09,890.7
19404,223031.2,105876.0,69193.08,18017.951,361.86,890.8
19405,140062.72,80291.0,42987.04,12902.34,285.25,891.0
19406,18370.24,10760.0,11779.57,50.170002,107.58,891.0
19407,189393.12,107046.0,26100.51,21085.24,216.79,891.2
19408,36748.32,13114.0,77870.76,328.7,404.24,891.2
19409,9192.96,6735.0,17384.77,43.25,55.42,891.8
19410,168572.33,96656.0,25887.72,14749.98,285.25,891.9
19411,174893.6,84619.0,33146.8,15673.8,303.18,892.0
19412,188194.72,94596.0,37997.72,5769.5503,210.27,892.2
19413,62390.72,41396.0,19718.541,67.47,151.59,892.2
19414,165212.33,97004.0,41902.332,18825.86,213.53,892.2
19415,182844.48,96557.0,24863.56,23064.36,180.93,892.3
19416,10561.6,5049.0,17703.09,-12.110001,44.01,892.4
19417,190816.64,89368.0,59339.0,13013.061,418.91,892.6
19418,18527.041,16632.0,5127.72,138.4,208.64,892.7
19419,59372.32,39324.0,20884.56,268.15,148.33,893.1
19420,157990.56,89418.0,34660.55,16808.68,145.06999,893.1
19421,171670.23,95908.0,17154.68,20950.3,223.31,893.6
19422,197628.48,93708.0,29711.02,19588.791,146.7,893.7
19423,95009.6,63253.0,31560.39,10746.76,298.29,893.8
19424,168297.92,88853.0,21448.541,6741.81,130.4,893.8
19425,74074.56,47742.0,25538.26,12065.0205,236.35,893.8
19426,119023.52,71172.0,27164.46,22509.03,215.16,893.9
19427,141023.69,72532.0,49029.93,20334.42,418.91,894.0
19428,245520.8,100265.0,42796.742,18441.8,339.04,894.0
19429,151525.92,87337.0,33504.91,15793.17,277.1,894.1
19430,173312.16,94113.0,26830.57,12987.11,149.96,894.1
19431,225276.8,104629.0,32920.17,24602.33,361.86,894.1
19432,185389.12,75092.0,66452.76,16108.03,379.79,894.2
19433,93437.12,59612.0,20760.0,15256.87,172.78,894.2
19434,262143.0,87503.0,49616.402,25112.68,337.41,894.2
19435,164073.28,94215.0,28451.58,13682.57,268.95,894.3
19436,173796.0,95458.0,35845.6,9539.22,288.51,894.3
19437,181069.28,103957.0,28019.08,15557.891,174.41,894.3
19438,205545.77,102100.0,33696.94,19064.6,268.95,894.4
19439,184853.77,99388.0,29008.64,13495.73,246.13,894.4
19440,188796.16,104544.0,20071.46,6465.0103,156.48,894.4
19441,101439.52,66082.0,22315.27,17149.49,174.41,894.4
19442,225254.4,110920.0,37347.242,15331.26,319.48,894.5
19443,136659.05,80037.0,24687.1,11414.54,363.49,894.5
19444,173754.56,97664.0,21175.201,16467.871,260.8,894.6
19445,207698.4,100776.0,41317.59,15187.67,448.25,894.7
19446,231556.64,105791.0,49322.3,27209.44,397.72,894.7
19447,180687.36,97497.0,31020.63,8701.9,252.65,894.7
19448,192095.69,102997.0,39684.47,18071.58,446.62,894.7
19449,161534.23,89273.0,37208.84,8143.11,259.17,894.8
19450,262143.0,113387.0,58479.19,27197.33,546.05,894.8
19451,257559.69,112622.0,50462.37,26377.31,475.96,894.8
19452,171860.64,86697.0,56126.39,18472.94,273.84,894.8
19453,182088.48,94227.0,27839.16,16019.8,246.13,894.9
19454,227287.2,108292.0,40449.13,16083.811,241.24,894.9
19455,240021.6,109022.0,23631.8,30062.21,208.64,894.9
19456,152434.23,92589.0,24576.38,7004.77,220.05,895.0
19457,191244.48,98609.0,38566.89,19529.97,334.15,895.0
19458,235264.97,102760.0,44258.59,19671.83,308.07,895.0
19459,189061.6,90926.0,69392.03,44217.07,609.62,895.1
19460,221382.56,105583.0,33290.39,19972.85,298.29,895.1
19461,262143.0,99328.0,64904.41,23327.32,425.43,895.1
19462,186864.16,100696.0,30941.05,6918.27,213.53,895.1
19463,229552.97,91671.0,92764.33,27455.1,596.58,895.1
19464,247816.8,111237.0,40656.73,45206.63,400.98,895.2
19465,239188.33,94433.0,51633.582,20048.97,396.09,895.2
19466,137572.95,81640.0,27342.65,11933.54,164.63,895.2
19467,202606.88,89702.0,106715.055,29006.91,922.58,895.3
19468,217260.95,102364.0,34971.95,16066.51,226.56999,895.3
19469,41362.72,23594.0,25514.041,136.67,96.17,895.3
19470,215288.64,102333.0,33247.14,15090.79,311.33,895.3
19471,224872.48,104756.0,54858.3,31140.0,516.71,895.3
19472,35101.92,33397.0,2560.4001,1740.38,17.93,895.3
19473,172915.69,91876.0,32390.791,12796.811,205.38,895.3
19474,175993.44,88949.0,20391.51,12739.72,223.31,895.4
19475,208221.44,102860.0,43848.582,23818.64,410.76,895.4
19476,262143.0,116556.0,77320.62,56481.04,736.76,895.4
19477,5454.4,5673.0,1717.89,27.68,-17.93,895.4
19478,183653.12,95131.0,38245.11,7373.2603,387.94,895.5
19479,197920.8,100882.0,43237.89,7374.99,280.36,895.5
19480,192505.6,90081.0,37279.77,18132.13,347.19,895.5
19481,167888.0,96785.0,27017.41,4100.1,211.9,895.6
19482,262143.0,110691.0,100099.53,41888.492,815.0,895.6
19483,224303.52,101542.0,49192.55,30096.81,371.63998,895.6
19484,205027.2,105196.0,26342.71,12417.94,233.09,895.7
19485,193822.72,104952.0,34644.98,15115.01,264.06,895.7
19486,152789.28,84852.0,36940.69,16744.67,195.6,895.8
19487,173143.05,88059.0,45097.64,14798.42,334.15,895.8
19488,186271.69,100691.0,24349.75,13170.49,246.13,895.8
19489,145439.84,73814.0,41189.57,21811.84,264.06,895.9
19490,225882.72,104384.0,30185.041,14606.391,312.96,896.0
19491,9259.04,5372.0,5752.25,-27.68,-37.49,896.0
19492,150616.48,99998.0,18929.66,13682.57,166.26,896.0
19493,168762.72,92805.0,30364.96,22761.61,267.32,896.0
19494,195133.12,89533.0,56892.78,12551.15,427.06,896.1
19495,262143.0,117273.0,57674.742,5610.39,510.19,896.1
19496,158417.28,83949.0,40104.86,15393.54,309.7,896.1
19497,152736.64,64048.0,24292.66,6802.36,146.7,896.2
19498,262143.0,94734.0,66502.93,11215.59,583.54,896.2
19499,167535.2,85949.0,36328.27,13419.61,365.12,896.3
19500,246589.28,103597.0,45474.78,9746.82,374.9,896.4
19501,221216.8,119925.0,69648.07,24996.77,694.38,896.5
19502,183634.08,91164.0,49666.57,34636.332,383.05,896.5
19503,234494.4,109764.0,51109.39,17481.65,337.41,896.5
19504,146711.05,82612.0,28347.781,2885.6401,210.27,896.5
19505,218721.44,106218.0,42398.84,19747.951,374.9,896.5
19506,160018.88,95962.0,24021.05,21202.88,198.86,896.5
19507,146435.52,68467.0,71018.234,30063.94,555.83,896.6
19508,186493.44,99397.0,24348.02,19138.99,205.38,896.7
19509,165813.77,96688.0,21998.68,6989.2,221.68,896.7
19510,184962.4,94604.0,48299.87,8025.47,268.95,896.7
19511,219317.28,94181.0,34679.582,17922.8,260.8,896.8
19512,233078.72,93908.0,74658.15,37947.55,640.59,896.8
19513,48948.48,32076.0,19043.84,112.450005,216.79,896.8
19514,157680.33,88501.0,26984.541,16680.66,345.56,896.8
19515,171783.36,85861.0,57600.35,5357.81,306.44,896.8
19516,173918.08,98432.0,36558.36,11289.98,244.5,896.9
19517,200151.84,91904.0,51381.0,26500.14,436.84,896.9
19518,94653.44,16300.0,209807.48,875.38,1281.18,896.9
19519,243501.44,110533.0,55247.55,23936.28,404.24,897.0
19520,202289.92,94724.0,33542.97,17130.46,267.32,897.1
19521,165189.92,88708.0,14549.3,27764.77,120.62,897.1
19522,161834.4,91936.0,32222.98,16964.38,299.92,897.1
19523,188068.16,98841.0,22903.47,11575.43,182.56,897.2
19524,199022.88,101748.0,34484.09,23005.541,233.09,897.2
19525,182687.69,103693.0,36892.25,8743.42,228.2,897.3
19526,117185.6,72417.0,25394.67,12165.36,193.97,897.3
19527,147125.44,82044.0,48808.492,12770.86,345.56,897.4
19528,175854.56,96774.0,21996.951,16478.25,190.71,897.4
19529,145149.77,85416.0,29757.73,18441.8,211.9,897.5
19530,218736.0,104505.0,50574.82,17450.51,330.88998,897.5
19531,157143.84,91780.0,29807.9,11457.79,254.28,897.5
19532,168197.12,84037.0,36900.902,12348.74,361.86,897.6
19533,174339.2,102636.0,23252.93,12094.43,149.96,897.6
19534,184011.52,95936.0,28072.71,17947.02,122.25,897.6
19535,202754.72,101525.0,40046.04,19962.47,172.78,897.6
19536,8949.92,8960.0,1070.87,804.45,0.0,897.7
19537,160249.6,93922.0,19787.74,8207.12,167.89,897.7
19538,173140.8,90931.0,44768.94,18016.22,216.79,897.7
19539,189042.56,99414.0,31532.71,8362.82,335.78,897.7
19540,166748.95,88686.0,28804.5,6086.14,156.48,897.8
19541,178311.84,101985.0,34352.61,16583.78,158.11,897.8
19542,198199.69,101848.0,48531.69,24482.96,347.19,897.9
19543,174837.6,90256.0,45967.832,24026.24,262.43,897.9
19544,163307.2,93405.0,20362.1,18929.66,125.51,897.9
19545,224904.97,109049.0,42872.86,26491.49,321.11,897.9
19546,246196.16,106531.0,70104.79,9980.37,464.55,897.9
19547,197178.23,101304.0,25266.65,15391.811,192.34,898.0
19548,210749.28,103265.0,34432.19,20301.55,358.6,898.0
19549,165335.52,89781.0,32363.111,9213.98,239.61,898.1
19550,113793.12,63942.0,33913.19,12082.32,242.87,898.2
19551,145602.23,85108.0,22588.61,16000.7705,127.14,898.2
19552,184918.72,104240.0,28439.47,18009.3,223.31,898.2
19553,232757.28,104954.0,55861.7,34364.72,444.99,898.3
19554,208187.84,100960.0,49901.85,9925.01,272.21,898.3
19555,80968.164,46329.0,31183.25,238.74,309.7,898.3
19556,7346.08,5920.0,12308.95,76.12,122.25,898.4
19557,20549.76,15729.0,28884.08,159.16,176.04,898.4
19558,175269.92,96662.0,38438.87,20074.92,283.62,898.5
19559,80513.44,47661.0,34792.03,269.88,361.86,898.6
19560,161124.33,87780.0,62709.04,18318.97,474.33,898.6
19561,253839.05,112204.0,75774.0,23412.09,428.69,898.7
19562,207676.0,102637.0,30788.81,21214.99,343.93,898.8
19563,205095.52,90575.0,45528.41,6854.2603,371.63998,898.8
19564,140451.36,80594.0,22552.28,11514.88,172.78,898.8
19565,222957.28,110655.0,42750.03,12009.66,319.48,898.8
19566,128705.92,77947.0,15158.26,17412.45,255.91,898.8
19567,137968.33,85668.0,22337.76,5958.12,213.53,898.9
19568,160689.77,95184.0,27024.33,16395.21,257.54,898.9
19569,236760.16,97265.0,86991.32,107763.43,1558.28,898.9
19570,130329.92,73040.0,24716.51,19450.39,296.66,899.0
19571,171782.23,91720.0,50389.71,26513.98,374.9,899.0
19572,149392.33,86521.0,22169.951,5425.2803,264.06,899.0
19573,134267.84,78289.0,29268.14,12423.13,296.66,899.0
19574,208345.77,102300.0,32139.94,20580.08,265.69,899.1
19575,187931.52,98604.0,24526.21,20439.951,267.32,899.1
19576,197039.36,97884.0,33383.81,14440.311,340.67,899.1
19577,162197.28,95388.0,26360.01,8812.62,159.74,899.1
19578,262143.0,108881.0,109794.45,25797.76,753.06,899.1
19579,195646.08,101291.0,25510.58,18133.86,321.11,899.2
19580,141739.36,81514.0,31153.84,10731.19,138.55,899.2
19581,180026.56,99647.0,32771.39,37272.85,383.05,899.2
19582,206351.05,103943.0,44549.23,12872.93,370.01,899.2
19583,223692.0,108142.0,40180.98,12196.5,402.61,899.3
19584,153004.33,84009.0,44073.48,23315.21,236.35,899.3
19585,174227.2,98663.0,25045.21,16116.681,213.53,899.3
19586,170359.84,100084.0,28299.34,10373.08,270.58,899.4
19587,162386.56,86865.0,35001.36,19360.43,317.85,899.4
19588,151136.16,83072.0,26462.08,22458.86,246.13,899.4
19589,180104.95,95253.0,25152.47,15654.7705,275.47,899.5
19590,227269.28,111568.0,47562.89,15609.79,464.55,899.5
19591,127477.28,74239.0,29608.951,15784.5205,167.89,899.5
19592,185870.72,88793.0,32844.05,18223.82,136.92,899.5
19593,200205.6,100757.0,35556.69,10080.71,163.0,899.5
19594,261410.23,99272.0,78796.31,41798.53,594.95,899.5
19595,208841.92,104254.0,31833.73,20533.371,324.37,899.5
19596,262143.0,101293.0,53604.05,28958.47,529.75,899.6
19597,236309.92,108909.0,34304.17,14049.33,312.96,899.6
19598,242818.23,102800.0,37541.0,22374.09,254.28,899.6
19599,210947.52,98104.0,56496.61,22564.39,594.95,899.6
19600,174009.92,95368.0,26910.15,13737.93,236.35,899.6
19601,206886.4,91625.0,57681.66,20592.19,524.86,899.7
19602,172056.64,97681.0,26904.96,21061.02,237.98,899.7
19603,193807.05,102245.0,39883.42,14300.18,345.56,899.7
19604,194232.64,100628.0,26420.56,19900.19,125.51,899.7
19605,176116.64,94505.0,32818.1,11065.08,122.25,899.8
19606,196573.44,101933.0,34525.61,13035.55,228.2,899.8
19607,210602.56,99308.0,53029.69,11885.101,228.2,899.9
19608,262143.0,99992.0,49547.2,27526.031,389.57,899.9
19609,178056.48,88199.0,37606.742,39748.48,379.79,899.9
19610,193808.16,98357.0,32210.871,13080.53,281.99,899.9
19611,182188.16,99095.0,28463.69,17121.81,281.99,899.9
19612,191100.0,100808.0,38354.1,24157.72,228.2,899.9
19613,139721.12,84162.0,22315.27,12741.45,180.93,899.9
19614,219685.77,104063.0,52700.992,10134.34,404.24,899.9
19615,209336.95,96940.0,53977.73,27007.031,415.65,900.0
19616,246065.12,107942.0,60389.11,16433.27,378.16,900.0
19617,173645.92,96099.0,32868.27,6155.34,210.27,900.0
19618,9668.96,9388.0,5591.36,231.82,44.01,900.0
19619,184821.28,91644.0,41040.79,18031.791,330.88998,900.1
19620,193715.2,101356.0,28716.27,13213.74,223.31,900.1
19621,231548.8,97198.0,57532.88,15436.79,446.62,900.1
19622,217483.84,100759.0,37184.62,20301.55,347.19,900.2
19623,262143.0,108553.0,54603.992,29598.57,485.74,900.2
19624,204261.12,89232.0,61650.28,37139.64,568.87,900.2
19625,228248.16,98529.0,32769.66,23974.34,281.99,900.2
19626,153890.23,82896.0,33600.06,17806.89,337.41,900.2
19627,150739.69,88196.0,30863.201,13781.18,236.35,900.3
19628,186702.88,99296.0,26744.07,11443.95,285.25,900.3
19629,262143.0,107696.0,87361.54,43442.03,594.95,900.3
19630,149738.4,83446.0,30416.86,4113.94,290.13998,900.3
19631,199465.28,93428.0,69360.89,21638.84,523.23,900.3
19632,262143.0,116132.0,47242.84,19869.05,436.84,900.3
19633,163152.64,94245.0,21647.49,9798.72,120.62,900.3
19634,226424.8,104058.0,45218.742,26460.35,233.09,900.3
19635,240458.4,107514.0,64345.62,26358.281,606.36,900.3
19636,206321.92,97638.0,44893.5,25545.18,290.13998,900.3
19637,191912.0,95712.0,23979.53,15746.46,262.43,900.4
19638,147225.12,82017.0,27723.25,33664.07,187.45,900.4
19639,182794.08,101612.0,17011.09,15853.72,78.24,900.4
19640,174220.48,94482.0,30297.49,10592.79,193.97,900.4
19641,202259.69,104394.0,54493.27,12891.96,508.56,900.5
19642,262143.0,103986.0,52119.71,43445.492,513.45,900.5
19643,203286.72,103340.0,35148.41,20235.81,322.74,900.6
19644,262143.0,109024.0,59731.71,42123.77,459.66,900.6
19645,215358.08,104097.0,61783.492,12763.94,534.64,900.6
19646,199336.48,103028.0,27870.3,14762.09,210.27,900.6
19647,215600.0,101308.0,19427.9,15545.78,163.0,900.6
19648,161312.48,88581.0,22197.63,15497.34,145.06999,900.6
19649,185991.69,97212.0,34696.88,10527.05,260.8,900.6
19650,112045.92,53990.0,36342.11,19696.05,262.43,900.7
19651,164189.77,84723.0,30385.72,20479.74,130.4,900.7
19652,179055.52,98776.0,24081.6,13900.55,166.26,900.8
19653,153443.36,87104.0,28273.39,9826.4,97.8,900.8
19654,160549.77,95496.0,21697.66,15120.2,110.84,900.8
19655,33527.2,12301.0,56541.59,325.24,601.47,900.8
19656,86636.48,50745.0,25240.701,169.54001,184.19,900.8
19657,218361.92,101888.0,50471.02,26870.36,397.72,900.9
19658,161462.56,97065.0,21391.451,11115.25,185.81999,900.9
19659,168108.64,97820.0,32371.76,13449.0205,185.81999,900.9
19660,183182.72,96604.0,27334.0,13416.15,213.53,901.0
19661,186618.88,97361.0,35639.73,13760.42,259.17,901.0
19662,192272.64,103068.0,26046.88,16310.44,244.5,901.0
19663,186250.4,97753.0,31517.14,26538.201,370.01,901.0
19664,177324.0,86992.0,34828.36,9025.41,192.34,901.0
19665,156745.12,88166.0,23017.65,15777.601,280.36,901.1
19666,193285.12,99262.0,31255.91,17789.59,267.32,901.1
19667,262143.0,96806.0,62131.22,32882.11,477.59,901.1
19668,161388.64,97981.0,22791.02,17139.11,156.48,901.1
19669,112168.0,70837.0,57046.75,29901.32,343.93,901.1
19670,146672.95,89619.0,20446.871,5840.48,76.61,901.1
19671,191595.05,104309.0,40224.23,9656.86,166.26,901.2
19672,179412.8,92476.0,43262.11,33643.31,593.32,901.2
19673,154723.52,92800.0,21984.84,10018.43,179.3,901.2
19674,216011.05,96083.0,37395.68,17453.97,321.11,901.2
19675,184441.6,96993.0,22780.64,15995.58,241.24,901.2
19676,181761.44,96712.0,29351.18,11850.5,133.66,901.2
19677,159209.12,89476.0,25910.21,10625.66,221.68,901.2
19678,194485.77,92220.0,26199.121,10869.59,337.41,901.2
19679,182286.72,96809.0,27674.81,18376.06,220.05,901.3
19680,260975.69,109513.0,80713.15,12025.23,607.99,901.3
19681,177722.72,85834.0,51718.35,28458.5,342.3,901.4
19682,168129.92,92584.0,25884.26,13461.13,267.32,901.4
19683,181101.77,94955.0,36127.59,13165.3,281.99,901.5
19684,170129.12,102249.0,26918.8,18408.93,169.52,901.5
19685,181179.05,94688.0,37447.582,13013.061,213.53,901.5
19686,214874.23,103217.0,56536.402,13291.59,435.21,901.6
19687,192502.23,99067.0,38414.652,13087.45,254.28,901.6
19688,172268.33,94052.0,27558.9,12097.89,275.47,901.6
19689,189383.05,24975.0,262143.0,1292.31,2195.61,901.6
19690,199764.33,100414.0,57676.47,29572.621,252.65,901.7
19691,186915.69,89672.0,46353.62,16234.32,322.74,901.7
19692,129249.12,71256.0,57043.29,16737.75,392.83,901.7
19693,191524.48,107273.0,34805.87,19251.44,327.63,901.7
19694,194696.33,102509.0,34177.88,15033.7,368.38,901.7
19695,259901.6,88629.0,74139.15,30131.41,567.24,901.8
19696,182956.48,99106.0,29842.5,20106.06,342.3,901.8
19697,199753.12,105945.0,24066.03,12462.92,182.56,901.8
19698,201771.36,95146.0,43383.21,15924.65,330.88998,901.9
19699,251736.8,104488.0,50756.47,40025.28,490.63,901.9
19700,165898.88,88273.0,55586.63,25799.49,454.77,901.9
19701,143750.88,84588.0,28036.38,7620.65,260.8,901.9
19702,213950.23,98480.0,51325.64,25771.81,498.78,902.0
19703,211462.72,97176.0,41065.01,25479.44,353.71,902.0
19704,201352.48,102316.0,28647.07,13971.48,205.38,902.0
19705,207418.4,93662.0,44135.76,27107.371,440.1,902.0
19706,262143.0,103813.0,105377.76,45492.082,889.98,902.0
19707,206459.69,106020.0,25441.38,14846.86,149.96,902.0
19708,179749.92,93808.0,34715.91,14251.74,319.48,902.0
19709,104581.12,51793.0,35317.95,16398.67,226.56999,902.1
19710,184355.36,104750.0,38279.71,11276.14,226.56999,902.1
19711,262143.0,107168.0,85984.46,47000.64,738.39,902.1
19712,237450.08,110041.0,58778.48,20367.291,482.48,902.1
19713,212640.95,100220.0,34958.11,9490.78,187.45,902.1
19714,215540.64,110050.0,46986.8,23623.15,340.67,902.1
19715,262143.0,104568.0,78590.44,31184.98,718.83,902.2
19716,262143.0,119801.0,72943.72,54894.63,648.74,902.2
19717,207777.92,99681.0,32141.67,16583.78,383.05,902.2
19718,123901.12,69691.0,36080.88,21507.36,339.04,902.2
19719,161530.88,90840.0,18056.01,11786.49,79.87,902.2
19720,25752.16,9386.0,45251.61,69.2,324.37,902.2
19721,220444.0,105534.0,30769.781,15511.18,348.82,902.3
19722,262143.0,109164.0,104767.07,47530.02,774.25,902.3
19723,175342.72,96428.0,19687.4,7324.8203,135.29,902.3
19724,182734.72,91061.0,19792.93,15329.53,146.7,902.3
19725,71662.08,38994.0,9900.79,1864.9401,42.38,902.4
19726,172905.6,91673.0,35672.6,17490.3,278.73,902.4
19727,203665.28,101337.0,53515.82,7113.7603,370.01,902.4
19728,165660.33,93768.0,35947.67,12952.51,368.38,902.5
19729,180508.16,95145.0,27299.4,11878.18,218.42,902.6
19730,9588.32,9437.0,460.18,712.76,-29.34,902.8
19731,132462.4,73521.0,25287.41,7634.49,195.6,902.9
19732,164487.69,86369.0,30816.49,14052.79,242.87,902.9
19733,163307.2,87724.0,33183.13,8072.18,203.75,902.9
19734,141872.64,94560.0,14128.91,10255.44,200.49,903.1
19735,153344.8,74818.0,50901.79,13917.851,374.9,903.2
19736,190609.44,98221.0,41468.1,13251.8,267.32,903.3
19737,209818.56,105821.0,46844.94,15006.0205,257.54,903.4
19738,162149.12,89129.0,23593.74,15692.83,117.36,903.4
19739,181419.84,99861.0,23844.59,12751.83,136.92,903.5
19740,23248.96,16364.0,3818.11,15.57,24.45,903.6
19741,175420.0,80033.0,41068.47,18443.53,459.66,903.7
19742,186021.92,93877.0,26586.64,10864.4,195.6,903.7
19743,185743.05,93154.0,38008.1,14599.47,236.35,903.8
19744,187893.44,106188.0,39952.62,15876.21,254.28,903.9
19745,262143.0,108785.0,60492.91,21862.01,399.35,904.0
19746,160052.48,86567.0,34333.582,13599.53,246.13,904.1
19747,239608.33,104502.0,57043.29,16376.181,356.97,904.2
19748,6123.04,5961.0,589.93,10.38,22.82,904.2
19749,161730.23,90597.0,32738.52,20803.25,312.96,904.3
19750,215016.48,101480.0,59904.71,20694.26,537.9,904.3
19751,188272.0,96929.0,46123.53,23375.76,425.43,904.3
19752,146007.69,87139.0,16722.18,20436.49,198.86,904.3
19753,141223.05,79884.0,20924.35,17052.61,215.16,904.3
19754,213385.77,96294.0,50178.652,14703.2705,389.57,904.5
19755,183002.4,101196.0,20747.89,14736.141,259.17,904.5
19756,187370.4,101876.0,35191.66,9604.96,229.83,904.5
19757,186446.4,100877.0,24633.47,12547.69,224.94,904.6
19758,160917.12,90897.0,25996.71,15808.74,260.8,904.7
19759,225835.69,110403.0,26358.281,25247.621,229.83,904.7
19760,201448.8,105836.0,41424.85,29226.621,275.47,904.7
19761,182423.36,101908.0,26373.85,19708.16,176.04,904.8
19762,196184.8,102572.0,39611.81,14964.5,312.96,904.8
19763,181821.92,100177.0,36624.1,14497.4,189.08,904.8
19764,150292.8,78936.0,36854.19,27899.71,361.86,904.9
19765,262143.0,103083.0,111638.63,49339.6,772.62,904.9
19766,176580.33,84243.0,24759.76,21851.63,228.2,905.0
19767,196250.88,102917.0,27029.52,12073.67,203.75,905.0
19768,235054.4,105112.0,45505.92,22720.09,433.58,905.1
19769,123175.36,66968.0,42938.6,698.92,521.6,905.2
19770,49534.24,45964.0,3979.0,3051.72,11.41,905.2
19771,185004.95,99804.0,36262.53,22131.89,277.1,905.3
19772,262143.0,117755.0,64586.09,24854.91,515.08,905.3
19773,107346.4,63968.0,29062.27,16059.59,270.58,905.3
19774,167107.36,94501.0,24616.17,16576.86,298.29,905.3
19775,262143.0,109440.0,96040.95,30965.27,795.44,905.4
19776,196304.64,99492.0,38890.402,15251.68,277.1,905.4
19777,182580.16,99576.0,33513.56,13284.67,228.2,905.4
19778,19782.56,18830.0,1672.91,994.75,19.56,905.4
19779,217797.44,102865.0,34741.86,30062.21,374.9,905.4
19780,214816.0,104649.0,28070.98,8108.5103,264.06,905.4
19781,120341.76,74772.0,31261.1,14071.82,327.63,905.5
19782,115674.72,68047.0,82292.64,21567.91,705.79,905.5
19783,134389.92,81091.0,18177.11,6170.91,120.62,905.5
19784,167017.77,86743.0,33802.47,9177.65,220.05,905.6
19785,187727.69,101951.0,31165.951,9380.061,224.94,905.6
19786,189131.05,81913.0,69501.02,27764.77,740.02,905.6
19787,223349.28,100764.0,64290.26,17995.46,275.47,905.6
19788,215264.0,98202.0,58038.04,21720.15,379.79,905.6
19789,246736.0,110218.0,74445.36,20294.63,598.21,905.6
19790,262143.0,136526.0,91359.57,49701.17,1031.79,905.7
19791,220622.08,97156.0,73582.09,76839.68,808.48,905.8
19792,231383.05,96964.0,44490.41,16331.2,410.76,905.8
19793,139177.92,80104.0,21581.75,11322.851,180.93,905.8
19794,51586.082,13069.0,75293.06,152.24,502.04,906.0
19795,10302.88,5509.0,19735.84,108.99,167.89,906.4
19796,210900.48,108646.0,31460.05,11836.66,195.6,906.8
19797,171883.05,90401.0,32202.22,20213.32,280.36,906.9
19798,130145.12,80236.0,27119.48,8720.93,180.93,907.3
19799,161000.0,95624.0,15585.57,12627.2705,101.06,907.4
19800,177937.77,94424.0,38589.38,17255.02,355.34,907.4
19801,149942.23,82503.0,36165.652,7868.04,358.6,907.5
19802,174888.0,100082.0,17261.94,18455.64,148.33,907.5
19803,153693.12,89611.0,37274.582,10916.3,244.5,907.6
19804,187951.69,98732.0,29728.32,11890.29,195.6,907.6
19805,167870.08,90586.0,21708.041,18540.41,195.6,907.6
19806,138505.92,75149.0,32484.21,8096.4,296.66,907.7
19807,79625.28,56693.0,23062.63,8758.99,272.21,907.8
19808,142711.52,76007.0,32939.2,17057.8,198.86,907.9
19809,195137.6,93613.0,41950.77,19268.74,352.08,907.9
19810,201742.23,96893.0,46505.86,5369.92,425.43,907.9
19811,130329.92,68009.0,33158.91,18671.89,350.45,908.0
19812,154959.84,98313.0,28224.951,9106.72,207.01,908.0
19813,160867.84,93141.0,27923.93,9852.351,151.59,908.0
19814,182742.56,95119.0,26403.26,12449.08,356.97,908.1
19815,119461.44,74624.0,21164.82,18640.75,167.89,908.1
19816,199669.12,93627.0,46434.93,11878.18,441.73,908.1
19817,25392.64,9876.0,53759.75,259.5,326.0,908.1
19818,121689.12,73585.0,22557.47,17921.07,264.06,908.2
19819,262143.0,111241.0,37878.35,19306.8,334.15,908.2
19820,150617.6,86752.0,28422.17,11943.92,210.27,908.2
19821,184427.05,97875.0,27378.98,18675.35,236.35,908.4
19822,209945.12,97849.0,28719.73,4885.52,381.42,908.4
19823,156385.6,94238.0,22690.68,5309.37,242.87,908.5
19824,183632.95,105585.0,23055.71,14644.45,404.24,908.5
19825,217965.44,98304.0,38321.23,19427.9,337.41,908.6
19826,176416.8,90233.0,29672.96,13383.28,247.76,908.7
19827,231026.88,94622.0,49237.53,12158.44,304.81,908.8
19828,160516.16,89208.0,23970.88,12637.65,176.04,908.9
19829,192315.2,98516.0,54022.71,14765.55,350.45,908.9
19830,222630.23,108421.0,71438.62,20185.64,435.21,909.1
19831,199166.23,97388.0,49074.91,22637.05,412.38998,909.1
19832,174415.36,94457.0,22367.17,7570.48,154.85,909.2
19833,183655.36,96357.0,29743.89,10727.73,138.55,909.2
19834,160437.77,82841.0,49403.61,20042.05,291.77,909.3
19835,204313.77,102392.0,29361.56,17562.96,221.68,909.3
19836,170387.84,95045.0,22707.98,15896.97,257.54,909.3
19837,195687.52,98796.0,31570.77,30569.1,332.52,909.4
19838,190214.08,97503.0,32103.611,16884.8,244.5,909.4
19839,168733.6,96466.0,27119.48,9563.44,86.39,909.5
19840,169034.88,92771.0,22228.77,23237.36,370.01,909.5
19841,262143.0,99436.0,57955.0,38028.86,575.39,909.5
19842,176634.08,98496.0,27347.84,12052.91,226.56999,909.5
19843,13091.68,5229.0,30588.13,72.66,239.61,909.5
19844,118445.6,20276.0,191457.38,517.27,1396.91,909.5
19845,215604.48,99784.0,50301.48,22261.64,422.17,909.7
19846,194486.88,101505.0,30210.99,18241.121,316.22,909.7
19847,186323.2,99117.0,32205.68,10528.78,205.38,909.8
19848,207523.69,90208.0,42987.04,17718.66,353.71,909.9
19849,206019.52,100860.0,25548.64,11130.82,141.81,909.9
19850,162159.2,88251.0,38034.05,27538.14,370.01,910.2
19851,250334.56,110121.0,57619.38,18711.68,404.24,910.3
19852,11529.28,5592.0,23066.09,29.41,114.1,910.4
19853,209843.2,95704.0,30963.541,50768.582,497.15,910.5
19854,145617.92,86124.0,35971.89,15346.83,272.21,910.5
19855,204468.33,101310.0,35733.152,18056.01,281.99,910.6
19856,137252.64,82581.0,23567.791,11757.08,211.9,910.8
19857,157212.16,91336.0,33828.42,10231.22,291.77,910.9
19858,155716.95,90176.0,33324.992,8893.93,185.81999,911.0
19859,149069.77,89220.0,23128.371,14679.05,189.08,911.0
19860,118864.484,66709.0,31248.99,65189.86,391.2,911.1
19861,177341.92,89488.0,41488.86,24100.63,308.07,911.1
19862,145812.8,83969.0,24211.35,14493.94,262.43,911.2
19863,165770.08,97231.0,33501.45,16204.91,163.0,911.2
19864,204422.4,92261.0,34849.12,5850.86,326.0,911.3
19865,182883.69,102793.0,26766.56,13440.37,136.92,911.3
19866,218656.48,105885.0,42078.79,20092.22,386.31,911.3
19867,167436.64,99753.0,16383.101,18254.96,223.31,911.3
19868,196280.0,97831.0,44760.29,20753.08,326.0,911.3
19869,227973.77,111375.0,47161.53,20446.871,298.29,911.4
19870,196322.56,103616.0,19251.44,18855.27,255.91,911.4
19871,196930.72,101808.0,35451.16,10333.29,252.65,911.4
19872,234897.6,110620.0,32366.57,20903.59,394.46,911.5
19873,165590.88,87358.0,24126.58,31176.33,246.13,911.5
19874,262143.0,100265.0,70895.4,29685.07,391.2,911.6
19875,259692.16,104728.0,66892.18,27891.06,400.98,911.6
19876,107910.88,62853.0,21630.19,24674.99,249.39,911.7
19877,245479.36,112841.0,46265.39,32520.541,334.15,911.7
19878,182191.52,92602.0,28365.08,20109.52,268.95,911.7
19879,253150.23,108573.0,48004.04,39338.47,560.72,911.8
19880,178254.72,88571.0,32863.082,21663.06,163.0,911.8
19881,177439.36,86462.0,33074.14,11774.38,295.03,911.8
19882,174492.64,90873.0,42502.64,17146.03,264.06,911.8
19883,250082.56,111152.0,49687.332,32484.21,316.22,911.9
19884,216416.48,103924.0,26612.59,15033.7,265.69,911.9
19885,213814.72,102817.0,28887.541,17009.36,280.36,911.9
19886,170785.44,87809.0,35352.55,14239.63,304.81,911.9
19887,48761.44,28833.0,26678.33,133.21,309.7,911.9
19888,155197.28,90548.0,32835.4,16831.17,281.99,912.0
19889,72998.24,21346.0,78649.26,314.86002,552.57,912.0
19890,177731.69,88068.0,64387.14,22024.63,712.31,912.0
19891,234829.28,105416.0,43362.45,18408.93,391.2,912.0
19892,196049.28,99981.0,33985.85,12253.59,291.77,912.0
19893,252885.92,109216.0,58894.39,20469.36,306.44,912.0
19894,202116.33,100626.0,40580.61,14284.61,193.97,912.1
19895,48092.8,33286.0,17151.22,211.06,107.58,912.1
19896,223452.33,102959.0,42173.94,21259.97,384.68,912.1
19897,70142.24,37853.0,40513.14,467.1,387.94,912.1
19898,207090.23,96488.0,43769.0,21849.9,400.98,912.1
19899,191724.95,93156.0,46428.01,21529.85,184.19,912.1
19900,186388.16,101235.0,29354.64,16251.62,223.31,912.2
19901,194941.6,96101.0,45692.76,22515.951,397.72,912.2
19902,235332.16,112253.0,55572.79,21391.451,578.65,912.2
19903,200168.64,102052.0,38175.91,8174.25,200.49,912.2
19904,183841.28,103543.0,28091.74,13506.11,143.44,912.2
19905,187929.28,95201.0,40732.85,6359.48,163.0,912.3
19906,218097.6,102454.0,32555.14,24996.77,306.44,912.3
19907,262143.0,102989.0,53837.6,38329.88,440.1,912.3
19908,214548.33,85239.0,54776.992,35855.98,518.34,912.3
19909,191320.64,95488.0,46242.902,7999.52,342.3,912.3
19910,210521.92,98296.0,37575.6,22481.35,430.32,912.4
19911,179450.88,97317.0,38732.97,17310.38,267.32,912.4
19912,232993.6,112448.0,43480.09,20491.85,267.32,912.4
19913,199460.8,101277.0,29724.86,18652.86,312.96,912.4
19914,242717.44,114352.0,40902.39,18843.16,337.41,912.4
19915,181987.69,102353.0,25934.43,11705.18,272.21,912.4
19916,215416.33,102210.0,26977.621,14281.15,229.83,912.4
19917,185950.23,93002.0,59358.03,14135.83,503.67,912.5
19918,166780.33,84321.0,36042.82,21012.58,281.99,912.5
19919,235459.84,105683.0,30742.1,21491.791,268.95,912.5
19920,196991.2,81463.0,41047.71,26616.05,358.6,912.5
19921,262143.0,106312.0,83114.39,34086.19,355.34,912.5
19922,236877.77,107249.0,48363.88,19355.24,228.2,912.5
19923,220183.05,102595.0,51823.88,24982.93,438.47,912.5
19924,169587.05,85056.0,65279.82,8385.311,552.57,912.5
19925,174688.64,100034.0,24896.43,15571.73,231.46,912.6
19926,191904.16,101449.0,30614.08,12186.12,285.25,912.7
19927,187468.95,92384.0,44955.78,12357.39,412.38998,912.7
19928,226140.33,104233.0,47337.992,24837.61,237.98,912.8
19929,167825.28,91016.0,40783.02,18296.48,441.73,912.8
19930,217609.28,103107.0,31543.09,16888.26,319.48,912.8
19931,173345.77,99210.0,33698.67,12916.18,296.66,912.9
19932,217655.2,109448.0,44004.28,13151.46,321.11,912.9
19933,147129.92,82604.0,20315.39,22265.1,270.58,912.9
19934,172905.6,96657.0,29126.281,17021.47,242.87,912.9
19935,163791.05,89524.0,39376.53,11191.37,291.77,913.0
19936,190975.69,102896.0,34984.06,17941.83,177.67,913.0
19937,185523.52,95864.0,32776.582,9376.601,270.58,913.0
19938,255549.28,103965.0,47569.81,19145.91,379.79,913.0
19939,185146.08,103108.0,21261.701,14215.41,213.53,913.0
19940,187475.69,98529.0,32530.92,15685.91,233.09,913.1
19941,238549.92,94304.0,36987.402,14461.07,337.41,913.1
19942,257989.77,118185.0,54782.18,34608.65,440.1,913.1
19943,219718.23,106409.0,38049.62,11983.71,311.33,913.1
19944,159579.84,88913.0,32049.98,10471.69,203.75,913.1
19945,262143.0,101760.0,118700.49,53970.812,1007.34,913.2
19946,262143.0,111944.0,52552.21,42385.0,446.62,913.2
19947,163962.4,81234.0,35890.582,19666.64,208.64,913.2
19948,198609.6,103445.0,40566.77,14063.17,260.8,913.3
19949,243560.8,97733.0,43575.242,16089.0,381.42,913.3
19950,159476.8,93980.0,28652.26,12999.22,172.78,913.3
19951,197167.05,100837.0,29650.47,18739.36,291.77,913.3
19952,179515.84,97629.0,45841.54,14684.24,340.67,913.4
19953,165808.16,93833.0,27735.36,12648.03,268.95,913.4
19954,203151.2,100583.0,32766.201,13334.84,203.75,913.4
19955,199609.77,111012.0,34805.87,12194.7705,16.3,913.4
19956,262143.0,106581.0,96065.17,19260.09,563.98,913.4
19957,215526.08,99793.0,47069.84,13321.0,326.0,913.4
19958,262143.0,101352.0,85994.84,43649.63,658.52,913.4
19959,227137.12,106970.0,51194.16,19692.59,356.97,913.5
19960,207901.12,102111.0,48054.21,16045.75,334.15,913.5
19961,141200.64,77604.0,38060.0,12575.37,322.74,913.5
19962,262143.0,118972.0,164742.72,73296.64,1434.4,913.5
19963,149851.52,89142.0,29873.64,6913.08,61.94,913.5
19964,52112.48,15184.0,97544.32,269.88,399.35,913.8
19965,177507.69,85625.0,53104.082,23552.22,400.98,914.0
19966,210465.92,102170.0,38840.23,8333.41,319.48,914.1
19967,10812.48,10317.0,5439.12,55.36,176.04,914.4
19968,188802.88,100575.0,32738.52,9144.78,190.71,914.8
19969,209417.6,94253.0,45557.82,21220.18,295.03,914.9
19970,172412.8,93969.0,33888.97,9371.41,215.16,915.3
19971,54923.68,33956.0,34529.07,228.36,247.76,915.3
19972,178130.4,92881.0,23251.201,15362.4,272.21,915.4
19973,183121.12,100510.0,32816.37,12891.96,270.58,915.5
19974,164083.36,88239.0,30480.871,15748.19,229.83,915.6
19975,7796.32,6576.0,1456.66,538.03,22.82,916.2
19976,208798.23,100052.0,42995.69,27439.531,273.84,916.5
19977,84054.88,52445.0,14272.5,9857.54,81.5,916.5
19978,23784.32,16832.0,8354.17,65.74,32.6,916.6
19979,130214.56,83289.0,17443.59,13179.141,161.37,916.8
19980,50181.6,25745.0,27143.701,186.84,464.55,916.9
19981,44732.8,26117.0,8539.28,48.440002,55.42,916.9
19982,172523.69,91117.0,22014.25,12814.11,304.81,916.9
19983,262143.0,104829.0,79182.1,55757.902,583.54,917.0
19984,194473.44,106151.0,41725.87,19254.9,298.29,917.0
19985,135570.4,81950.0,33587.95,15481.7705,291.77,917.1
19986,262143.0,109368.0,57048.48,39044.37,374.9,917.1
19987,185772.16,101585.0,20547.21,11836.66,223.31,917.2
19988,154829.92,90884.0,21128.49,13770.8,215.16,917.2
19989,192413.77,105498.0,31897.74,11755.351,231.46,917.3
19990,168838.88,91612.0,18926.201,8433.75,193.97,917.3
19991,161855.69,93196.0,22893.09,7542.8003,66.83,917.3
19992,226098.88,107980.0,34944.27,14135.83,255.91,917.3
19993,180933.77,98557.0,35480.57,15445.44,335.78,917.4
19994,160848.8,82867.0,38350.64,17447.05,495.52,917.4
19995,171799.05,94145.0,37727.84,18727.25,273.84,917.4
19996,214837.28,100656.0,26251.02,8714.01,237.98,917.4
19997,152466.72,91725.0,23147.4,10257.17,163.0,917.4
19998,201523.84,106246.0,29602.031,12258.78,252.65,917.5
19999,173804.95,95569.0,27750.93,9369.68,244.5,917.5
20000,193753.28,103957.0,28501.75,14329.59,265.69,917.5
20001,262143.0,91805.0,44422.94,19030.0,515.08,917.5
20002,203934.08,102564.0,23040.14,20038.59,180.93,917.6
20003,242200.0,102893.0,58053.61,11018.37,492.26,917.6
20004,185027.36,101649.0,21676.9,20282.52,239.61,917.6
20005,255153.92,105313.0,79720.13,24349.75,775.88,917.7
20006,144372.48,83080.0,27726.71,17201.39,215.16,917.7
20007,226555.84,98497.0,45697.95,16530.15,448.25,917.7
20008,159957.28,93024.0,56579.652,23517.621,459.66,917.7
20009,223216.0,102334.0,41215.52,14604.66,409.13,917.7
20010,244363.84,113201.0,42066.68,23448.42,386.31,917.7
20011,215533.92,105008.0,52438.03,18642.48,515.08,917.9
20012,185831.52,97863.0,29103.791,8700.17,308.07,917.9
20013,145825.12,91488.0,29166.07,15722.24,285.25,917.9
20014,217944.16,104058.0,71504.36,19824.07,427.06,918.0
20015,116331.04,73368.0,35279.89,8911.23,265.69,918.0
20016,239499.69,109744.0,60717.812,30081.24,449.88,918.0
20017,229691.84,107812.0,51417.332,8447.59,365.12,918.0
20018,165565.12,98361.0,32205.68,9558.25,273.84,918.1
20019,198074.23,101839.0,31591.531,7977.0303,461.29,918.2
20020,262143.0,116151.0,104168.49,11634.25,568.87,918.2
20021,180970.72,96553.0,19915.76,12931.75,171.15,918.3
20022,262143.0,112761.0,70044.24,23491.67,510.19,918.3
20023,185568.33,102208.0,27413.58,8425.1,208.64,918.3
20024,178640.0,93885.0,28387.57,15696.29,226.56999,918.4
20025,163801.12,84953.0,20599.11,15227.46,195.6,918.4
20026,26653.76,18712.0,7054.94,89.96,57.05,918.5
20027,219964.64,78096.0,104846.65,8279.78,766.1,918.5
20028,181116.33,90946.0,41552.87,4350.95,301.55,918.5
20029,242128.33,103660.0,50583.47,16618.38,563.98,918.5
20030,52205.44,43077.0,16832.9,6.92,176.04,918.5
20031,172901.12,95156.0,30335.55,16345.04,130.4,918.6
20032,211909.6,102865.0,33105.28,11667.12,352.08,918.7
20033,126885.92,73361.0,44381.42,19031.73,308.07,918.8
20034,203449.12,110077.0,36508.19,27344.38,409.13,918.9
20035,185869.6,99554.0,35951.13,18446.99,347.19,918.9
20036,192315.2,101853.0,26830.57,8926.8,171.15,918.9
20037,125600.164,70971.0,30115.84,17858.791,436.84,919.0
20038,165656.95,100444.0,30882.23,6734.89,255.91,919.0
20039,157211.05,84600.0,28987.88,22951.91,345.56,919.1
20040,147380.8,85441.0,12686.09,15514.641,112.47,919.1
20041,12520.48,5989.0,18917.55,72.66,104.32,919.1
20042,135884.0,77922.0,26865.17,17203.121,244.5,919.1
20043,182247.52,102500.0,20057.621,10243.33,88.02,919.2
20044,190669.92,99406.0,62371.69,13378.09,350.45,919.2
20045,194199.05,104334.0,25823.71,18097.53,202.12,919.2
20046,202994.4,104205.0,37189.81,13859.03,293.4,919.2
20047,205490.88,102562.0,28648.8,20083.57,350.45,919.2
20048,130445.28,79157.0,27041.63,16142.63,267.32,919.3
20049,249838.4,105903.0,47156.34,23739.06,435.21,919.3
20050,262143.0,98050.0,53695.742,35153.6,438.47,919.3
20051,172756.64,101304.0,25692.23,12440.43,81.5,919.3
20052,218296.95,100788.0,43760.35,13518.22,378.16,919.3
20053,86291.52,67164.0,11070.2705,7477.06,105.95,919.4
20054,82651.52,48992.0,24808.201,226.63,190.71,919.4
20055,177550.23,92749.0,29634.9,14729.22,213.53,919.5
20056,172932.48,88584.0,41945.582,9181.11,285.25,919.5
20057,178922.23,96525.0,30781.89,9457.91,164.63,919.5
20058,191772.0,98604.0,26178.36,6911.35,220.05,919.5
20059,249168.64,108484.0,36802.29,9262.42,272.21,919.5
20060,131108.33,83276.0,27792.451,13173.95,361.86,919.5
20061,62511.68,37344.0,19715.08,140.13,120.62,919.6
20062,204402.23,100837.0,49394.96,20239.27,405.87,919.6
20063,235273.92,111761.0,35016.93,27103.91,255.91,919.6
20064,260398.88,95538.0,41883.3,18273.99,616.14,919.6
20065,175394.23,85778.0,40798.59,19237.6,356.97,919.7
20066,262143.0,97279.0,83233.76,39814.22,772.62,919.7
20067,214611.05,103520.0,50412.2,19194.35,373.27,919.7
20068,146210.4,87688.0,29145.31,14203.3,268.95,919.7
20069,165323.2,87300.0,20467.63,16217.0205,249.39,919.8
20070,228183.2,105225.0,23171.621,18562.9,146.7,919.8
20071,183071.84,93077.0,30216.18,18178.84,246.13,919.8
20072,262143.0,112896.0,86636.67,67149.95,606.36,919.8
20073,176995.84,92965.0,39411.13,7248.7,298.29,919.8
20074,147395.36,73869.0,44736.07,42878.05,568.87,919.8
20075,262143.0,110048.0,69648.07,36176.03,578.65,919.9
20076,206374.56,102571.0,54045.2,25090.19,355.34,919.9
20077,262143.0,105787.0,92582.68,48145.902,678.08,919.9
20078,262143.0,111528.0,153630.92,76606.13,1458.85,919.9
20079,194706.4,103525.0,24393.0,9027.14,153.22,919.9
20080,198106.72,93073.0,45184.14,11028.75,198.86,920.0
20081,193286.23,99195.0,44184.2,13724.09,365.12,920.1
20082,186381.44,96988.0,33193.51,22528.06,391.2,920.1
20083,183246.56,99756.0,26733.69,14073.55,285.25,920.1
20084,166400.64,90561.0,29001.72,14767.28,265.69,920.1
20085,256567.36,111257.0,38113.63,10476.88,456.4,920.2
20086,64209.6,35451.0,40615.21,221.44,283.62,920.2
20087,262143.0,99155.0,61819.82,32013.65,515.08,920.3
20088,262143.0,98517.0,56446.44,32203.951,451.51,920.3
20089,262143.0,96565.0,55930.902,31401.23,383.05,920.3
20090,216792.8,105993.0,44595.94,17611.4,275.47,920.4
20091,205567.05,102680.0,21735.72,10234.68,249.39,920.4
20092,166645.92,89402.0,29006.91,13855.57,285.25,920.4
20093,187057.92,97413.0,22450.21,13023.44,278.73,920.4
20094,201931.52,94572.0,44696.28,13300.24,275.47,920.6
20095,240994.88,114338.0,51124.96,26031.31,415.65,920.6
20096,166174.4,89893.0,37186.35,9715.68,241.24,920.6
20097,87607.52,29489.0,68329.81,122.83,407.5,920.6
20098,176980.16,96948.0,36101.64,18536.951,285.25,920.7
20099,52772.16,9349.0,97487.234,610.69,642.22,920.7
20100,167420.95,94781.0,21730.53,15616.71,200.49,920.7
20101,223577.77,101051.0,49962.402,20033.4,422.17,920.7
20102,197024.8,104039.0,33427.06,15590.76,190.71,920.8
20103,44184.0,9452.0,133113.12,422.12,841.08,920.8
20104,186459.84,95160.0,39687.93,16075.16,286.88,920.9
20105,262143.0,114005.0,31060.42,19168.4,319.48,920.9
20106,146838.72,80628.0,41416.2,16881.34,446.62,921.0
20107,186811.52,94908.0,24339.371,7691.58,179.3,921.1
20108,131443.2,67833.0,45850.19,18566.36,267.32,921.1
20109,169228.64,92281.0,19991.88,16339.851,158.11,921.1
20110,202703.2,99999.0,31838.92,16967.84,252.65,921.2
20111,206747.52,102426.0,36964.91,23891.3,280.36,921.2
20112,189497.28,95778.0,30145.25,7139.71,251.02,921.2
20113,170679.05,97629.0,31470.43,15580.38,174.41,921.2
20114,190535.52,102920.0,35966.7,23903.41,458.03,921.3
20115,212273.6,103157.0,38577.27,21704.58,444.99,921.3
20116,139051.36,71701.0,26384.23,24655.96,288.51,921.3
20117,222241.6,104439.0,27026.06,20529.91,309.7,921.3
20118,231011.2,109456.0,37080.82,19012.701,267.32,921.3
20119,212198.56,99833.0,49066.26,18440.07,314.59,921.4
20120,173068.0,99165.0,28114.23,14589.09,298.29,921.4
20121,171532.48,93664.0,17862.25,8364.55,189.08,921.4
20122,179900.0,100160.0,38883.48,7233.13,234.72,921.4
20123,167117.44,95853.0,22353.33,8502.95,187.45,921.4
20124,236738.88,111744.0,52130.09,10672.37,446.62,921.4
20125,194893.44,102368.0,33089.71,11975.061,237.98,921.6
20126,100049.6,47165.0,38269.332,221.44,262.43,921.6
20127,196956.48,86326.0,46867.43,32195.3,278.73,921.7
20128,102409.44,51612.0,81576.42,474.02002,746.54,921.7
20129,167845.44,95764.0,25174.96,2960.03,185.81999,921.7
20130,139686.4,79009.0,29780.22,11928.351,205.38,921.7
20131,192273.77,97332.0,31171.14,4937.42,192.34,921.7
20132,183040.48,101039.0,28837.371,8748.61,280.36,921.8
20133,145731.05,86308.0,25619.57,16438.46,247.76,921.8
20134,214588.64,113564.0,47395.082,18059.47,435.21,921.8
20135,255487.69,114936.0,49851.68,24578.11,308.07,921.8
20136,185228.95,97416.0,22211.47,8996.0,223.31,921.9
20137,47402.88,10709.0,122814.43,390.98,647.11,921.9
20138,210200.48,96211.0,37129.26,17357.09,281.99,921.9
20139,198028.33,104722.0,49939.91,17107.97,444.99,921.9
20140,262143.0,107198.0,77922.664,27133.32,563.98,922.0
20141,59317.44,33715.0,19182.24,50.170002,176.04,922.0
20142,211571.36,101606.0,55704.27,14322.67,224.94,922.0
20143,238692.16,113020.0,43466.25,26263.13,422.17,922.0
20144,145288.64,79089.0,38630.902,9580.74,379.79,922.0
20145,195936.16,100322.0,23124.91,13447.29,117.36,922.1
20146,227816.97,104719.0,44239.56,27039.9,422.17,922.1
20147,88660.32,60769.0,8942.37,2255.92,40.75,922.2
20148,204946.56,100661.0,42324.45,27849.541,285.25,922.2
20149,199916.64,101405.0,27342.65,18545.6,202.12,922.2
20150,99897.28,64421.0,21317.06,12782.97,231.46,922.3
20151,146378.4,72693.0,26162.791,7919.94,414.02,922.4
20152,216364.95,103456.0,38547.86,13009.601,347.19,922.4
20153,174307.84,92679.0,41208.6,2508.5,247.76,922.4
20154,214874.23,105156.0,26055.531,13052.851,215.16,922.4
20155,190517.6,94068.0,48981.492,10028.811,203.75,922.4
20156,185615.36,89852.0,47967.71,21872.39,298.29,922.5
20157,140676.48,78400.0,35025.582,20958.951,180.93,922.5
20158,139026.72,81653.0,20725.4,24379.16,308.07,922.5
20159,242763.36,113741.0,51443.28,23446.69,291.77,922.6
20160,225811.05,100240.0,32767.93,21498.71,277.1,922.7
20161,160916.0,94679.0,23711.38,12609.97,267.32,922.7
20162,194738.88,94440.0,57375.45,18120.02,363.49,922.7
20163,141522.08,78704.0,38013.29,28266.47,306.44,922.7
20164,109877.6,62988.0,34364.72,25259.73,417.28,922.8
20165,199570.56,97625.0,57816.6,37136.18,575.39,922.8
20166,188050.23,96445.0,31089.83,26648.92,247.76,922.8
20167,193902.23,103620.0,36528.95,13891.9,254.28,922.8
20168,223773.77,107052.0,46934.902,19346.59,366.75,922.8
20169,181517.28,91788.0,33624.28,11499.311,277.1,922.9
20170,158130.56,91089.0,37592.902,13300.24,208.64,922.9
20171,246723.69,103397.0,78803.234,22291.05,475.96,922.9
20172,194989.77,101596.0,32375.22,17578.53,415.65,922.9
20173,181648.33,98045.0,26747.531,19723.73,159.74,922.9
20174,262143.0,98091.0,45870.95,23716.57,479.22,923.0
20175,191645.44,99745.0,56081.41,23515.89,387.94,923.0
20176,210876.95,100493.0,38025.402,14246.55,220.05,923.0
20177,111422.08,71612.0,23178.541,15753.38,339.04,923.0
20178,134191.69,85124.0,21496.98,11860.88,233.09,923.0
20179,200205.6,104646.0,43275.95,17056.07,267.32,923.0
20180,194264.0,96435.0,35203.77,16781.0,267.32,923.0
20181,94946.88,62365.0,41696.46,19467.69,244.5,923.1
20182,160837.6,79726.0,68898.984,15883.13,430.32,923.1
20183,262143.0,101406.0,62695.2,37096.39,546.05,923.1
20184,242523.69,109290.0,56782.062,21163.09,309.7,923.1
20185,166985.28,100615.0,26064.18,15410.84,148.33,923.1
20186,262143.0,77749.0,92395.84,29588.19,572.13,923.1
20187,166597.77,92705.0,36267.72,14760.36,309.7,923.1
20188,154357.28,95072.0,17507.6,12539.04,365.12,923.1
20189,262143.0,114501.0,67876.55,27700.76,640.59,923.1
20190,132995.52,68353.0,42751.76,33660.61,425.43,923.2
20191,210626.08,101190.0,34049.86,16069.97,387.94,923.2
20192,200085.77,98192.0,37203.652,21931.21,237.98,923.2
20193,194295.36,101300.0,33390.73,18941.77,210.27,923.3
20194,193130.56,104433.0,22585.15,15623.63,207.01,923.3
20195,182826.56,103289.0,20775.57,21945.05,156.48,923.3
20196,8352.96,5520.0,16748.13,24.220001,104.32,923.3
20197,161064.95,97343.0,21182.121,15083.87,99.43,923.3
20198,165365.77,87941.0,35420.02,13386.74,414.02,923.3
20199,192850.56,99616.0,37617.12,16300.061,295.03,923.4
20200,210123.2,101925.0,50837.78,8520.25,383.05,923.4
20201,185540.33,102184.0,28195.541,11051.24,226.56999,923.4
20202,203527.52,94555.0,29276.791,14393.601,151.59,923.4
20203,6745.7603,6742.0,1046.65,800.99,14.67,923.5
20204,206511.2,103030.0,42637.582,13028.63,347.19,923.5
20205,191901.92,105597.0,25193.99,22624.94,247.76,923.5
20206,182510.72,94536.0,42158.37,14241.36,163.0,923.6
20207,175241.92,99796.0,20867.26,13575.311,221.68,923.6
20208,170509.92,97457.0,28695.51,7518.58,164.63,923.6
20209,258095.05,103041.0,70971.52,48386.37,862.27,923.6
20210,208088.16,108979.0,27019.14,19256.63,252.65,923.6
20211,139097.28,88716.0,14464.53,23393.06,97.8,923.7
20212,219297.12,102648.0,43537.18,19651.07,409.13,923.7
20213,179267.2,93681.0,44602.86,25687.041,326.0,923.7
20214,187269.6,102776.0,32722.951,16064.78,226.56999,923.7
20215,168172.48,86985.0,52100.68,19405.41,317.85,923.7
20216,207019.69,102380.0,53908.53,17687.52,560.72,923.7
20217,197316.0,97901.0,43154.85,15938.49,311.33,923.8
20218,157970.4,83613.0,58010.36,43480.09,511.82,923.8
20219,190555.69,91395.0,27180.031,15416.03,180.93,923.8
20220,179179.84,92040.0,27484.51,13066.69,252.65,923.8
20221,190275.69,99213.0,29138.39,14111.61,207.01,923.8
20222,184140.33,94322.0,37329.94,23849.78,321.11,923.8
20223,262143.0,100063.0,99058.07,37250.36,769.36,923.8
20224,192582.88,101420.0,30230.02,17749.8,268.95,923.8
20225,222010.88,107075.0,49533.36,24308.23,264.06,923.9
20226,208275.2,103733.0,55014.0,9805.64,355.34,923.9
20227,206671.36,98761.0,41976.72,18602.69,337.41,923.9
20228,188239.52,103653.0,35996.11,10042.65,265.69,923.9
20229,210673.12,105884.0,26385.96,13658.351,195.6,923.9
20230,206488.8,104031.0,44883.12,19549.0,244.5,923.9
20231,206489.92,105373.0,36381.902,18379.52,322.74,923.9
20232,237302.23,111352.0,51889.62,10999.34,343.93,924.0
20233,262143.0,94407.0,71113.38,26612.59,456.4,924.0
20234,193108.16,103097.0,21135.41,11994.09,193.97,924.0
20235,169356.33,96436.0,18983.291,16633.95,176.04,924.0
20236,250999.84,111540.0,59205.79,20472.82,449.88,924.0
20237,262143.0,110277.0,92788.555,47549.05,593.32,924.1
20238,187115.05,87588.0,45099.37,12103.08,332.52,924.1
20239,262143.0,102411.0,54763.152,31520.6,500.41,924.1
20240,226961.28,104008.0,30946.24,20189.1,283.62,924.1
20241,200149.6,105953.0,38888.67,25071.16,228.2,924.1
20242,212505.44,102171.0,58392.69,16718.72,466.18,924.1
20243,204701.28,104477.0,32899.41,15106.36,202.12,924.1
20244,187231.52,99048.0,27083.15,15056.19,200.49,924.1
20245,170878.4,87357.0,43127.17,5210.7603,298.29,924.2
20246,236717.6,94404.0,45499.0,21367.23,332.52,924.2
20247,212091.05,102922.0,36366.332,20391.51,299.92,924.2
20248,175751.52,94805.0,30942.781,16519.77,221.68,924.2
20249,262143.0,110110.0,62209.07,24406.84,327.63,924.2
20250,231857.92,93991.0,60046.57,28794.121,363.49,924.2
20251,262143.0,114038.0,108484.84,17971.24,764.47,924.2
20252,241080.0,105492.0,54190.52,13993.97,425.43,924.3
20253,201264.0,106169.0,33603.52,10136.07,321.11,924.3
20254,203684.33,88853.0,34151.93,15656.5,286.88,924.3
20255,262143.0,113581.0,45421.152,31659.0,356.97,924.4
20256,202471.36,99189.0,35385.42,17493.76,153.22,924.4
20257,191933.28,105161.0,31757.61,9127.48,360.23,924.4
20258,262143.0,107349.0,55147.21,34902.75,580.27997,924.4
20259,177495.36,100496.0,36302.32,14296.72,216.79,924.4
20260,198178.4,98680.0,48651.06,16083.811,327.63,924.4
20261,187826.23,98176.0,30435.89,4584.5,149.96,924.4
20262,257383.84,112140.0,94779.78,21490.06,748.17,924.4
20263,190830.08,100889.0,40594.45,12661.87,262.43,924.4
20264,184590.56,104551.0,28486.18,11847.04,189.08,924.4
20265,177242.23,94361.0,22543.63,7072.24,154.85,924.5
20266,262143.0,112372.0,61951.3,28352.97,360.23,924.5
20267,167196.95,85924.0,40558.12,14696.351,249.39,924.5
20268,210880.33,100621.0,55911.87,24111.01,402.61,924.5
20269,150365.6,85925.0,32629.531,15962.71,370.01,924.5
20270,262143.0,99081.0,216640.98,89136.52,1775.07,924.5
20271,186118.23,96085.0,32568.98,18718.6,400.98,924.5
20272,211282.4,93693.0,47100.98,11509.69,373.27,924.5
20273,216621.44,102176.0,42509.56,14339.97,285.25,924.5
20274,188732.33,94989.0,33179.67,28705.89,319.48,924.5
20275,223667.36,100952.0,51074.79,8803.97,506.93,924.5
20276,9383.36,6213.0,6196.86,173.0,107.58,924.5
20277,262143.0,96624.0,77912.28,31705.71,511.82,924.5
20278,181911.52,96533.0,34252.27,14294.99,203.75,924.6
20279,244507.2,105290.0,36975.29,24297.85,418.91,924.6
20280,143246.88,83441.0,29948.031,15755.11,257.54,924.6
20281,205434.88,97502.0,50865.46,20785.951,448.25,924.6
20282,262143.0,114310.0,140334.14,60684.94,1075.8,924.6
20283,193541.6,94327.0,41433.5,21045.451,352.08,924.6
20284,245893.77,102114.0,75154.664,39940.51,580.27997,924.6
20285,262143.0,99279.0,60441.01,27728.44,487.37,924.6
20286,186643.52,90796.0,57621.11,20069.73,407.5,924.6
20287,175362.88,97340.0,22740.85,8333.41,242.87,924.6
20288,176746.08,94948.0,28865.05,14872.811,257.54,924.6
20289,133303.52,65007.0,64551.492,33601.79,459.66,924.7
20290,193886.56,84093.0,79088.68,10900.73,590.06,924.7
20291,218348.48,105657.0,52386.13,15770.68,312.96,924.7
20292,151099.2,79661.0,36968.37,15051.0,371.63998,924.7
20293,196920.64,104460.0,30513.74,13935.15,301.55,924.7
20294,262143.0,106053.0,60629.582,41402.36,686.23,924.7
20295,197208.48,100019.0,39475.14,12561.53,291.77,924.7
20296,262143.0,104734.0,71571.83,49834.38,609.62,924.7
20297,158903.36,77977.0,38018.48,15343.37,242.87,924.8
20298,233278.08,96969.0,70042.51,37310.91,637.33,924.8
20299,216138.72,100092.0,33932.22,11615.22,265.69,924.8
20300,257943.84,104724.0,33548.16,25353.15,329.26,924.8
20301,262143.0,95794.0,95252.07,44722.23,735.13,924.8
20302,244595.69,107733.0,47865.64,37096.39,350.45,924.8
20303,228688.33,97913.0,50009.11,23796.15,529.75,924.8
20304,181807.36,101585.0,33369.97,10963.01,192.34,924.8
20305,171218.88,86365.0,58290.62,23887.84,485.74,924.8
20306,259379.69,100576.0,76054.26,21510.82,660.15,924.8
20307,177214.23,99588.0,28202.46,15044.08,200.49,924.9
20308,197285.77,97133.0,38134.39,16940.16,334.15,924.9
20309,246877.12,107635.0,53714.77,29979.17,384.68,924.9
20310,262143.0,98286.0,79147.5,33684.832,779.14,925.0
20311,201452.16,96227.0,41821.02,25479.44,407.5,925.0
20312,183755.05,90827.0,44416.02,25624.76,361.86,925.0
20313,247472.97,114129.0,56358.21,30619.27,528.12,925.0
20314,231434.56,95177.0,47312.04,20152.77,454.77,925.0
20315,191047.36,96009.0,36658.7,18476.4,373.27,925.1
20316,224548.8,111152.0,43755.16,34430.46,337.41,925.1
20317,175807.52,97424.0,28335.67,10296.96,174.41,925.1
20318,262143.0,102533.0,62501.44,48917.48,389.57,925.1
20319,227893.12,108585.0,80408.67,51131.88,614.51,925.1
20320,87483.2,55802.0,24962.17,9703.57,278.73,925.1
20321,107130.24,66517.0,35418.29,27602.15,435.21,925.1
20322,158913.44,94030.0,25299.52,10578.95,76.61,925.1
20323,163259.05,90353.0,30693.66,10899.0,371.63998,925.1
20324,259949.77,107300.0,55763.09,31491.19,562.35,925.1
20325,262143.0,103909.0,89053.484,39341.93,748.17,925.1
20326,171943.52,95249.0,32788.69,16599.35,234.72,925.1
20327,155937.6,97019.0,18165.0,18585.39,78.24,925.1
20328,237093.92,105913.0,63016.98,22372.36,368.38,925.2
20329,226648.8,102557.0,34368.18,15935.03,324.37,925.2
20330,246142.4,117309.0,52202.75,18159.81,418.91,925.2
20331,214277.28,101573.0,44050.992,19948.63,335.78,925.2
20332,11523.68,6561.0,21915.64,88.23,78.24,925.3
20333,104434.4,56549.0,24327.26,6676.0703,347.19,925.3
20334,169344.0,63683.0,60226.492,361.57,133.66,925.3
20335,25222.4,7380.0,31743.77,216.25,207.01,925.3
20336,262143.0,121408.0,262143.0,157080.55,15744.17,925.3
20337,182229.6,49760.0,73433.31,465.37,816.63,925.3
20338,187163.2,93795.0,36269.45,19472.88,244.5,925.4
20339,9318.4,8293.0,2738.59,188.57,296.66,925.6
20340,159531.69,24293.0,262143.0,1572.5701,1882.65,925.8
20341,22881.6,7332.0,37210.57,46.71,195.6,925.8
20342,172018.56,96469.0,29460.17,15192.86,241.24,925.8
20343,262143.0,99485.0,82482.94,35847.332,648.74,925.9
20344,173482.4,73864.0,61363.1,28147.1,603.1,925.9
20345,198579.36,105225.0,18064.66,17315.57,180.93,925.9
20346,262143.0,100595.0,69163.67,39333.28,502.04,925.9
20347,206623.2,95777.0,40165.41,35418.29,324.37,925.9
20348,159518.23,85880.0,26946.48,14336.51,371.63998,925.9
20349,257728.8,132808.0,53062.562,23268.5,472.7,925.9
20350,145036.64,62905.0,15006.0205,8162.14,132.03,926.0
20351,158631.2,85396.0,37919.87,15505.99,317.85,926.1
20352,196921.77,99889.0,26417.1,18810.291,229.83,926.4
20353,215829.6,108290.0,41962.88,24268.44,335.78,926.5
20354,148853.6,82663.0,24496.8,11232.89,260.8,926.5
20355,197393.28,98588.0,46995.45,16755.05,290.13998,926.8
20356,191135.84,93776.0,37399.14,6399.27,348.82,926.8
20357,262143.0,111923.0,63124.242,21140.6,462.92,926.8
20358,156325.12,81274.0,46402.06,9497.7,293.4,926.9
20359,212057.44,105973.0,42876.32,9601.5,233.09,927.0
20360,262143.0,129521.0,66148.28,41191.3,583.54,927.0
20361,13226.08,13436.0,908.25,520.73,11.41,927.1
20362,26886.72,6581.0,80880.96,164.35,541.16,927.1
20363,179783.52,97765.0,33786.9,10104.93,255.91,927.3
20364,138994.23,88805.0,21789.35,7523.77,231.46,927.4
20365,244088.33,117661.0,61447.87,34373.37,477.59,927.5
20366,169861.44,95629.0,34795.492,9234.74,239.61,927.5
20367,207439.69,97975.0,40867.79,22903.47,252.65,927.6
20368,187820.64,96913.0,38328.152,5003.16,244.5,927.6
20369,212858.23,100384.0,27084.88,13087.45,265.69,927.6
20370,161369.6,94430.0,42729.27,18841.43,293.4,927.6
20371,168236.33,92579.0,34456.41,8783.21,260.8,927.7
20372,211198.4,104934.0,39416.32,21637.11,224.94,927.8
20373,262143.0,106648.0,88536.21,27415.31,785.66,927.8
20374,190797.6,97752.0,38233.0,16038.83,244.5,927.8
20375,185767.69,98836.0,32894.22,6887.13,303.18,927.8
20376,5544.0,5721.0,1624.47,112.450005,-6.52,927.8
20377,188399.69,95139.0,25517.5,17428.02,213.53,927.8
20378,177895.2,82044.0,54138.62,22585.15,259.17,927.8
20379,235412.8,100641.0,49756.53,26787.32,361.86,927.9
20380,97937.28,15384.0,262143.0,1133.15,1923.4,927.9
20381,182560.0,104116.0,25507.121,18780.88,193.97,928.0
20382,216012.16,106813.0,58761.18,14123.72,330.88998,928.0
20383,238620.48,116956.0,55955.12,7146.63,301.55,928.0
20384,214995.2,104986.0,55543.38,24017.59,376.53,928.0
20385,169081.92,86576.0,38508.07,11326.311,257.54,928.0
20386,225899.52,108473.0,52803.062,10435.36,321.11,928.0
20387,221508.0,107885.0,44064.832,4587.96,326.0,928.1
20388,181504.95,96161.0,37226.14,20251.38,355.34,928.1
20389,172632.33,85112.0,24521.02,19611.28,224.94,928.2
20390,178012.8,95305.0,43414.35,10054.76,251.02,928.2
20391,171669.12,100115.0,17507.6,8156.95,89.65,928.3
20392,202475.84,99545.0,32229.9,32164.16,277.1,928.4
20393,176128.95,97278.0,30124.49,12793.351,353.71,928.4
20394,209207.05,99560.0,37743.41,11959.49,353.71,928.5
20395,90442.24,55929.0,3312.95,10879.97,26.08,928.5
20396,186693.92,97140.0,30989.49,20777.3,215.16,928.6
20397,195772.64,101964.0,24410.3,15391.811,179.3,928.7
20398,133300.16,81037.0,22737.39,20566.24,89.65,928.7
20399,237184.64,107336.0,50116.37,30541.42,314.59,928.7
20400,182390.88,93459.0,33344.02,5923.52,303.18,928.7
20401,146901.44,88988.0,18054.28,12296.84,130.4,928.8
20402,165649.12,93463.0,25213.02,11599.65,242.87,928.8
20403,104201.44,70480.0,13895.36,10784.82,224.94,928.8
20404,176871.52,94185.0,40520.06,11513.15,366.75,928.9
20405,262143.0,106153.0,66707.07,40340.14,524.86,928.9
20406,262143.0,109972.0,85027.77,27897.98,529.75,928.9
20407,153435.52,88725.0,24967.36,21936.4,185.81999,928.9
20408,212660.0,106144.0,42018.242,20545.48,399.35,928.9
20409,162559.05,80441.0,84853.04,11123.9,573.76,929.0
20410,238286.72,107364.0,47365.67,22531.52,350.45,929.0
20411,219437.12,102545.0,45412.5,23515.89,317.85,929.0
20412,203534.23,103948.0,34413.16,11649.82,272.21,929.1
20413,262143.0,107939.0,162427.97,80927.67,1514.27,929.1
20414,260771.84,103251.0,56923.92,35952.86,493.88998,929.1
20415,203981.12,97207.0,42658.34,17365.74,211.9,929.1
20416,214925.77,102696.0,46959.12,12516.55,407.5,929.1
20417,208804.95,100712.0,48206.45,18145.97,223.31,929.1
20418,227006.08,93726.0,51882.7,25546.91,376.53,929.1
20419,175809.77,87690.0,43241.35,20836.121,440.1,929.2
20420,190826.72,102063.0,36022.06,9009.84,200.49,929.3
20421,150002.72,90270.0,25579.781,9532.3,192.34,929.3
20422,200132.8,93758.0,40777.832,24323.8,358.6,929.3
20423,169067.36,96442.0,25211.291,9191.49,203.75,929.4
20424,227572.8,109000.0,46066.44,15673.8,352.08,929.4
20425,253473.92,105088.0,47872.56,16625.3,492.26,929.4
20426,200037.6,106301.0,26443.05,16464.41,335.78,929.4
20427,11147.36,7338.0,36698.492,51.9,145.06999,929.5
20428,155142.4,90816.0,21201.15,5101.77,200.49,929.5
20429,262143.0,48194.0,262143.0,3880.3901,5726.19,929.5
20430,206819.2,95615.0,45787.91,29897.86,456.4,929.6
20431,124509.28,77589.0,27974.1,14566.601,205.38,929.6
20432,142490.88,78529.0,27728.44,11876.45,154.85,929.9
20433,168523.05,92752.0,22884.44,11762.2705,239.61,930.1
20434,189133.28,95965.0,39755.402,13609.91,179.3,930.1
20435,226648.8,103188.0,41891.95,5084.47,381.42,930.1
20436,229371.52,104603.0,55058.98,32902.87,531.38,930.2
20437,262143.0,103176.0,102608.03,52555.67,775.88,930.4
20438,154268.8,95256.0,32290.451,16857.121,195.6,930.5
20439,203761.6,99120.0,41369.492,19332.75,277.1,930.7
20440,54461.12,12150.0,80514.2,162.62,528.12,930.8
20441,199514.56,97976.0,40115.242,22401.77,295.03,930.9
20442,182316.95,103341.0,30932.4,10168.94,237.98,930.9
20443,173716.48,96528.0,27247.5,13891.9,193.97,931.0
20444,237465.77,104878.0,44215.34,24557.35,340.67,931.2
20445,157877.44,73659.0,92954.63,34603.46,632.44,931.2
20446,185018.4,95492.0,35395.8,7181.23,309.7,931.3
20447,262143.0,101709.0,78422.63,67625.7,1013.86,931.5
20448,202446.72,97040.0,46739.41,34868.15,322.74,931.6
20449,93689.12,50185.0,60754.14,249.12,462.92,931.8
20450,180128.48,89824.0,43160.04,12423.13,353.71,932.0
20451,226881.77,105388.0,26429.21,17156.41,220.05,932.1
20452,228764.48,105629.0,56702.48,13644.51,309.7,932.1
20453,189445.77,102672.0,26808.08,18965.99,215.16,932.1
20454,214331.05,103443.0,62940.86,30581.21,446.62,932.2
20455,191063.05,97465.0,38982.09,11509.69,293.4,932.2
20456,262143.0,118728.0,89641.68,25536.531,594.95,932.3
20457,7023.52,6753.0,2608.84,31.14,55.42,932.4
20458,262143.0,102828.0,54640.32,28873.701,409.13,932.4
20459,15266.72,5617.0,59494.7,91.69,415.65,932.5
20460,173980.8,96517.0,40184.44,16929.78,295.03,932.6
20461,170322.88,92301.0,29643.55,13566.66,166.26,933.0
20462,173178.88,94209.0,33992.77,13040.74,295.03,933.4
20463,138980.8,77788.0,45206.63,18692.65,430.32,933.5
20464,197186.08,100300.0,31025.82,15172.101,337.41,933.5
20465,172275.05,82192.0,39513.2,17559.5,339.04,933.6
20466,190097.6,100115.0,30819.951,9911.17,176.04,933.7
20467,168716.8,93843.0,25242.43,16644.33,273.84,933.8
20468,163487.52,89172.0,30062.21,10750.22,210.27,933.8
20469,199441.77,101065.0,37302.26,25020.99,308.07,933.9
20470,186298.56,102768.0,39803.84,21118.11,190.71,934.0
20471,232397.77,107370.0,58761.18,16841.55,327.63,934.1
20472,218781.92,105272.0,30127.951,20969.33,288.51,934.2
20473,193312.0,95476.0,32918.44,20349.99,345.56,934.2
20474,113036.0,64965.0,25391.21,19111.31,306.44,934.3
20475,111705.44,69133.0,26399.8,10999.34,190.71,934.4
20476,262143.0,120049.0,77478.055,33440.9,604.73,934.5
20477,151282.88,89323.0,34454.68,9824.67,267.32,934.5
20478,172710.72,98461.0,35733.152,24870.48,210.27,934.5
20479,199768.8,94856.0,41390.25,15914.2705,361.86,934.6
20480,153433.28,85924.0,29370.21,9130.94,169.52,934.6
20481,156093.28,86739.0,29439.41,15327.8,304.81,934.6
20482,138782.56,82837.0,30830.33,5423.5503,223.31,934.7
20483,176433.6,96444.0,38724.32,3975.54,365.12,934.7
20484,151299.69,93849.0,13078.8,8714.01,141.81,934.7
20485,196142.23,93961.0,51150.91,21763.4,264.06,934.8
20486,215090.4,106311.0,29247.38,8162.14,184.19,934.8
20487,229288.64,101893.0,34833.55,19118.23,353.71,934.9
20488,163926.56,88499.0,29083.031,17620.05,203.75,934.9
20489,223311.2,106165.0,48616.46,22668.19,285.25,935.0
20490,185511.2,102648.0,21332.63,16121.87,226.56999,935.1
20491,180043.36,92212.0,24583.3,12232.83,182.56,935.3
20492,95128.32,59532.0,40860.87,15538.86,326.0,935.3
20493,159433.12,84420.0,30634.84,5721.11,293.4,935.3
20494,262143.0,103805.0,62138.14,24602.33,586.8,935.3
20495,185367.84,99556.0,43860.69,16976.49,321.11,935.4
20496,240623.05,106021.0,47600.95,24154.26,358.6,935.5
20497,188503.84,96952.0,58468.812,13473.24,365.12,935.5
20498,181618.08,90315.0,22259.91,18893.33,252.65,935.5
20499,213282.72,80425.0,36686.38,20934.73,378.16,935.6
20500,203071.69,105416.0,34164.04,12393.72,176.04,935.6
20501,245339.36,99021.0,48031.72,16893.45,215.16,935.6
20502,107363.2,45474.0,30842.44,8051.42,264.06,935.7
20503,171609.77,93394.0,26858.25,8862.79,295.03,935.7
20504,94675.84,49276.0,59167.73,780.23,518.34,935.7
20505,245133.28,86898.0,66004.69,32261.041,656.89,935.8
20506,216678.56,99933.0,39144.71,22713.17,352.08,935.9
20507,225560.16,110877.0,36662.16,20875.91,368.38,935.9
20508,196607.05,90805.0,46312.1,33579.3,278.73,935.9
20509,171133.77,93798.0,33906.27,10930.14,229.83,936.0
20510,179364.64,96616.0,22336.03,14872.811,187.45,936.0
20511,159356.95,96437.0,19083.63,10987.23,239.61,936.1
20512,184422.56,95056.0,51453.66,14883.19,536.27,936.1
20513,78179.36,51060.0,40475.082,143.59,306.44,936.1
20514,238491.69,106997.0,34136.36,20536.83,231.46,936.1
20515,168673.12,85202.0,38648.2,23081.66,324.37,936.2
20516,181148.8,99139.0,18365.68,11466.44,109.21,936.2
20517,233385.6,108553.0,48313.71,19050.76,293.4,936.2
20518,182032.48,94082.0,31927.15,12871.2,220.05,936.2
20519,215261.77,99284.0,43943.73,16535.34,409.13,936.3
20520,257570.88,107492.0,50548.87,32290.451,459.66,936.3
20521,225958.88,104025.0,48997.06,17216.96,290.13998,936.3
20522,206269.28,94134.0,34065.43,23237.36,295.03,936.3
20523,227843.84,100272.0,51114.582,30074.32,370.01,936.3
20524,208528.33,101663.0,54699.14,28612.47,497.15,936.4
20525,189760.48,106554.0,28782.01,12341.82,216.79,936.4
20526,248956.97,110056.0,60534.43,22112.86,471.07,936.4
20527,192688.16,102632.0,53918.91,28560.57,374.9,936.4
20528,246355.2,108525.0,50339.54,10284.851,226.56999,936.5
20529,176174.88,91568.0,35587.832,10553.0,326.0,936.5
20530,209493.77,102436.0,45298.32,29915.16,519.97,936.5
20531,247844.8,102096.0,56301.12,23149.13,489.0,936.5
20532,262143.0,111913.0,119062.06,46128.72,904.65,936.5
20533,260491.84,107461.0,55249.28,10257.17,365.12,936.5
20534,217165.77,101984.0,24308.23,22732.201,339.04,936.5
20535,92013.6,59374.0,22047.121,14990.45,254.28,936.6
20536,153354.88,82229.0,35293.73,14741.33,281.99,936.8
20537,5158.72,5180.0,1707.51,143.59,30.97,936.8
20538,207232.48,95800.0,44891.77,22858.49,350.45,936.8
20539,221376.97,105593.0,35608.59,17552.58,202.12,936.8
20540,262143.0,94669.0,78519.51,26335.791,461.29,936.8
20541,215350.23,106037.0,28088.281,14417.82,184.19,936.9
20542,143040.8,76109.0,20671.77,15907.351,198.86,936.9
20543,227841.6,107448.0,35984.0,23951.85,267.32,936.9
20544,112518.56,67310.0,40276.13,14966.23,236.35,936.9
20545,189079.52,97285.0,37160.402,21853.36,184.19,936.9
20546,203580.16,109041.0,42795.01,6930.38,319.48,937.0
20547,262143.0,104074.0,100523.38,85555.42,852.49,937.0
20548,262143.0,107565.0,74523.21,34212.48,542.79,937.0
20549,262143.0,113476.0,116517.234,84052.055,1113.29,937.0
20550,248284.97,112421.0,39293.492,34743.59,291.77,937.0
20551,185183.05,97408.0,39419.78,17227.34,350.45,937.0
20552,262143.0,114360.0,111775.305,26278.701,823.15,937.1
20553,262143.0,103064.0,94622.35,35314.492,818.26,937.4
20554,209712.16,93717.0,43843.39,11225.97,368.38,937.9
20555,98841.12,60889.0,45829.43,14244.82,490.63,938.0
20556,181739.05,92628.0,22128.43,18011.03,122.25,938.1
20557,198512.16,91677.0,41115.18,13500.92,365.12,938.3
20558,220132.64,102743.0,31195.36,14853.78,317.85,938.4
20559,180529.44,91996.0,45528.41,21022.96,285.25,938.4
20560,169232.0,94478.0,16518.041,12767.4,208.64,938.5
20561,28913.92,17162.0,45050.93,193.76001,303.18,938.6
20562,185792.33,103947.0,20597.38,13708.5205,257.54,939.0
20563,192016.16,102371.0,26240.64,14689.43,251.02,939.0
20564,180102.72,98194.0,35734.88,22360.25,226.56999,939.0
20565,171504.48,91697.0,47768.76,4651.97,280.36,939.1
20566,262143.0,119791.0,62477.22,29235.27,559.09,939.2
20567,171694.88,29233.0,187222.33,1188.51,1100.25,939.2
20568,236493.6,110926.0,43604.652,11715.561,322.74,939.4
20569,35365.12,33617.0,5321.48,769.85004,50.53,939.4
20570,179450.88,101124.0,31781.83,18339.73,208.64,939.5
20571,189310.23,90756.0,32484.21,19901.92,247.76,939.7
20572,109566.24,60903.0,19152.83,17796.51,163.0,939.8
20573,201622.4,106142.0,20817.09,20543.75,329.26,939.8
20574,113626.24,67884.0,24912.0,14551.03,210.27,940.2
20575,213116.95,101734.0,31966.94,27697.3,290.13998,940.2
20576,238137.77,101945.0,40945.64,19422.71,262.43,940.3
20577,187038.88,95848.0,37596.36,21355.121,247.76,940.3
20578,262143.0,112477.0,56022.59,25584.97,515.08,940.4
20579,198194.08,97281.0,32252.39,18926.201,275.47,940.4
20580,172197.77,93925.0,23661.21,2290.52,118.99,940.4
20581,211291.36,96960.0,44613.242,23085.121,397.72,940.5
20582,191528.95,99604.0,33492.8,13494.0,322.74,940.7
20583,206177.44,94584.0,60522.32,27323.621,438.47,940.7
20584,218421.28,106584.0,45891.71,16943.621,350.45,940.8
20585,181369.44,90517.0,23297.91,6802.36,223.31,940.8
20586,203216.16,100664.0,43767.27,12120.38,330.88998,941.0
20587,149549.12,90747.0,26686.98,10089.36,192.34,941.1
20588,208333.44,107624.0,49356.902,16649.52,277.1,941.1
20589,198484.16,93224.0,56479.312,21317.06,366.75,941.3
20590,208563.05,99068.0,38110.17,19391.57,208.64,941.4
20591,193213.44,98755.0,32821.56,13793.29,163.0,941.5
20592,12070.24,6172.0,25040.02,128.02,123.88,942.2
20593,156132.48,88416.0,28929.06,15640.93,259.17,942.3
20594,8225.28,5080.0,15355.48,70.93,70.09,942.3
20595,203935.2,96956.0,24825.5,28849.48,303.18,942.6
20596,171291.69,88000.0,43033.75,8039.31,379.79,942.7
20597,100999.36,68408.0,19049.03,8831.65,114.1,942.8
20598,144180.95,78262.0,33347.48,12070.21,278.73,942.8
20599,13205.92,7489.0,46128.72,110.72,189.08,942.9
20600,189649.6,94265.0,35016.93,8617.13,280.36,943.1
20601,201205.77,92960.0,49654.46,21566.18,397.72,943.1
20602,168300.16,80053.0,42248.332,29102.06,334.15,943.1
20603,229480.16,103009.0,55948.2,24095.44,400.98,943.2
20604,232419.05,107618.0,26484.57,22951.91,376.53,943.2
20605,214884.33,105028.0,41795.07,21296.3,311.33,943.2
20606,6910.4,7096.0,5587.9,29.41,17.93,943.2
20607,195564.33,98280.0,95649.97,43094.3,717.2,943.4
20608,190888.33,97873.0,36556.63,21349.93,366.75,943.4
20609,162690.08,87076.0,35831.76,14551.03,153.22,943.5
20610,196523.05,95991.0,29790.6,12667.061,174.41,943.5
20611,203913.92,105280.0,42898.81,5125.99,317.85,943.5
20612,191956.8,96530.0,47073.3,15030.24,298.29,943.6
20613,177523.36,94643.0,28996.531,8541.01,197.23,943.7
20614,193796.95,101606.0,35741.8,13054.58,192.34,943.9
20615,192123.69,98408.0,19884.621,12276.08,154.85,944.1
20616,138461.12,73639.0,49644.082,23090.31,281.99,944.2
20617,226425.92,111595.0,33248.87,9719.14,264.06,944.3
20618,177906.4,85286.0,53986.38,31204.01,366.75,944.4
20619,211450.4,99597.0,34169.23,9701.84,182.56,944.5
20620,159751.2,85336.0,28394.49,21277.27,293.4,944.9
20621,262143.0,106887.0,59321.7,32274.88,503.67,945.0
20622,165279.52,91040.0,30219.64,19747.951,184.19,945.1
20623,182593.6,104808.0,43855.5,14346.891,306.44,945.2
20624,224484.97,102925.0,58460.16,17166.791,533.01,945.3
20625,241183.05,103140.0,64144.94,12013.12,449.88,945.4
20626,123593.12,76903.0,26517.44,11054.7,169.52,945.5
20627,67964.96,17770.0,102201.484,166.08,523.23,945.5
20628,188076.0,102428.0,39111.84,11971.601,273.84,945.5
20629,128853.76,74992.0,42269.09,20950.3,242.87,945.5
20630,198316.16,97968.0,54363.52,19431.36,286.88,945.6
20631,262143.0,103569.0,83264.9,46713.46,709.05,945.7
20632,27181.28,19448.0,9426.7705,27.68,-4.89,945.7
20633,158558.4,89577.0,30505.09,15575.19,241.24,945.7
20634,234360.0,106464.0,53126.57,22086.91,392.83,945.8
20635,157738.56,85477.0,39895.53,17912.42,324.37,945.8
20636,245695.52,100774.0,72741.31,26880.74,502.04,945.8
20637,196518.56,99601.0,65087.79,15691.101,358.6,945.9
20638,166593.28,89419.0,24026.24,20958.951,308.07,946.0
20639,214126.08,105388.0,42777.71,27112.56,273.84,946.0
20640,156661.12,86069.0,28053.68,7473.6,190.71,946.1
20641,179626.72,96066.0,21535.041,13234.5,356.97,946.1
20642,262143.0,104153.0,134350.08,44528.47,1062.76,946.2
20643,139623.69,61088.0,110697.51,1145.26,823.15,946.2
20644,262143.0,109760.0,80915.56,34830.09,542.79,946.3
20645,174591.2,98325.0,17754.99,6369.86,167.89,946.3
20646,164701.6,85828.0,36994.32,13187.79,213.53,946.4
20647,211542.23,103215.0,57913.48,24315.15,596.58,946.4
20648,207895.52,100948.0,33285.2,17576.8,291.77,946.4
20649,262143.0,94685.0,76545.58,32584.55,585.17,946.5
20650,179326.56,100524.0,30138.33,15018.13,48.9,946.5
20651,57783.04,49804.0,3667.6,1672.91,30.97,946.6
20652,215017.6,105674.0,40950.832,11014.91,158.11,946.6
20653,177028.33,95884.0,33202.16,20275.6,229.83,946.7
20654,193116.0,95000.0,65458.01,30119.3,554.2,946.7
20655,21448.0,6546.0,64030.76,159.16,503.67,946.7
20656,174459.05,90385.0,29316.58,7022.0703,180.93,946.8
20657,173592.16,81564.0,44097.7,18012.76,361.86,946.8
20658,133948.64,75052.0,35172.63,18777.42,304.81,946.8
20659,238809.77,107628.0,59788.8,30899.531,482.48,946.8
20660,14714.561,9528.0,8914.69,69.2,76.61,946.8
20661,202174.56,104632.0,38004.64,13526.87,293.4,946.9
20662,134510.88,85709.0,27806.291,10734.65,163.0,946.9
20663,172821.6,90876.0,28451.58,9786.61,215.16,946.9
20664,174752.48,97708.0,34203.832,6762.5703,202.12,947.0
20665,219531.2,105281.0,28714.541,14564.87,275.47,947.0
20666,192057.6,101564.0,20497.041,20571.43,272.21,947.1
20667,204189.44,102092.0,32875.19,18633.83,350.45,947.2
20668,252496.16,87133.0,54007.14,25520.96,554.2,947.2
20669,191584.95,104057.0,35134.57,17023.2,379.79,947.2
20670,236629.12,110329.0,60802.582,18033.52,312.96,947.2
20671,262143.0,107404.0,102426.38,40928.34,578.65,947.3
20672,190115.52,101597.0,21637.11,13039.01,148.33,947.4
20673,22979.041,18936.0,12319.33,487.86002,92.909996,947.4
20674,5755.68,5776.0,3207.42,46.71,-14.67,947.5
20675,200518.08,108018.0,29064.0,14108.15,288.51,947.6
20676,188877.92,78225.0,46087.2,22534.98,277.1,947.6
20677,35455.84,21061.0,12532.12,96.880005,148.33,947.6
20678,150616.48,77609.0,51815.23,12148.061,412.38998,947.6
20679,117324.484,68053.0,22121.51,16473.06,176.04,947.7
20680,262143.0,95243.0,88909.89,39708.69,598.21,947.8
20681,155360.8,88896.0,17384.77,12563.26,200.49,947.8
20682,166043.36,83554.0,62409.75,6119.0103,464.55,948.0
20683,198186.23,103494.0,46891.652,14277.69,446.62,948.2
20684,192591.84,95200.0,51427.71,16390.02,211.9,948.3
20685,178812.48,88217.0,28179.97,20912.24,244.5,948.4
20686,152250.56,81953.0,43959.3,16888.26,373.27,948.4
20687,231303.52,104509.0,26033.041,18121.75,275.47,948.4
20688,191412.48,100861.0,36828.242,30415.13,242.87,948.4
20689,190974.56,101788.0,32138.21,12160.17,241.24,948.5
20690,164432.8,90531.0,17225.61,12014.851,91.28,948.5
20691,186456.48,94300.0,37596.36,21685.55,218.42,948.5
20692,215827.36,104016.0,46652.91,12248.4,224.94,948.6
20693,235749.92,102496.0,47642.47,42596.06,529.75,948.7
20694,180393.92,100295.0,15116.74,16647.791,91.28,948.7
20695,13473.6,5929.0,27981.02,83.04,118.99,948.8
20696,172446.4,86816.0,58977.43,14125.45,578.65,948.8
20697,262143.0,98572.0,40883.36,42466.31,350.45,948.8
20698,185059.84,102606.0,32133.02,10456.12,118.99,948.9
20699,175901.6,95262.0,34508.31,13144.54,229.83,949.0
20700,262143.0,109522.0,115652.234,51313.53,989.41,949.0
20701,159766.88,90975.0,24495.07,17289.621,252.65,949.0
20702,219226.56,106017.0,29650.47,10454.39,211.9,949.1
20703,205738.4,103952.0,45213.55,28160.94,334.15,949.1
20704,194485.77,100041.0,53372.23,11459.5205,340.67,949.2
20705,167762.56,86383.0,25477.71,21988.3,182.56,949.2
20706,194498.08,102584.0,28657.451,15677.26,207.01,949.2
20707,219013.77,104324.0,39535.69,14777.66,422.17,949.3
20708,201547.36,99328.0,30859.74,19088.82,223.31,949.3
20709,213529.12,99235.0,61186.64,33520.48,386.31,949.4
20710,262143.0,99771.0,46440.12,25245.89,534.64,949.4
20711,161136.64,89068.0,44063.1,15907.351,348.82,949.5
20712,193771.2,97080.0,25086.73,15815.66,264.06,949.5
20713,216750.23,109521.0,45505.92,20189.1,334.15,949.7
20714,144711.84,80153.0,34625.95,19092.28,218.42,949.7
20715,186520.33,87149.0,35911.34,6743.54,203.75,949.8
20716,205548.0,105569.0,28664.371,16756.78,278.73,949.8
20717,166414.08,89079.0,21460.65,6679.5303,143.44,949.8
20718,23915.36,20768.0,2330.31,179.92,430.32,949.9
20719,209494.88,97440.0,41568.44,14288.07,422.17,949.9
20720,163618.56,95641.0,27927.39,5314.56,837.82,949.9
20721,137393.77,80532.0,26046.88,16568.21,257.54,950.0
20722,150772.16,89435.0,20651.01,6755.65,190.71,950.0
20723,224572.33,106830.0,39328.09,9705.3,270.58,950.0
20724,171041.92,102155.0,26178.36,13198.17,228.2,950.1
20725,194684.0,103452.0,38084.22,11148.12,180.93,950.1
20726,210258.72,103481.0,45684.11,21583.48,242.87,950.2
20727,182461.44,96829.0,26879.01,13831.351,288.51,950.2
20728,162062.88,91636.0,26114.35,8634.43,202.12,950.3
20729,174969.77,98483.0,37459.69,18896.791,202.12,950.3
20730,207887.69,103045.0,46941.82,16704.88,272.21,950.3
20731,190277.92,91453.0,56679.992,21638.84,420.54,950.3
20732,200543.84,97980.0,37698.43,14104.69,286.88,950.4
20733,194104.95,98127.0,50490.05,13435.18,332.52,950.4
20734,173145.28,100837.0,37350.7,4390.74,267.32,950.4
20735,262143.0,122060.0,87345.97,45348.492,697.64,950.4
20736,197169.28,93729.0,71378.07,24204.43,599.84,950.5
20737,173565.28,94157.0,18190.951,15204.97,286.88,950.5
20738,202650.56,94105.0,33771.332,16921.13,231.46,950.5
20739,213199.84,106380.0,49706.36,10077.25,303.18,950.5
20740,195172.33,101612.0,36755.582,20311.93,268.95,950.6
20741,149642.08,48756.0,43661.742,15457.55,366.75,950.6
20742,210807.52,104556.0,33048.19,20647.55,339.04,950.6
20743,196607.05,100858.0,31382.201,14665.21,202.12,950.6
20744,189249.77,98789.0,36968.37,6724.5103,200.49,950.7
20745,262143.0,108225.0,88127.93,30108.92,777.51,950.7
20746,149889.6,86437.0,21823.951,11836.66,145.06999,950.7
20747,205185.12,107786.0,31224.77,15682.45,309.7,950.8
20748,68302.08,35123.0,33292.12,209.33,392.83,950.8
20749,175775.05,99189.0,26486.3,8113.7,220.05,950.8
20750,146028.95,80593.0,30159.09,8437.21,229.83,950.9
20751,125165.6,66381.0,42400.57,28551.92,278.73,950.9
20752,205009.28,91342.0,50910.44,14665.21,324.37,951.0
20753,206172.95,100848.0,47213.43,15031.97,425.43,951.0
20754,154246.4,82364.0,48154.55,13269.101,366.75,951.0
20755,84988.96,56284.0,21586.94,6947.68,275.47,951.1
20756,166897.92,95100.0,28429.09,13402.311,314.59,951.1
20757,168359.52,89277.0,34447.76,14201.57,231.46,951.2
20758,167292.16,91360.0,46848.402,12933.48,391.2,951.2
20759,262143.0,105653.0,106590.49,36293.67,611.25,951.2
20760,176403.36,98924.0,14874.54,20510.88,259.17,951.2
20761,173984.16,90077.0,20938.19,15656.5,234.72,951.3
20762,116160.8,75569.0,22493.46,13429.99,114.1,951.3
20763,193354.56,104069.0,38717.402,22261.64,309.7,951.3
20764,216910.4,93074.0,34774.73,19280.85,260.8,951.4
20765,176572.48,99880.0,28337.4,10388.65,193.97,951.4
20766,165833.92,98232.0,23235.63,12507.9,140.18,951.4
20767,217117.6,95820.0,78915.68,10860.94,374.9,951.4
20768,136881.92,71017.0,56320.152,19725.46,392.83,951.5
20769,188679.69,98263.0,58927.26,22195.9,383.05,951.5
20770,224837.77,104578.0,33087.98,27872.031,340.67,951.5
20771,175135.52,102881.0,18578.47,12494.061,215.16,951.5
20772,171052.0,99388.0,30221.371,9620.53,200.49,951.6
20773,176881.6,91443.0,32466.91,13101.29,264.06,951.7
20774,111100.64,66205.0,41106.53,21753.02,316.22,951.7
20775,214018.56,98496.0,28602.09,20125.09,268.95,951.7
20776,208552.95,92035.0,36305.78,9217.44,327.63,951.7
20777,186944.8,101990.0,29660.85,12191.311,234.72,951.7
20778,166986.4,91892.0,27290.75,15973.09,130.4,951.7
20779,203997.92,103128.0,34980.6,10307.34,223.31,951.8
20780,262143.0,100012.0,94771.13,29050.16,682.97,951.8
20781,197673.28,100132.0,35854.25,14175.62,381.42,951.8
20782,174921.6,98297.0,25875.61,12824.49,262.43,951.8
20783,214916.8,106624.0,36918.2,15862.37,306.44,951.9
20784,167071.52,92907.0,31736.85,11056.43,145.06999,951.9
20785,236369.28,103330.0,52483.01,19348.32,387.94,951.9
20786,135578.23,78663.0,34181.34,8949.29,177.67,951.9
20787,178328.64,95107.0,47140.77,13033.82,330.88998,952.0
20788,185814.72,95205.0,36060.12,16628.76,208.64,952.0
20789,195242.88,102353.0,36779.8,9222.63,192.34,952.0
20790,181093.92,98605.0,28465.42,15493.88,221.68,952.0
20791,196502.88,99608.0,32914.98,15723.97,237.98,952.0
20792,75032.164,50593.0,24875.67,108.99,244.5,952.0
20793,125469.12,76692.0,21213.26,9710.49,99.43,952.1
20794,196256.48,93413.0,33238.492,21761.67,322.74,952.1
20795,185950.23,100273.0,34096.57,10999.34,278.73,952.1
20796,204667.69,104233.0,20813.63,10187.97,218.42,952.1
20797,186369.12,88625.0,37570.41,20860.34,298.29,952.1
20798,166081.44,91220.0,27342.65,12115.19,185.81999,952.2
20799,181674.08,97252.0,35601.67,13447.29,265.69,952.2
20800,182583.52,98173.0,25000.23,14845.13,218.42,952.2
20801,156212.0,94437.0,24486.42,16047.48,224.94,952.2
20802,262143.0,118277.0,49095.67,27422.23,443.36,952.2
20803,157442.88,85713.0,34406.242,15172.101,327.63,952.2
20804,159118.4,91353.0,20618.14,12725.88,148.33,952.2
20805,187350.23,97920.0,35316.22,18658.05,273.84,952.2
20806,190951.05,102840.0,34556.75,15403.92,257.54,952.2
20807,230140.97,103356.0,36722.71,18367.41,275.47,952.3
20808,262143.0,103527.0,53214.8,28937.71,454.77,952.3
20809,196098.56,105679.0,22090.371,15239.57,138.55,952.3
20810,60808.16,34751.0,30036.26,195.49,229.83,952.3
20811,167051.36,87701.0,30996.41,12011.39,208.64,952.3
20812,210657.44,98101.0,47524.832,7331.74,383.05,952.3
20813,183204.0,96218.0,30595.05,15981.74,316.22,952.3
20814,194707.52,98556.0,38975.17,20327.5,352.08,952.3
20815,233352.0,110453.0,47107.902,14447.23,370.01,952.4
20816,188392.95,96660.0,26906.69,7407.86,203.75,952.4
20817,213948.0,101632.0,34824.9,15978.28,192.34,952.4
20818,230024.48,105164.0,53993.3,24095.44,397.72,952.4
20819,177427.05,97436.0,22467.51,15602.87,156.48,952.5
20820,225658.72,109481.0,55166.242,12876.391,397.72,952.5
20821,262143.0,119708.0,73832.94,80287.57,803.59,952.5
20822,214951.52,109792.0,51185.51,30166.01,427.06,952.5
20823,221877.6,101289.0,31048.31,19322.371,229.83,952.5
20824,184040.64,101284.0,20332.69,13641.05,104.32,952.5
20825,178008.33,100315.0,37617.12,22846.38,366.75,952.5
20826,158572.95,93549.0,43701.53,8158.68,290.13998,952.6
20827,101411.52,57452.0,30975.65,17587.18,308.07,952.6
20828,199777.77,95080.0,43625.41,22946.72,306.44,952.6
20829,228642.4,106029.0,52929.35,28984.42,264.06,952.6
20830,237312.33,106245.0,46056.06,28579.6,280.36,952.6
20831,32216.8,20168.0,9843.7,-136.67,-63.57,952.6
20832,262143.0,110340.0,97276.17,54913.66,775.88,952.6
20833,175006.72,95625.0,31214.39,16222.21,200.49,952.6
20834,165631.2,94573.0,31195.36,15182.48,208.64,952.6
20835,166490.23,98799.0,28344.32,11776.11,138.55,952.6
20836,249112.64,101122.0,69402.414,28961.93,438.47,952.7
20837,222635.84,92672.0,39158.55,14895.3,246.13,952.7
20838,132359.36,78970.0,29415.19,18588.85,118.99,952.7
20839,230032.33,88547.0,48391.56,28935.98,565.61,952.7
20840,203381.92,99449.0,28413.52,16670.28,154.85,952.7
20841,225301.44,104242.0,38708.75,41753.55,154.85,952.7
20842,9748.48,6365.0,3717.77,32.87,21.19,952.7
20843,142797.77,79805.0,30155.63,4139.89,167.89,952.7
20844,188700.95,100185.0,31793.94,9305.67,123.88,952.7
20845,239986.88,114835.0,37651.72,28799.31,285.25,952.7
20846,239096.48,106172.0,42876.32,29948.031,347.19,952.7
20847,202876.8,107228.0,45661.62,24960.44,329.26,952.8
20848,186353.44,96828.0,35368.12,43986.98,221.68,952.8
20849,241497.77,104951.0,35016.93,20675.23,296.66,952.8
20850,240943.36,104817.0,46976.42,16438.46,412.38998,952.8
20851,262143.0,109661.0,80875.77,29465.36,454.77,952.8
20852,205265.77,99925.0,27377.25,23692.35,226.56999,952.8
20853,230494.88,104700.0,44028.5,8378.39,405.87,952.8
20854,196357.28,103954.0,49984.89,21164.82,280.36,952.9
20855,201303.2,98104.0,26321.951,15199.78,241.24,952.9
20856,216425.44,101239.0,36015.14,20270.41,376.53,952.9
20857,234403.69,105980.0,45158.19,8874.9,215.16,952.9
20858,127004.64,76620.0,24586.76,13686.03,220.05,952.9
20859,44657.76,12608.0,80429.43,88.23,425.43,952.9
20860,246919.69,110965.0,43502.582,16147.82,246.13,952.9
20861,225095.36,104353.0,61572.43,17895.121,246.13,952.9
20862,262143.0,100332.0,73915.984,38355.832,818.26,952.9
20863,17568.32,14180.0,3674.52,46.71,35.86,953.0
20864,154308.0,89209.0,28019.08,12713.7705,190.71,953.0
20865,105304.64,58100.0,56920.46,396.17,440.1,953.0
20866,233049.6,113858.0,47780.87,12305.49,251.02,953.0
20867,177245.6,90716.0,53303.03,21945.05,469.44,953.0
20868,170283.69,86247.0,32198.76,12492.33,296.66,953.0
20869,194165.44,98186.0,30261.16,22175.14,306.44,953.0
20870,262143.0,106002.0,204511.95,11833.2,2645.49,953.0
20871,136468.64,73796.0,33039.54,13346.95,392.83,953.0
20872,108230.08,62017.0,37874.89,14926.44,441.73,953.1
20873,187645.92,97769.0,31333.76,13163.57,164.63,953.1
20874,182183.69,100521.0,31108.86,19488.451,76.61,953.1
20875,199719.52,106189.0,31920.23,18716.871,122.25,953.1
20876,202816.33,96585.0,54342.76,16507.66,356.97,953.1
20877,216071.52,95424.0,42317.53,17075.1,407.5,953.2
20878,215463.36,101374.0,49948.562,18282.64,431.95,953.4
20879,150128.16,35475.0,70981.9,385.79,2407.51,953.4
20880,147154.56,82119.0,21090.43,8862.79,308.07,953.4
20881,152088.16,89453.0,25674.93,18040.44,237.98,953.5
20882,8555.68,8321.0,4717.71,84.770004,169.52,953.6
20883,16425.92,6158.0,39369.61,122.83,299.92,953.6
20884,212364.33,100217.0,57242.242,6755.65,409.13,953.8
20885,226449.44,110822.0,60074.25,26263.13,518.34,953.8
20886,216745.77,99202.0,45786.18,14755.17,386.31,953.8
20887,138924.8,82736.0,22675.11,9226.09,193.97,953.9
20888,240205.28,108961.0,35653.57,25392.94,285.25,953.9
20889,262143.0,104149.0,85465.46,18654.59,533.01,953.9
20890,207928.0,102986.0,41907.52,28956.74,312.96,954.0
20891,152675.05,92717.0,15550.97,14822.641,57.05,954.0
20892,262143.0,108385.0,64760.82,45639.13,834.56,954.0
20893,220057.6,91265.0,81033.2,25828.9,559.09,954.1
20894,165992.95,96280.0,27252.69,8063.5303,255.91,954.2
20895,176339.52,93011.0,34916.59,4295.59,371.63998,954.3
20896,175237.44,92848.0,37418.17,5958.12,340.67,954.3
20897,238060.48,108920.0,50469.29,16151.28,588.43,954.4
20898,216519.52,97797.0,42568.38,17047.42,373.27,954.4
20899,177409.12,89116.0,46376.11,4070.69,308.07,954.4
20900,194703.05,86125.0,68577.2,9878.3,319.48,954.4
20901,262143.0,110344.0,57818.332,29520.72,469.44,954.5
20902,212975.84,101444.0,29607.22,19645.88,350.45,954.5
20903,185321.92,103706.0,24642.121,12327.98,200.49,954.5
20904,171012.8,92947.0,22860.22,12426.59,247.76,954.5
20905,204107.69,101670.0,44405.64,25062.51,433.58,954.6
20906,196316.95,96499.0,40821.082,31095.02,301.55,954.6
20907,245014.56,105917.0,37201.92,18459.1,309.7,954.6
20908,145028.8,84365.0,20699.451,11411.08,81.5,954.6
20909,203292.33,107152.0,61342.34,17320.76,405.87,954.6
20910,262143.0,111594.0,50280.72,32700.46,630.81,954.6
20911,199046.4,104697.0,37335.13,19763.52,409.13,954.7
20912,7160.16,6721.0,3714.31,138.4,348.82,954.7
20913,249766.72,98673.0,30121.031,18045.63,184.19,954.8
20914,164479.84,91658.0,31586.34,8324.76,203.75,954.8
20915,188348.16,96644.0,19109.58,12943.86,159.74,954.8
20916,162755.05,85538.0,28503.48,19595.71,376.53,954.8
20917,211170.4,98097.0,67153.414,31018.9,502.04,954.9
20918,183974.56,99392.0,40483.73,11137.74,234.72,954.9
20919,156896.33,86997.0,42542.43,26856.52,273.84,954.9
20920,223027.84,106542.0,55590.09,21673.44,356.97,954.9
20921,71187.2,57693.0,32311.21,837.32,1660.97,954.9
20922,262143.0,99934.0,77529.95,22398.31,568.87,954.9
20923,202059.2,96066.0,23557.41,16457.49,247.76,954.9
20924,165475.52,90646.0,25847.93,14530.2705,172.78,955.0
20925,256187.69,106464.0,73210.14,9461.37,480.85,955.0
20926,181988.8,97879.0,29307.93,10385.19,308.07,955.0
20927,234920.0,91960.0,76621.7,23031.49,629.18,955.1
20928,262143.0,93848.0,94290.19,34290.332,762.84,955.1
20929,182543.2,97957.0,32662.4,12677.44,286.88,955.2
20930,176777.44,98358.0,32909.79,13867.68,277.1,955.2
20931,171925.6,92945.0,52912.05,32041.33,371.63998,955.2
20932,208214.72,95741.0,52538.37,25254.541,314.59,955.2
20933,254943.36,119248.0,48796.38,18585.39,309.7,955.2
20934,36387.68,24236.0,17450.51,117.64,158.11,955.2
20935,177598.4,98102.0,31380.47,13132.43,246.13,955.3
20936,180526.08,102120.0,33819.77,24815.121,193.97,955.5
20937,200111.52,80405.0,56612.52,32243.74,475.96,955.9
20938,173955.05,94977.0,29780.22,19824.07,356.97,956.0
20939,214794.72,104445.0,32408.09,17966.05,319.48,956.0
20940,174802.88,102286.0,31657.27,5371.65,246.13,956.1
20941,151184.33,87866.0,28022.541,8622.32,141.81,956.3
20942,171769.92,92080.0,29735.24,14647.91,153.22,956.3
20943,198756.33,89789.0,40063.34,20522.99,316.22,956.4
20944,243673.92,109229.0,50424.312,36542.79,449.88,956.4
20945,181173.44,95042.0,24586.76,18663.24,202.12,956.4
20946,7204.96,6441.0,1057.03,3.46,13.04,956.4
20947,213995.05,95856.0,58102.05,12284.73,487.37,956.4
20948,134873.77,73529.0,51320.45,17165.06,242.87,956.4
20949,113087.52,55014.0,63253.992,325.24,528.12,956.5
20950,262143.0,93596.0,125717.375,60460.04,955.18,956.5
20951,16970.24,8600.0,9137.86,64.01,107.58,956.6
20952,201287.52,96484.0,24981.201,14765.55,296.66,956.7
20953,171413.77,84289.0,49175.25,12741.45,319.48,956.7
20954,137538.23,48020.0,60466.96,11663.66,503.67,956.7
20955,207456.48,96032.0,49846.492,26564.15,456.4,956.8
20956,164179.69,89838.0,46626.96,13106.48,319.48,956.8
20957,199185.28,102298.0,31648.621,17400.34,329.26,956.9
20958,203342.72,94686.0,57019.07,20145.85,471.07,956.9
20959,215507.05,106145.0,35321.41,31634.781,352.08,956.9
20960,232688.97,84453.0,57423.89,790.61,352.08,957.0
20961,199129.28,97832.0,46945.28,24121.39,370.01,957.0
20962,201177.77,103237.0,31420.26,13765.61,215.16,957.1
20963,168194.88,90956.0,28273.39,13658.351,193.97,957.1
20964,262143.0,103880.0,82931.01,46175.43,632.44,957.1
20965,178729.6,96108.0,30340.74,12175.74,295.03,957.2
20966,237799.52,105713.0,39561.64,26000.17,397.72,957.3
20967,150445.12,50652.0,43213.67,12374.69,270.58,957.3
20968,123340.0,73257.0,31108.86,19201.27,339.04,957.4
20969,185827.05,97989.0,20265.22,10836.72,270.58,957.4
20970,44671.2,32117.0,16594.16,112.450005,197.23,957.4
20971,168054.88,101012.0,22220.121,5728.0303,159.74,957.4
20972,199196.48,93781.0,40698.25,25680.121,524.86,957.4
20973,262143.0,107764.0,57226.67,13272.561,479.22,957.5
20974,210294.56,103705.0,44696.28,23517.621,322.74,957.6
20975,205223.2,100063.0,31013.71,15623.63,231.46,957.6
20976,202678.56,97368.0,40236.34,16319.09,277.1,957.7
20977,233478.56,111836.0,39063.402,22486.541,319.48,957.7
20978,167105.12,98702.0,28520.781,14511.24,257.54,957.8
20979,243353.6,105597.0,48621.652,21604.24,399.35,957.8
20980,194438.72,100864.0,29491.31,16004.23,189.08,957.9
20981,145853.12,80857.0,30671.17,17071.64,281.99,957.9
20982,167750.23,93764.0,33081.06,9826.4,327.63,957.9
20983,262143.0,108420.0,81873.984,37897.38,704.16,958.0
20984,262143.0,106118.0,80057.484,38367.94,617.77,958.1
20985,209945.12,98580.0,28264.74,10983.7705,321.11,958.1
20986,183822.23,104604.0,31460.05,13160.11,249.39,958.1
20987,200855.2,107511.0,37357.62,6112.09,184.19,958.1
20988,189978.88,97761.0,40971.59,15462.74,407.5,958.2
20989,163551.36,84529.0,31961.75,22164.76,229.83,958.2
20990,195494.88,103853.0,36928.582,16274.11,319.48,958.2
20991,262143.0,114568.0,163808.52,58551.85,1393.65,958.3
20992,163878.4,94837.0,24602.33,10594.5205,226.56999,958.4
20993,185974.88,94204.0,33857.832,18351.84,226.56999,958.4
20994,262143.0,111177.0,262143.0,33096.63,1965.78,958.5
20995,161330.4,90710.0,26552.041,13684.3,169.52,958.6
20996,56566.72,29932.0,20670.041,114.18,112.47,958.6
20997,204520.95,90073.0,43339.96,14215.41,252.65,958.7
20998,195048.0,100543.0,22564.39,10431.9,299.92,958.7
20999,167905.92,93049.0,89029.26,7182.96,444.99,958.7
21000,179173.12,89278.0,34060.242,14746.5205,303.18,958.8
21001,176383.2,91677.0,28602.09,8869.71,237.98,959.1
21002,169777.44,99335.0,19950.36,11018.37,208.64,959.2
21003,207650.23,104541.0,38421.57,18491.97,205.38,959.2
21004,191263.52,92336.0,30617.541,12822.76,309.7,959.3
21005,216120.8,101605.0,42978.39,13962.83,316.22,959.4
21006,177971.36,99368.0,29539.75,13343.49,164.63,959.5
21007,160221.6,84706.0,38276.25,10888.62,264.06,959.5
21008,182916.16,91456.0,34300.71,18773.96,184.19,959.6
21009,178999.52,92204.0,43229.242,14492.21,329.26,959.8
21010,139917.12,80901.0,33127.77,20045.51,348.82,959.8
21011,206274.88,101428.0,20976.25,8502.95,187.45,959.8
21012,211804.33,107973.0,36674.27,18275.72,379.79,959.8
21013,192792.33,91074.0,53353.2,19782.55,449.88,959.9
21014,199433.92,107969.0,35029.04,15545.78,107.58,959.9
21015,184282.56,101333.0,35113.81,6131.12,133.66,959.9
21016,192784.48,98421.0,35214.15,11959.49,189.08,959.9
21017,158340.0,88293.0,28742.22,20763.46,226.56999,959.9
21018,209153.28,98688.0,51256.44,22223.58,334.15,960.0
21019,75406.24,45671.0,30470.49,266.42,177.67,960.1
21020,212114.56,106376.0,49542.01,21846.44,342.3,960.1
21021,185217.77,102005.0,50204.6,9905.98,358.6,960.1
21022,224197.12,108559.0,45315.62,24431.06,277.1,960.2
21023,202213.77,98767.0,40511.41,11082.38,264.06,960.2
21024,183583.69,99646.0,34184.8,16741.21,215.16,960.2
21025,170947.84,93029.0,21064.48,19766.98,288.51,960.2
21026,20186.88,8215.0,73206.68,197.22,462.92,960.3
21027,157478.72,97443.0,21574.83,11694.8,174.41,960.3
21028,116406.08,68330.0,29747.35,27375.52,246.13,960.3
21029,158042.08,95920.0,22050.58,8362.82,189.08,960.3
21030,212791.05,104219.0,42113.39,19107.85,314.59,960.3
21031,209650.56,101133.0,52925.89,21104.27,414.02,960.4
21032,193952.64,95627.0,44608.05,14206.76,265.69,960.4
21033,236416.33,108600.0,43445.492,20552.4,410.76,960.4
21034,188417.6,92201.0,42272.55,12409.29,371.63998,960.4
21035,175432.33,94696.0,36926.85,6195.13,350.45,960.4
21036,208797.12,97976.0,48068.05,18421.041,399.35,960.5
21037,256874.23,110713.0,60444.47,25564.21,420.54,960.5
21038,178641.12,99202.0,32764.47,35646.652,252.65,960.5
21039,212515.52,99452.0,48832.71,17301.73,378.16,960.5
21040,198716.0,103521.0,37769.36,18294.75,381.42,960.5
21041,222522.72,104988.0,43369.37,14611.58,418.91,960.5
21042,148777.44,88293.0,28967.121,14049.33,205.38,960.6
21043,243251.69,109941.0,45665.082,9267.61,311.33,960.6
21044,30331.84,22391.0,22481.35,250.85,332.52,960.6
21045,185608.64,95164.0,44569.992,18891.6,233.09,960.6
21046,197944.33,85908.0,58711.01,19351.78,430.32,960.7
21047,196253.12,103841.0,37758.98,17571.61,329.26,960.7
21048,262143.0,114792.0,68757.12,17972.97,402.61,960.7
21049,220801.28,109377.0,44789.7,11284.79,233.09,960.7
21050,160581.12,78217.0,42888.43,16715.26,436.84,960.7
21051,216494.88,107297.0,34036.02,8051.42,304.81,960.7
21052,210517.44,110953.0,46428.01,27321.89,387.94,960.7
21053,226098.88,101113.0,65092.98,50047.17,594.95,960.7
21054,148932.0,93240.0,19080.17,12980.19,295.03,960.7
21055,183404.48,96244.0,23661.21,18260.15,239.61,960.8
21056,139642.72,86093.0,21739.18,18507.541,172.78,960.8
21057,156853.77,90759.0,21116.38,10565.11,255.91,960.8
21058,127449.28,66193.0,31684.951,18004.11,218.42,960.8
21059,204005.77,93544.0,42857.29,13104.75,273.84,960.8
21060,134311.52,74872.0,34273.03,10132.61,200.49,960.8
21061,243182.23,101969.0,63311.082,55814.992,578.65,960.8
21062,136850.56,68576.0,30716.15,9734.71,213.53,960.8
21063,262143.0,104126.0,113039.93,11924.89,709.05,960.8
21064,201098.23,99332.0,46587.17,17370.93,386.31,960.9
21065,165408.33,96584.0,18246.31,10788.28,207.01,961.0
21066,112787.36,74595.0,17441.86,11706.91,205.38,961.1
21067,31823.68,18000.0,2330.31,10.38,52.16,961.1
21068,262143.0,77621.0,76673.6,57396.21,784.02997,961.3
21069,153991.05,81684.0,33056.84,11492.39,312.96,961.3
21070,197116.64,104548.0,36937.23,15071.76,306.44,961.3
21071,165483.36,94886.0,29358.1,8331.68,291.77,961.5
21072,25786.88,18452.0,62987.57,3.46,132.03,961.5
21073,228086.88,102617.0,60280.12,24105.82,301.55,961.5
21074,262143.0,113285.0,179127.66,63049.85,1457.22,961.6
21075,217365.12,104360.0,39345.39,12637.65,187.45,961.6
21076,262143.0,75889.0,33565.46,12921.37,224.94,961.7
21077,175256.48,101077.0,22635.32,11324.58,210.27,961.7
21078,194812.8,101321.0,36930.31,13644.51,314.59,961.8
21079,26950.56,6863.0,23567.791,358.11002,140.18,961.9
21080,205928.8,93881.0,47770.492,15772.41,280.36,961.9
21081,184439.36,91625.0,56233.652,8973.51,319.48,962.0
21082,211846.88,102333.0,59598.5,7750.4,392.83,962.1
21083,145797.12,91073.0,18422.77,15187.67,251.02,962.3
21084,175964.33,97173.0,33843.992,7440.73,285.25,962.3
21085,211036.0,103384.0,37433.742,13812.32,317.85,962.4
21086,130520.32,78363.0,25777.0,13014.79,220.05,962.4
21087,20592.32,9060.0,51069.6,114.18,270.58,962.4
21088,136623.2,29626.0,262143.0,932.47003,1215.98,962.5
21089,54453.28,34492.0,9148.24,25.95,6.52,962.6
21090,31328.64,13084.0,53365.312,202.41,278.73,962.6
21091,220355.52,106545.0,54572.85,19448.66,425.43,962.6
21092,162895.05,95274.0,34757.43,13530.33,122.25,962.7
21093,168498.4,98708.0,30508.55,6350.83,125.51,962.7
21094,135194.08,82259.0,18017.951,5636.34,174.41,962.7
21095,153450.08,91197.0,28903.11,6381.97,135.29,962.8
21096,60549.44,38293.0,24078.14,128.02,166.26,962.8
21097,182008.95,104704.0,34650.17,9987.29,329.26,962.9
21098,157549.28,85832.0,52128.36,18748.01,285.25,963.0
21099,161556.64,16764.0,262143.0,1358.05,1674.01,963.1
21100,211318.23,99289.0,42068.41,13327.92,268.95,963.3
21101,180238.23,98723.0,35885.39,11751.89,221.68,963.3
21102,147982.23,74599.0,33793.82,19777.36,220.05,963.4
21103,222384.97,102300.0,37707.082,9463.101,283.62,963.4
21104,152165.44,91589.0,18675.35,10985.5,195.6,963.4
21105,183020.33,103828.0,19600.9,19531.701,192.34,963.9
21106,215654.88,108436.0,30543.15,17367.47,257.54,964.0
21107,10125.92,5073.0,26484.57,50.170002,63.57,964.1
21108,89603.36,44108.0,26963.781,-43.25,21.19,964.1
21109,58156.0,25864.0,24545.24,32.87,21.19,964.1
21110,115523.52,39329.0,39594.51,242.2,317.85,964.1
21111,161549.92,86672.0,41507.89,27072.77,397.72,964.1
21112,106464.96,69301.0,23446.69,8075.64,176.04,964.1
21113,38148.32,27849.0,7648.33,48.440002,125.51,964.2
21114,97835.36,59849.0,20246.19,9297.0205,283.62,964.2
21115,89433.12,55509.0,9592.851,1989.5,48.9,964.2
21116,124284.164,46680.0,49230.61,313.13,220.05,964.2
21117,262143.0,103216.0,262143.0,42703.32,10414.07,964.2
21118,16450.56,6481.0,36926.85,-70.93,89.65,964.2
21119,12231.5205,5993.0,10608.36,352.92,-104.32,964.2
21120,13565.44,10581.0,8838.57,262.96,34.23,964.3
21121,102071.2,59158.0,34811.06,6835.23,293.4,964.3
21122,262143.0,84742.0,115570.92,14563.141,709.05,964.3
21123,262143.0,55620.0,111057.35,3228.18,577.02,964.3
21124,41223.84,8757.0,29439.41,-50.170002,151.59,964.3
21125,23061.92,11405.0,24432.791,15.57,24.45,964.3
21126,262143.0,81100.0,136045.47,825.21,-110.84,964.3
21127,214137.28,30000.0,48557.64,2453.1401,19.56,964.3
21128,193312.0,97971.0,53043.53,10961.28,254.28,964.3
21129,262143.0,91544.0,39504.55,633.18,4.89,964.3
21130,146660.64,76680.0,28576.14,10791.74,184.19,964.3
21131,22256.64,12377.0,14632.34,209.33,-8.15,964.3
21132,22882.72,8892.0,17549.121,-5.19,-17.93,964.3
21133,262143.0,100396.0,73746.44,762.93,-149.96,964.3
21134,262143.0,85118.0,108073.1,1212.73,16.3,964.3
21135,165312.0,12992.0,80758.13,-31.14,-1.63,964.3
21136,262143.0,139100.0,262143.0,138325.61,10875.36,964.4
21137,262143.0,73184.0,262143.0,980.91003,4117.38,964.4
21138,262143.0,107215.0,153876.58,16805.22,2845.98,964.4
21139,149627.52,88231.0,26763.1,10724.2705,185.81999,964.5
21140,242764.48,108775.0,53040.07,15407.38,441.73,964.7
21141,154464.8,85488.0,32262.77,13964.561,236.35,964.9
21142,139144.33,87990.0,27771.69,16526.69,221.68,965.0
21143,118441.12,72660.0,23893.03,22476.16,207.01,965.5
21144,160222.72,88693.0,16052.67,10957.82,141.81,966.5
21145,10460.8,8508.0,3774.86,-10.38,47.27,966.5
21146,188297.77,102928.0,17964.32,16841.55,224.94,966.6
21147,262143.0,108997.0,75530.07,30726.531,681.34,966.7
21148,209610.23,102394.0,45519.76,20619.871,461.29,966.9
21149,146125.28,88752.0,23886.11,5894.11,179.3,967.0
21150,200027.52,95668.0,41302.02,7480.52,295.03,967.3
21151,147216.16,87489.0,25309.9,3439.24,228.2,967.3
21152,16895.2,5607.0,29371.94,131.48,231.46,967.3
21153,208988.64,99762.0,33406.3,9042.71,264.06,967.5
21154,163022.72,87175.0,27065.85,20422.65,270.58,967.5
21155,167586.72,96489.0,22799.67,23002.08,237.98,967.5
21156,262143.0,102629.0,77386.36,21419.13,658.52,967.7
21157,152825.12,84397.0,24538.32,15208.43,262.43,967.7
21158,262143.0,108057.0,79150.96,31186.71,738.39,967.7
21159,159556.33,93465.0,20341.34,9175.92,224.94,967.9
21160,179978.4,94253.0,23403.44,14589.09,133.66,967.9
21161,182878.08,104833.0,21827.41,10532.24,193.97,968.0
21162,223410.88,105304.0,36328.27,14033.76,283.62,968.1
21163,163097.77,91388.0,32856.16,7855.93,334.15,968.1
21164,176322.72,94134.0,32164.16,29627.98,360.23,968.1
21165,181006.56,96872.0,27507.0,9208.79,189.08,968.1
21166,234931.2,105201.0,53354.93,24861.83,399.35,968.3
21167,262143.0,117197.0,64618.96,30774.97,572.13,968.3
21168,158646.88,78013.0,39314.25,18761.85,314.59,968.3
21169,225764.0,103464.0,41163.62,5110.42,342.3,968.4
21170,198713.77,98542.0,22836.0,14883.19,252.65,968.5
21171,262143.0,115693.0,116084.734,77545.52,922.58,968.6
21172,186914.56,101749.0,18139.05,13698.141,211.9,968.6
21173,60873.12,37967.0,15614.98,89.96,-3.26,968.6
21174,114602.88,70428.0,90039.58,25534.8,691.12,968.7
21175,174069.28,92184.0,26259.67,5862.97,202.12,968.7
21176,193557.28,95761.0,39184.5,9726.061,430.32,968.7
21177,202945.12,105159.0,35560.152,19180.51,420.54,968.8
21178,199731.84,103709.0,34620.76,16843.28,259.17,968.8
21179,193628.95,102232.0,38592.84,17855.33,149.96,968.8
21180,161480.48,86799.0,40980.242,12779.51,342.3,968.8
21181,262143.0,113117.0,68309.05,45829.43,826.41,968.8
21182,258097.28,110476.0,37944.09,28690.32,353.71,968.9
21183,191147.05,97813.0,24370.51,11359.18,236.35,968.9
21184,195367.2,107082.0,30309.6,15293.2,259.17,969.0
21185,7815.36,7860.0,223.17,465.37,-1.63,969.1
21186,180808.33,96485.0,36300.59,8859.33,327.63,969.1
21187,174105.12,96557.0,24929.3,6226.27,213.53,969.2
21188,219392.33,89568.0,103426.32,13146.2705,746.54,969.2
21189,112007.84,70309.0,24405.11,16135.71,249.39,969.3
21190,184376.64,99402.0,18116.56,12947.32,182.56,969.4
21191,156171.69,89597.0,29204.13,11312.47,260.8,969.4
21192,159475.69,95211.0,21607.701,14720.57,132.03,969.4
21193,183781.92,84585.0,45372.71,21285.92,332.52,969.4
21194,22747.2,8964.0,3124.3801,-27.68,29.34,969.4
21195,222925.92,106057.0,26683.52,25448.3,392.83,969.4
21196,217618.23,107699.0,60209.19,21185.58,472.7,969.5
21197,191627.52,101838.0,35395.8,11876.45,368.38,969.6
21198,133724.64,71969.0,38828.12,16441.92,237.98,969.6
21199,199862.88,102997.0,17246.371,19625.121,229.83,969.7
21200,218487.36,108712.0,39257.16,19223.76,358.6,969.7
21201,191868.33,105958.0,24104.09,9252.04,156.48,969.7
21202,189405.44,97186.0,25429.27,10309.07,254.28,969.8
21203,7553.2803,7012.0,19943.44,5.19,99.43,969.8
21204,243074.72,109060.0,52879.18,7650.06,479.22,969.8
21205,223207.05,106108.0,41461.18,16684.121,352.08,969.9
21206,224277.77,101325.0,57750.86,20227.16,456.4,970.0
21207,180880.0,94796.0,21794.541,18651.13,242.87,970.0
21208,56654.082,31961.0,26519.17,211.06,260.8,970.1
21209,190721.44,93137.0,40395.5,18639.02,365.12,970.1
21210,262143.0,104265.0,79455.44,19794.66,1049.72,970.1
21211,170942.23,87872.0,28804.5,14488.75,161.37,970.2
21212,162032.64,99069.0,26014.01,12182.66,138.55,970.2
21213,206757.6,105509.0,39942.242,5691.7,260.8,970.2
21214,262143.0,107668.0,99791.59,58852.87,800.33,970.3
21215,163530.08,92693.0,20673.5,5548.11,107.58,970.4
21216,171263.69,91025.0,38501.152,5318.02,309.7,970.4
21217,254811.2,108141.0,69298.61,15677.26,581.91,970.4
21218,201409.6,106042.0,21988.3,14947.2,208.64,970.5
21219,158636.8,96357.0,19782.55,10777.9,149.96,970.5
21220,110676.164,64178.0,15841.61,10623.93,233.09,970.6
21221,177142.56,100441.0,30062.21,10644.69,79.87,970.6
21222,182370.72,97802.0,26534.74,8463.16,163.0,970.6
21223,214298.56,101768.0,51495.18,10239.87,365.12,970.6
21224,213666.88,97908.0,41440.42,15985.2,422.17,970.7
21225,137527.05,77196.0,32830.21,20607.76,195.6,970.7
21226,98731.36,18466.0,262143.0,491.32,1898.95,970.8
21227,6581.12,6336.0,6442.52,72.66,79.87,970.9
21228,191531.2,98533.0,35020.39,14912.601,207.01,971.0
21229,176904.0,101008.0,18341.46,16326.01,198.86,971.0
21230,207917.92,106836.0,20464.17,15106.36,197.23,971.1
21231,188998.88,103481.0,26872.09,12871.2,198.86,971.1
21232,191176.16,96813.0,38440.6,5487.56,277.1,971.1
21233,8430.24,6582.0,5288.61,91.69,81.5,971.3
21234,155031.52,89108.0,27005.3,10954.36,200.49,971.3
21235,180664.95,95204.0,35816.19,10530.51,229.83,971.3
21236,141756.16,81379.0,29756.0,15208.43,215.16,971.4
21237,179434.08,102633.0,13530.33,13931.69,132.03,971.4
21238,210011.2,102765.0,38918.082,23074.74,270.58,971.4
21239,224859.05,101813.0,50069.66,10705.24,272.21,971.4
21240,201742.23,88564.0,48747.94,21960.621,418.91,971.4
21241,141378.72,81809.0,23105.88,29889.21,285.25,971.4
21242,199562.72,97793.0,42596.06,16144.36,381.42,971.4
21243,41619.2,30109.0,9911.17,62.28,-11.41,971.6
21244,184688.0,98961.0,40312.46,15500.8,347.19,971.6
21245,184665.6,91130.0,34189.992,9335.08,268.95,971.7
21246,209624.8,107469.0,25405.05,12376.42,264.06,971.8
21247,164706.08,93245.0,28593.44,10504.561,184.19,971.8
21248,120721.44,55434.0,71763.86,7966.65,652.0,971.9
21249,113221.92,77120.0,25564.21,22140.541,281.99,971.9
21250,167380.64,95921.0,22972.67,10909.38,215.16,971.9
21251,145772.48,85189.0,28095.201,13755.23,79.87,972.0
21252,222905.77,98846.0,46609.66,33828.42,304.81,972.1
21253,173731.05,89869.0,26626.43,9511.54,189.08,972.1
21254,202726.72,103545.0,29544.94,13807.13,228.2,972.2
21255,192435.05,99817.0,43289.79,13251.8,334.15,972.2
21256,89097.12,47184.0,35423.48,311.4,366.75,972.3
21257,168168.0,92443.0,36274.64,24197.51,347.19,972.3
21258,103037.76,62892.0,29771.57,19196.08,394.46,972.4
21259,144829.44,72834.0,34707.26,4596.61,299.92,972.4
21260,215699.69,104487.0,39613.54,17767.1,329.26,972.4
21261,121170.56,73008.0,31766.26,20093.951,205.38,972.4
21262,129087.84,77792.0,20901.86,15310.5,166.26,972.4
21263,237840.97,109420.0,49401.88,30953.16,342.3,972.5
21264,262143.0,105392.0,105751.44,58103.78,766.1,972.5
21265,179299.69,90936.0,20241.0,9727.79,371.63998,972.5
21266,262143.0,131308.0,103393.45,54415.42,966.59,972.6
21267,167107.36,91888.0,25764.89,14532.0,169.52,972.7
21268,262143.0,108668.0,109436.34,33323.26,537.9,972.7
21269,198402.4,103878.0,35503.06,13741.391,314.59,972.8
21270,178918.88,86408.0,40006.25,17722.121,376.53,972.8
21271,230359.36,109256.0,62401.1,39378.26,609.62,972.9
21272,247767.52,121624.0,56645.39,26031.31,559.09,973.0
21273,164556.0,94056.0,39504.55,10020.16,277.1,973.1
21274,143500.0,80853.0,35663.95,6174.37,189.08,973.1
21275,215312.16,110724.0,42845.18,23256.39,360.23,973.2
21276,195977.6,96065.0,35888.85,14357.2705,224.94,973.2
21277,262143.0,106985.0,61399.43,21516.01,358.6,973.2
21278,229017.6,107405.0,55413.63,23034.951,308.07,973.3
21279,182125.44,82932.0,28636.69,12969.811,216.79,973.5
21280,120237.6,67460.0,28015.621,16831.17,197.23,973.6
21281,114537.92,69052.0,29899.59,9992.48,136.92,973.8
21282,152389.44,91085.0,30582.94,19040.38,224.94,973.8
21283,53278.4,29207.0,16545.72,98.61,84.76,973.8
21284,174973.12,98458.0,23355.0,8418.18,296.66,974.0
21285,215009.77,99424.0,50984.832,13056.311,311.33,974.1
21286,210672.0,108296.0,44502.52,12417.94,366.75,974.2
21287,110840.8,63429.0,42449.01,11551.21,228.2,974.3
21288,188861.12,94813.0,41282.992,6259.14,264.06,974.4
21289,223672.97,96393.0,55058.98,22964.02,474.33,974.4
21290,158024.16,88547.0,15345.101,6266.06,92.909996,974.5
21291,216540.8,107436.0,39092.81,20268.68,184.19,974.5
21292,148644.16,86452.0,19012.701,11175.8,213.53,974.6
21293,92756.164,58710.0,17543.93,12189.58,233.09,974.6
21294,200964.95,98041.0,37726.11,27719.791,358.6,974.6
21295,192688.16,97123.0,42711.97,21695.93,363.49,974.7
21296,210034.72,103821.0,40952.56,19784.28,312.96,974.8
21297,174846.56,91072.0,30861.47,10234.68,180.93,974.8
21298,148152.48,76720.0,43748.242,20773.84,281.99,974.9
21299,155252.16,90548.0,15722.24,4363.06,50.53,974.9
21300,121186.24,78933.0,13210.28,21462.38,117.36,974.9
21301,185512.33,103091.0,22266.83,9677.62,221.68,974.9
21302,230052.48,104005.0,49171.79,20943.38,400.98,974.9
21303,169606.08,100936.0,22564.39,14886.65,182.56,975.0
21304,47222.56,32195.0,33679.64,750.82,249.39,975.1
21305,135076.48,71140.0,40506.22,22668.19,489.0,975.1
21306,170257.92,94860.0,30641.76,24444.9,427.06,975.1
21307,222628.0,109736.0,41801.992,23259.85,446.62,975.2
21308,149213.12,78357.0,51310.07,21400.1,466.18,975.2
21309,200445.28,102618.0,32368.3,17869.17,244.5,975.2
21310,188661.77,94080.0,37175.97,13782.91,224.94,975.2
21311,197526.56,104295.0,24041.81,16947.08,309.7,975.3
21312,163607.36,79983.0,36674.27,38753.73,568.87,975.3
21313,220050.88,103977.0,67212.234,32830.21,407.5,975.4
21314,198724.95,93745.0,32786.96,7679.47,203.75,975.4
21315,12703.04,11686.0,98118.68,19.03,422.17,975.5
21316,183012.48,91920.0,42606.44,10573.76,355.34,975.5
21317,221889.92,106740.0,39681.01,15320.88,384.68,975.6
21318,171890.88,96868.0,30067.4,14893.57,259.17,975.7
21319,191871.69,107061.0,38450.98,16845.01,298.29,975.7
21320,177796.64,101309.0,29449.791,16000.7705,203.75,975.8
21321,230805.12,100945.0,48132.06,45488.62,384.68,975.9
21322,146712.16,92862.0,12909.26,9971.72,153.22,976.0
21323,163167.2,87657.0,25631.68,16697.96,308.07,976.0
21324,204762.88,103313.0,39663.71,9724.33,259.17,976.0
21325,166550.72,73432.0,36786.72,26982.81,322.74,976.1
21326,160520.64,95216.0,35056.72,10284.851,270.58,976.1
21327,178063.2,89972.0,33411.492,11177.53,259.17,976.1
21328,182577.92,93644.0,42803.66,11909.32,293.4,976.2
21329,23093.28,17852.0,1979.12,-64.01,11.41,976.2
21330,174186.88,95293.0,24197.51,18924.47,321.11,976.2
21331,202970.88,100613.0,41815.832,19365.621,330.88998,976.3
21332,181714.4,98421.0,33056.84,12539.04,257.54,976.3
21333,178308.48,101788.0,23623.15,9535.76,203.75,976.4
21334,206771.05,97389.0,41746.63,17590.64,301.55,976.4
21335,262143.0,113308.0,56157.53,46353.62,469.44,976.4
21336,196141.12,106107.0,22012.52,17495.49,262.43,976.4
21337,218302.56,98581.0,43239.62,21126.76,334.15,976.5
21338,213609.77,105545.0,57567.48,18075.041,371.63998,976.5
21339,22517.6,12536.0,47959.06,108.99,262.43,976.5
21340,183057.28,99306.0,17927.99,18628.64,394.46,976.6
21341,185753.12,104441.0,32980.72,14801.88,368.38,976.6
21342,174385.12,99905.0,33001.48,7911.29,303.18,976.6
21343,253439.2,110450.0,46663.29,26436.13,534.64,976.7
21344,247332.97,102848.0,62657.14,20856.88,485.74,976.7
21345,189502.88,101644.0,36627.56,21152.71,291.77,976.8
21346,216852.16,99925.0,44483.492,14234.44,412.38998,976.8
21347,172102.56,82199.0,36674.27,38312.582,462.92,976.9
21348,190274.56,94231.0,35354.28,23666.4,283.62,976.9
21349,227421.6,104191.0,46296.53,15518.101,216.79,977.0
21350,170857.12,96872.0,24311.69,10179.32,182.56,977.0
21351,228670.4,106641.0,43585.62,32416.74,422.17,977.1
21352,150278.23,81622.0,33843.992,7983.95,278.73,977.1
21353,179138.4,95660.0,26396.34,7340.39,159.74,977.1
21354,185600.8,98264.0,43601.19,18139.05,317.85,977.1
21355,262143.0,108831.0,72326.11,13867.68,578.65,977.2
21356,212670.08,108068.0,33786.9,32413.281,397.72,977.2
21357,232964.48,102079.0,52865.34,20806.71,422.17,977.3
21358,128623.04,77133.0,28216.3,8819.54,270.58,977.3
21359,160341.44,81449.0,34276.492,13386.74,132.03,977.4
21360,208916.95,99023.0,51564.38,13711.98,378.16,977.4
21361,224416.64,105861.0,43473.17,9893.87,428.69,977.5
21362,143130.4,77540.0,45078.61,33032.62,350.45,977.6
21363,133080.64,80547.0,34357.8,22272.02,291.77,977.6
21364,219319.52,104534.0,43575.242,18265.34,347.19,977.7
21365,262143.0,102625.0,72442.02,31821.621,611.25,977.7
21366,191412.48,96344.0,32601.85,13841.73,249.39,977.7
21367,192675.84,99965.0,37546.19,19076.71,211.9,977.8
21368,9364.32,9631.0,626.26,558.79,48.9,977.8
21369,141802.08,78389.0,36355.95,14935.09,262.43,977.9
21370,262143.0,102577.0,74223.92,32956.5,554.2,977.9
21371,181526.23,88748.0,37944.09,18398.55,334.15,977.9
21372,215992.0,106928.0,51552.27,30207.531,484.11,978.0
21373,166694.08,100733.0,25408.51,8684.6,195.6,978.0
21374,187850.88,88888.0,43125.44,31089.83,366.75,978.0
21375,54001.92,31994.0,26892.85,224.90001,342.3,978.1
21376,179902.23,102050.0,33323.26,11205.21,295.03,978.1
21377,234220.0,104804.0,40104.86,26524.36,301.55,978.2
21378,174065.92,100282.0,28794.121,10554.73,167.89,978.3
21379,171037.44,93105.0,28401.41,15426.41,322.74,978.4
21380,151079.05,87261.0,24918.92,15431.601,211.9,978.4
21381,217061.6,99701.0,54031.36,23251.201,314.59,978.5
21382,164336.48,84230.0,36700.22,19377.73,308.07,978.5
21383,153927.2,88351.0,40909.31,10248.5205,247.76,978.6
21384,262143.0,79157.0,67030.58,31788.75,529.75,978.6
21385,184927.69,94170.0,36103.37,6902.7,306.44,978.6
21386,198044.0,103104.0,25302.98,5920.06,246.13,978.7
21387,95957.12,48645.0,39677.55,202.41,373.27,978.7
21388,35656.32,24105.0,19995.34,46.71,179.3,978.7
21389,160615.84,86756.0,36970.1,28043.3,361.86,978.9
21390,182491.69,96648.0,26650.65,20661.39,319.48,978.9
21391,229387.2,103973.0,38572.082,31292.24,347.19,979.0
21392,177225.44,84240.0,56135.04,18085.42,417.28,979.1
21393,163616.33,89901.0,31072.531,9532.3,270.58,979.2
21394,184686.88,100397.0,35482.3,7606.81,311.33,979.2
21395,199894.23,100685.0,42698.13,19251.44,433.58,979.3
21396,198488.64,104674.0,29659.121,11310.74,301.55,979.3
21397,209247.36,100984.0,36400.93,12549.42,399.35,979.4
21398,205410.23,106393.0,43912.59,7451.11,295.03,979.4
21399,163569.28,95517.0,38954.41,16504.2,224.94,979.5
21400,162998.08,90744.0,26060.72,12693.01,94.54,979.5
21401,184604.0,91625.0,27486.24,22019.44,252.65,979.5
21402,174189.12,96235.0,22484.81,25152.47,334.15,979.6
21403,164535.84,87916.0,37670.75,13288.13,171.15,979.7
21404,76842.08,43040.0,35056.72,190.3,285.25,979.7
21405,183814.4,103753.0,27389.36,9274.53,158.11,979.7
21406,191708.16,92781.0,45312.16,25334.121,423.8,979.7
21407,205317.28,99812.0,34837.01,17324.22,330.88998,979.8
21408,204545.6,99525.0,51265.09,14403.98,404.24,979.8
21409,142651.05,75497.0,71883.234,14322.67,562.35,979.8
21410,232170.4,106432.0,44824.3,22410.42,400.98,979.9
21411,204153.6,100551.0,27660.97,16691.041,185.81999,979.9
21412,220795.69,97160.0,49469.35,15083.87,410.76,979.9
21413,179015.2,101838.0,24962.17,9340.2705,244.5,980.0
21414,151555.05,75433.0,63876.79,40933.53,528.12,980.1
21415,158299.69,88696.0,36380.17,17473.0,246.13,980.1
21416,221749.92,107465.0,45604.53,15659.96,229.83,980.1
21417,231756.0,111089.0,39187.96,39829.79,381.42,980.2
21418,262143.0,105124.0,74990.31,43132.36,674.82,980.2
21419,177770.88,91140.0,38665.5,10843.64,171.15,980.2
21420,262143.0,93227.0,73030.22,34587.89,534.64,980.3
21421,184505.44,101042.0,29228.35,13097.83,202.12,980.3
21422,168962.08,88481.0,28072.71,26794.24,268.95,980.3
21423,183002.4,81055.0,42139.34,16355.42,303.18,980.3
21424,228994.08,107911.0,35330.06,19856.94,278.73,980.4
21425,206571.69,101148.0,37317.832,27332.27,202.12,980.5
21426,69972.0,43677.0,41142.86,254.31,296.66,980.5
21427,202983.2,111114.0,50097.34,13646.24,290.13998,980.5
21428,80522.4,50160.0,27858.19,287.18,293.4,980.5
21429,196543.2,108013.0,41475.02,17246.371,268.95,980.5
21430,170989.28,97744.0,29399.621,7011.69,130.4,980.6
21431,181158.88,96829.0,20180.451,9627.45,159.74,980.6
21432,262143.0,104489.0,68191.414,17647.73,430.32,980.6
21433,190600.48,94848.0,47426.22,16159.931,360.23,980.7
21434,168540.95,89965.0,46260.2,23334.24,384.68,980.7
21435,181096.16,94735.0,43317.47,13229.311,255.91,980.7
21436,209189.12,107372.0,33435.71,15677.26,280.36,980.8
21437,215827.36,102033.0,35677.79,14403.98,197.23,980.8
21438,163611.84,84216.0,39658.52,23143.94,347.19,980.8
21439,125222.72,74709.0,39630.84,6958.06,296.66,980.9
21440,155266.72,76613.0,47158.07,16813.871,352.08,980.9
21441,170402.4,91152.0,31174.6,15206.7,257.54,980.9
21442,198224.33,100608.0,43338.23,20446.871,420.54,980.9
21443,238061.6,96133.0,44514.63,20715.02,221.68,980.9
21444,60384.8,10144.0,77789.45,216.25,562.35,981.0
21445,185259.2,94047.0,37691.51,28714.541,368.38,981.0
21446,259397.6,109230.0,61901.13,23654.291,392.83,981.1
21447,239125.6,118233.0,51304.88,19875.97,231.46,981.1
21448,5838.56,5573.0,4198.71,58.82,27.71,981.1
21449,219661.12,103372.0,55925.71,10070.33,358.6,981.2
21450,155421.28,90895.0,46611.39,12774.32,400.98,981.2
21451,151652.48,89453.0,32088.041,5191.73,143.44,981.2
21452,240242.23,106080.0,31960.02,21119.84,308.07,981.2
21453,204351.84,102376.0,34774.73,16590.7,202.12,981.4
21454,200932.48,102877.0,52555.67,27385.9,259.17,981.4
21455,174924.95,96046.0,33420.14,14480.101,228.2,981.5
21456,180901.28,98410.0,32399.44,11072.0,275.47,981.5
21457,174392.95,92540.0,40750.152,16018.07,280.36,981.6
21458,196593.6,98749.0,22777.18,17087.21,260.8,981.6
21459,190288.0,100026.0,41594.39,11146.39,347.19,981.6
21460,211696.8,106028.0,35620.7,11132.55,316.22,981.6
21461,178073.28,90345.0,27010.49,20140.66,280.36,981.6
21462,211139.05,95392.0,70263.95,8077.37,417.28,981.6
21463,262143.0,117151.0,66499.47,38601.492,521.6,981.7
21464,135989.28,67656.0,50166.54,25228.59,464.55,981.7
21465,193943.69,94784.0,35525.55,26631.621,290.13998,981.7
21466,262143.0,91124.0,93252.19,50768.582,780.77,981.8
21467,208986.4,98428.0,51244.332,16357.15,427.06,981.8
21468,194950.56,103626.0,35435.59,15095.98,275.47,981.8
21469,191406.88,96387.0,42435.17,8561.7705,228.2,981.8
21470,195107.36,104455.0,40637.7,10141.26,166.26,981.8
21471,163973.6,95378.0,21533.31,9630.91,107.58,981.8
21472,210347.2,104979.0,45514.57,21441.621,281.99,981.9
21473,208199.05,88200.0,108663.03,52891.29,792.18,982.0
21474,219775.36,110373.0,42959.36,19959.01,311.33,982.0
21475,249467.69,112797.0,47282.63,13000.95,233.09,982.0
21476,183703.52,93360.0,35338.71,12798.54,153.22,982.1
21477,183043.84,93902.0,35042.88,17206.58,301.55,982.1
21478,229012.0,98708.0,49874.17,13694.68,462.92,982.1
21479,172504.64,89717.0,33958.17,15762.03,283.62,982.1
21480,183639.69,92240.0,34101.76,16608.0,207.01,982.1
21481,193103.69,90240.0,32603.58,21214.99,192.34,982.1
21482,247448.33,110007.0,56024.32,16524.96,472.7,982.1
21483,187253.92,94636.0,27557.17,25515.77,285.25,982.2
21484,188665.12,90794.0,50517.73,10670.64,407.5,982.2
21485,183711.36,89934.0,38476.93,20414.0,309.7,982.3
21486,147235.2,87425.0,26086.67,28897.92,290.13998,982.3
21487,169613.92,96509.0,27425.69,15071.76,272.21,982.3
21488,153396.33,89315.0,28659.18,10141.26,378.16,982.3
21489,197436.95,101359.0,38601.492,10532.24,332.52,982.3
21490,199816.95,102954.0,37219.22,18882.951,340.67,982.4
21491,262143.0,120341.0,43978.332,14267.311,469.44,982.4
21492,244515.05,102589.0,39848.82,36798.832,435.21,982.4
21493,171928.95,96388.0,44672.06,17004.17,285.25,982.5
21494,174453.44,98624.0,30321.71,10269.28,68.46,982.5
21495,262143.0,107589.0,119423.63,54155.92,1074.17,982.5
21496,219451.69,104442.0,33155.45,14222.33,260.8,982.5
21497,172032.0,89041.0,26166.25,20035.13,187.45,982.5
21498,158034.23,93536.0,23180.27,12367.7705,208.64,982.6
21499,185339.84,93591.0,28292.42,14153.13,223.31,982.6
21500,223280.97,108544.0,34667.47,13615.101,218.42,982.7
21501,201589.92,94745.0,24597.14,12551.15,174.41,982.7
21502,210310.23,103141.0,38492.5,22118.05,231.46,982.8
21503,215788.16,103404.0,61397.7,35532.47,371.63998,982.8
21504,172177.6,97717.0,29273.33,14959.311,159.74,983.0
21505,181425.44,96158.0,31854.49,9525.38,228.2,983.0
21506,159491.36,83778.0,31101.94,10279.66,275.47,983.1
21507,201183.36,104949.0,29261.22,12769.13,231.46,983.1
21508,172654.72,95553.0,31453.13,8163.87,247.76,983.2
21509,189465.92,91028.0,52846.312,11234.62,273.84,983.3
21510,179334.4,93245.0,32793.88,34876.8,216.79,983.3
21511,185886.4,90588.0,27846.08,22299.701,298.29,983.4
21512,168444.64,88139.0,54302.97,15320.88,314.59,983.4
21513,199646.72,94513.0,40080.64,34712.45,370.01,983.4
21514,177012.64,93319.0,45324.27,13173.95,330.88998,983.4
21515,201844.16,98852.0,59441.07,20021.291,374.9,983.4
21516,206506.72,102856.0,46561.22,29840.77,345.56,983.4
21517,207991.84,107899.0,31082.91,6748.73,182.56,983.4
21518,169752.8,84822.0,54079.8,32681.43,418.91,983.5
21519,262143.0,89945.0,61764.46,23770.201,497.15,983.5
21520,194107.2,94265.0,46822.45,13852.11,272.21,983.5
21521,177041.77,95009.0,30624.46,13513.03,259.17,983.5
21522,179126.08,100299.0,19983.23,16485.17,200.49,983.6
21523,184171.69,95518.0,28195.541,13981.86,193.97,983.6
21524,178801.28,92241.0,29826.93,12803.73,215.16,983.7
21525,232798.72,112649.0,66243.43,21597.32,454.77,983.7
21526,209120.8,99477.0,56827.04,14628.88,400.98,983.7
21527,189845.6,101665.0,33821.5,14357.2705,262.43,983.7
21528,170576.0,100911.0,25368.72,9802.18,224.94,983.7
21529,193737.6,94671.0,33340.56,19505.75,330.88998,983.8
21530,154484.95,83837.0,29880.56,12834.87,228.2,983.8
21531,245036.97,106828.0,98026.99,54481.16,837.82,983.8
21532,196575.69,100024.0,30487.791,15630.55,306.44,983.9
21533,223189.12,105352.0,28686.86,16312.17,254.28,983.9
21534,182526.4,96581.0,46242.902,9485.59,267.32,983.9
21535,225261.12,105772.0,50723.6,11504.5,330.88998,984.0
21536,247246.72,108821.0,61264.492,13725.82,506.93,984.0
21537,262143.0,108903.0,72615.02,48291.22,606.36,984.0
21538,211074.08,103309.0,61280.062,7374.99,374.9,984.0
21539,206073.28,106880.0,30486.06,8762.45,277.1,984.0
21540,262143.0,96093.0,76535.2,17483.38,687.86,984.0
21541,220032.95,104565.0,69182.7,12103.08,387.94,984.1
21542,205539.05,99012.0,52455.332,28295.88,427.06,984.1
21543,212262.4,99718.0,57095.19,14732.68,314.59,984.1
21544,262143.0,109468.0,93760.81,61032.67,1069.28,984.2
21545,262143.0,99647.0,83541.7,49526.44,710.68,984.2
21546,165372.48,83877.0,33387.27,31050.041,316.22,984.2
21547,178185.28,102805.0,43426.46,12942.13,278.73,984.2
21548,174176.8,96312.0,39021.88,10864.4,246.13,984.2
21549,74921.28,42293.0,28280.31,352.92,257.54,984.3
21550,200771.2,104877.0,39144.71,20275.6,195.6,984.3
21551,174064.8,90911.0,36511.652,13775.99,306.44,984.3
21552,246312.64,102192.0,78050.68,17329.41,474.33,984.3
21553,168369.6,97281.0,22822.16,11937.0,179.3,984.3
21554,187124.0,98580.0,50605.96,12590.94,329.26,984.3
21555,262143.0,104345.0,90027.47,31878.71,671.56,984.4
21556,224509.6,104521.0,60698.78,8580.8,466.18,984.4
21557,182787.36,93206.0,31072.531,16514.58,237.98,984.4
21558,61210.242,18974.0,43236.16,148.78,234.72,984.4
21559,262143.0,105176.0,41350.46,30726.531,373.27,984.4
21560,197364.16,104244.0,30349.39,13113.4,216.79,984.4
21561,186485.6,101677.0,42187.78,11866.07,616.14,984.4
21562,156610.72,89428.0,26271.781,11386.86,156.48,984.5
21563,215819.52,105021.0,35786.78,19000.59,322.74,984.5
21564,235999.69,111762.0,50178.652,13980.13,394.46,984.5
21565,195549.77,86988.0,51879.242,16192.8,264.06,984.6
21566,183787.52,95944.0,27155.81,19704.701,132.03,984.6
21567,230098.4,101678.0,34843.93,23137.02,273.84,984.6
21568,165481.12,94386.0,27083.15,14879.73,114.1,984.6
21569,221412.8,100276.0,46718.652,18450.451,420.54,984.6
21570,215662.72,109646.0,30230.02,21021.23,335.78,984.6
21571,262143.0,129181.0,166496.94,179381.97,1744.1,984.6
21572,226493.12,104579.0,62579.29,22142.27,404.24,984.7
21573,224792.97,99016.0,28833.91,29953.22,306.44,984.7
21574,232522.08,101823.0,62824.95,16682.39,317.85,984.7
21575,180864.33,89801.0,47763.57,22630.13,182.56,984.7
21576,244026.72,120789.0,77548.984,20860.34,570.5,984.8
21577,215686.23,96909.0,58250.832,24903.35,378.16,984.8
21578,166912.48,90200.0,31266.291,18884.68,247.76,984.8
21579,234063.2,109330.0,52842.85,26482.84,438.47,984.9
21580,192133.77,97831.0,24091.98,17863.98,281.99,984.9
21581,196207.2,92656.0,38668.96,21839.52,211.9,985.0
21582,262143.0,114636.0,116147.01,50732.25,963.33,985.0
21583,190288.0,103417.0,30947.97,13909.2,257.54,985.0
21584,182640.64,100496.0,32747.17,19984.96,260.8,985.0
21585,188696.48,96428.0,37701.89,13556.28,384.68,985.0
21586,170138.08,92832.0,26110.89,31596.72,260.8,985.0
21587,214284.0,97616.0,34337.04,15959.25,198.86,985.1
21588,220186.4,107291.0,37817.8,25872.15,255.91,985.1
21589,213790.08,107816.0,43525.07,16241.24,231.46,985.2
21590,171178.56,97613.0,30356.31,14331.32,314.59,985.2
21591,214501.28,103853.0,51657.8,15469.66,371.63998,985.2
21592,199852.8,98075.0,43360.72,17128.73,363.49,985.3
21593,223015.52,105250.0,35492.68,14793.23,229.83,985.3
21594,262143.0,112104.0,82130.02,12661.87,347.19,985.3
21595,194227.05,100784.0,38167.26,26970.701,379.79,985.3
21596,262143.0,108954.0,67762.37,51427.71,516.71,985.4
21597,251296.64,98933.0,73006.0,30422.05,550.94,985.4
21598,8449.28,7293.0,5463.34,121.1,319.48,985.4
21599,244968.64,107273.0,57609.0,24507.18,448.25,985.5
21600,198589.44,101957.0,43677.31,29160.88,285.25,985.5
21601,56100.8,15564.0,130338.2,584.74,531.38,985.5
21602,206408.16,101781.0,31321.65,17265.4,187.45,985.5
21603,161141.12,82765.0,36992.59,12981.92,299.92,985.5
21604,249440.8,102287.0,85541.58,11924.89,444.99,985.5
21605,189501.77,96008.0,31396.041,11113.5205,229.83,985.5
21606,208772.48,89025.0,54683.57,9867.92,415.65,985.5
21607,112450.24,72224.0,26617.781,17485.11,353.71,985.6
21608,182162.4,94424.0,27501.81,13670.46,273.84,985.6
21609,157237.92,87291.0,28562.3,17376.121,412.38998,985.7
21610,173476.8,96733.0,34996.17,17699.63,293.4,985.7
21611,15263.36,8941.0,31505.031,145.32,136.92,985.7
21612,95362.4,42646.0,54808.13,375.41,394.46,985.8
21613,161273.28,92441.0,36079.152,8414.72,435.21,986.0
21614,164831.52,93071.0,23730.41,6037.7,179.3,986.1
21615,179398.23,97748.0,31629.59,6826.58,236.35,986.2
21616,211410.08,99809.0,43921.242,23287.53,275.47,986.2
21617,205328.48,106246.0,27429.15,17261.94,158.11,986.2
21618,198633.12,100729.0,39610.082,31313.0,420.54,986.3
21619,153115.2,88077.0,24872.21,18398.55,306.44,986.4
21620,182528.64,98830.0,31600.18,18519.65,374.9,986.4
21621,241457.44,105816.0,65567.0,19630.31,353.71,986.5
21622,106526.56,73281.0,30205.8,17675.41,298.29,986.6
21623,130491.2,78521.0,27742.281,10177.59,280.36,986.7
21624,188573.28,99361.0,64641.45,13142.811,386.31,986.8
21625,135462.88,74314.0,44936.75,18244.58,353.71,986.8
21626,162359.69,90514.0,35418.29,21654.41,233.09,986.8
21627,145916.95,79566.0,46784.39,10106.66,316.22,986.9
21628,186742.08,98616.0,24963.9,13390.2,237.98,986.9
21629,164362.23,92601.0,25960.38,11184.45,293.4,987.0
21630,137952.64,73701.0,48360.42,11914.51,348.82,987.0
21631,186615.52,95752.0,33190.05,13139.351,213.53,987.1
21632,233721.6,106728.0,65091.25,39916.29,502.04,987.1
21633,245756.0,95763.0,59882.22,18061.201,547.68,987.2
21634,174618.08,92997.0,32804.26,6060.19,254.28,987.3
21635,172809.28,92404.0,23842.86,13227.58,153.22,987.3
21636,185128.16,91301.0,29515.531,28666.1,389.57,987.3
21637,178268.16,90431.0,33171.02,12390.26,293.4,987.4
21638,262143.0,112636.0,79702.83,41144.59,665.04,987.4
21639,188642.72,94657.0,41014.84,37496.02,203.75,987.4
21640,133047.05,85806.0,23745.98,10693.13,149.96,987.5
21641,155450.4,94794.0,17597.56,9670.7,203.75,987.5
21642,188652.8,101189.0,22477.89,17220.42,185.81999,987.5
21643,214057.77,100466.0,60105.39,9312.59,405.87,987.5
21644,191468.48,94154.0,53477.76,18780.88,449.88,987.5
21645,154426.72,86052.0,34250.54,17360.55,402.61,987.6
21646,98889.28,27585.0,36907.82,15737.811,321.11,987.6
21647,214150.72,97893.0,45415.96,18739.36,216.79,987.6
21648,206739.69,98245.0,33608.71,22858.49,278.73,987.7
21649,168316.95,76418.0,63951.18,51560.92,394.46,987.7
21650,186499.05,92018.0,42732.73,17498.95,304.81,987.7
21651,211201.77,101185.0,41722.41,29302.74,249.39,987.8
21652,166158.72,77052.0,45345.03,22000.41,415.65,987.8
21653,197933.12,99328.0,40971.59,17581.99,293.4,987.8
21654,262143.0,109872.0,42021.7,28754.33,324.37,987.8
21655,132404.16,73225.0,46749.79,41528.652,414.02,987.8
21656,262143.0,100660.0,52095.492,42141.07,577.02,987.8
21657,204846.88,93568.0,24344.56,9495.97,321.11,987.8
21658,262143.0,99212.0,72426.45,29736.97,652.0,987.9
21659,209577.77,96246.0,35527.28,19867.32,319.48,988.0
21660,193885.44,101644.0,34712.45,12409.29,207.01,988.0
21661,205645.44,94429.0,51297.96,17794.78,363.49,988.0
21662,125792.8,71409.0,45242.96,22567.85,373.27,988.1
21663,207999.69,98689.0,38426.76,22047.121,319.48,988.1
21664,200551.69,103173.0,35053.26,24770.14,308.07,988.2
21665,203397.6,100408.0,30890.88,18613.07,295.03,988.2
21666,262143.0,112796.0,61769.652,23263.31,303.18,988.2
21667,166019.84,89797.0,26892.85,12930.0205,286.88,988.2
21668,199980.48,107176.0,40836.652,9219.17,466.18,988.3
21669,205830.23,102798.0,47417.57,15073.49,304.81,988.3
21670,223237.28,110568.0,45438.45,23100.69,409.13,988.3
21671,212291.52,103764.0,45265.45,15405.65,374.9,988.3
21672,262143.0,107267.0,103990.305,20901.86,637.33,988.4
21673,194321.12,94429.0,43654.82,26197.39,387.94,988.4
21674,262143.0,107989.0,60610.55,28230.14,451.51,988.5
21675,151334.4,86232.0,36046.28,13822.7,228.2,988.5
21676,170976.95,98928.0,29076.11,13272.561,255.91,988.5
21677,188851.05,89013.0,30932.4,12187.851,118.99,988.5
21678,187173.28,95840.0,42497.45,23685.43,226.56999,988.5
21679,249427.36,113630.0,59231.742,36966.64,428.69,988.6
21680,188006.56,86869.0,65622.36,19514.4,583.54,988.6
21681,223084.97,97158.0,61856.152,21512.55,303.18,988.7
21682,172223.52,83731.0,32709.111,17282.7,285.25,988.7
21683,262143.0,101497.0,105360.46,37772.82,663.41,988.7
21684,262143.0,100443.0,84436.11,47253.22,461.29,988.7
21685,179968.33,90685.0,26223.34,11084.11,268.95,988.8
21686,159221.44,95437.0,25986.33,7760.7803,220.05,988.8
21687,166664.95,97073.0,22270.291,10554.73,260.8,988.8
21688,185392.48,91939.0,37392.22,13469.78,236.35,988.9
21689,62331.36,32929.0,20870.72,136.67,172.78,988.9
21690,166020.95,95272.0,21465.84,12795.08,202.12,989.0
21691,246225.28,106128.0,30569.1,21000.47,345.56,989.0
21692,199172.95,98558.0,50979.64,24730.35,392.83,989.0
21693,246834.56,105637.0,69667.1,32247.201,510.19,989.1
21694,178857.28,97274.0,49225.42,16651.25,438.47,989.1
21695,208988.64,104085.0,34285.14,18242.85,340.67,989.3
21696,152909.12,90724.0,33843.992,11113.5205,229.83,989.4
21697,179870.88,100624.0,30439.35,15149.61,306.44,989.4
21698,189930.72,102639.0,16922.86,10251.98,262.43,989.4
21699,184388.95,94168.0,27353.031,14824.37,267.32,989.4
21700,186743.2,103332.0,27752.66,15149.61,112.47,989.4
21701,194765.77,105214.0,37714.0,19739.3,370.01,989.5
21702,148837.92,86020.0,24560.81,10034.0,244.5,989.5
21703,200846.23,108617.0,26193.93,15009.48,123.88,989.5
21704,219008.16,99333.0,39999.332,20061.08,301.55,989.6
21705,179248.16,100804.0,25060.781,13538.98,317.85,989.6
21706,160031.2,85579.0,43903.94,26915.34,321.11,989.6
21707,261811.2,105641.0,60823.34,15723.97,451.51,989.7
21708,81701.76,45980.0,32743.71,107.26,242.87,989.7
21709,118307.84,67541.0,35087.86,15426.41,301.55,989.7
21710,214286.23,107772.0,43788.03,15353.75,373.27,989.8
21711,48128.64,28202.0,28939.44,223.17,265.69,989.8
21712,159893.44,92739.0,25764.89,15364.13,205.38,989.8
21713,66451.84,43292.0,24405.11,205.87,233.09,989.9
21714,197668.8,96389.0,53986.38,20725.4,383.05,989.9
21715,173826.23,94504.0,28871.97,18554.25,176.04,989.9
21716,101091.2,64280.0,27619.451,12912.72,270.58,989.9
21717,161469.28,92625.0,26045.15,15099.44,224.94,989.9
21718,196600.33,100275.0,29344.26,17459.16,146.7,990.0
21719,185792.33,95037.0,37445.85,14054.5205,270.58,990.0
21720,181571.05,90545.0,36080.88,21121.57,371.63998,990.0
21721,201016.48,92224.0,44803.54,15784.5205,339.04,990.0
21722,215081.44,86077.0,57512.12,25394.67,396.09,990.0
21723,187631.36,95477.0,38826.39,17646.0,189.08,990.0
21724,177868.33,99690.0,18521.38,21697.66,293.4,990.0
21725,220376.8,109790.0,31596.72,23557.41,306.44,990.1
21726,211401.12,99809.0,37150.02,17865.71,254.28,990.1
21727,147323.69,91121.0,22246.07,14263.851,71.72,990.1
21728,262143.0,109512.0,69810.69,24088.52,612.88,990.2
21729,160784.95,78223.0,36906.09,21230.56,303.18,990.2
21730,156542.4,85962.0,29529.371,8715.74,221.68,990.2
21731,190579.2,97562.0,34411.43,23617.96,340.67,990.3
21732,214639.05,103864.0,39030.53,26060.72,396.09,990.3
21733,184565.92,94492.0,38418.11,12028.69,311.33,990.3
21734,217439.05,106409.0,29204.13,14756.9,242.87,990.3
21735,154369.6,90299.0,24451.82,12571.91,264.06,990.4
21736,262143.0,107716.0,98238.055,48946.89,933.99,990.4
21737,175598.08,91066.0,31179.791,16633.95,247.76,990.4
21738,187746.72,98960.0,29086.49,16808.68,213.53,990.5
21739,149959.05,87556.0,30816.49,7233.13,107.58,990.5
21740,185624.33,94718.0,33321.53,21692.47,361.86,990.5
21741,262143.0,91088.0,63364.71,34200.37,547.68,990.5
21742,178104.64,99148.0,21692.47,15381.43,136.92,990.5
21743,247436.0,114445.0,48997.06,9066.93,301.55,990.5
21744,244525.12,112147.0,49713.28,16485.17,288.51,990.5
21745,171064.33,96323.0,15824.311,6203.7803,123.88,990.6
21746,194804.95,102390.0,49652.73,10597.98,298.29,990.6
21747,56780.64,24667.0,122618.94,150.51,647.11,990.6
21748,175053.77,101662.0,24590.22,14519.891,179.3,990.6
21749,262143.0,99236.0,165519.48,49740.96,1483.3,990.6
21750,116337.76,49144.0,41518.27,456.72,427.06,990.6
21751,182077.28,98512.0,32532.65,25292.6,255.91,990.6
21752,83061.44,44540.0,33084.52,230.09,255.91,990.6
21753,127515.36,71228.0,32755.82,16545.72,322.74,990.7
21754,227782.23,98308.0,58849.41,17389.96,464.55,990.7
21755,182247.52,99857.0,29756.0,15734.351,154.85,990.7
21756,221804.8,106013.0,52069.54,14675.59,422.17,990.7
21757,262143.0,98814.0,102898.67,39357.5,798.7,990.8
21758,128030.56,76149.0,26332.33,6783.33,185.81999,990.9
21759,205941.12,100440.0,35101.7,11905.86,205.38,990.9
21760,54265.12,33613.0,30622.73,288.91,296.66,990.9
21761,224253.12,101100.0,29460.17,12731.07,202.12,990.9
21762,205600.64,64649.0,44978.27,16291.41,370.01,990.9
21763,200229.12,99501.0,42080.52,18990.21,221.68,990.9
21764,262143.0,109720.0,141057.28,65608.52,979.63,990.9
21765,258743.52,109806.0,63959.832,32684.89,440.1,990.9
21766,201803.84,94655.0,33946.06,13461.13,260.8,990.9
21767,206232.33,101670.0,39758.86,19033.46,273.84,991.0
21768,205994.88,100972.0,54022.71,28595.17,394.46,991.0
21769,176908.48,94788.0,41435.23,20375.94,298.29,991.0
21770,160769.28,95807.0,27477.59,14568.33,306.44,991.0
21771,211691.2,87467.0,131876.17,32027.49,1393.65,991.0
21772,175620.48,97629.0,30532.77,7741.75,130.4,991.0
21773,230871.2,97225.0,52195.832,20647.55,373.27,991.0
21774,262143.0,101096.0,40719.01,25806.41,461.29,991.1
21775,205847.05,101258.0,28455.041,11189.64,141.81,991.1
21776,262143.0,106943.0,67900.77,23453.61,756.32,991.1
21777,262143.0,100321.0,77332.734,29909.97,668.3,991.1
21778,207062.23,105736.0,35684.71,9639.561,231.46,991.1
21779,169611.69,53012.0,129481.85,8350.71,1258.36,991.1
21780,31865.121,6324.0,186948.98,525.92,1010.6,991.1
21781,204106.56,98748.0,26896.31,13833.08,259.17,991.1
21782,229700.8,104472.0,31524.06,27489.701,252.65,991.1
21783,262143.0,95545.0,117941.02,68065.12,1168.71,991.2
21784,206368.95,92921.0,42511.29,16087.2705,290.13998,991.2
21785,213021.77,98444.0,30212.72,24111.01,174.41,991.2
21786,193839.52,97305.0,34160.582,19305.07,329.26,991.3
21787,233835.84,101660.0,97592.76,21747.83,754.69,991.3
21788,262143.0,93627.0,71673.9,33485.88,568.87,991.4
21789,196781.77,84537.0,45092.45,19484.99,291.77,991.4
21790,215668.33,105376.0,42987.04,15447.17,242.87,991.4
21791,247026.08,103961.0,46490.29,12874.66,366.75,991.5
21792,147165.77,83181.0,29192.02,24602.33,264.06,991.5
21793,169938.72,94525.0,23604.121,18607.88,29.34,991.5
21794,187942.72,104504.0,28851.21,10028.811,185.81999,991.5
21795,227931.2,113944.0,44800.082,25559.02,340.67,991.6
21796,87956.96,51092.0,40544.28,17588.91,272.21,991.6
21797,55854.4,13080.0,133415.88,280.26,1052.98,991.7
21798,151963.84,94413.0,16275.84,14345.16,172.78,991.7
21799,209043.52,93621.0,45995.51,17819.0,296.66,991.7
21800,151948.16,65641.0,35046.34,20296.36,299.92,991.8
21801,203594.72,91968.0,30345.93,14749.98,220.05,991.8
21802,175035.84,91399.0,33238.492,9912.9,180.93,991.9
21803,216863.36,107741.0,58980.89,10194.89,422.17,991.9
21804,48048.0,11680.0,100023.414,212.79001,666.67,991.9
21805,262143.0,104028.0,83858.29,26029.58,471.07,992.0
21806,207449.77,106406.0,38969.98,18478.13,330.88998,992.0
21807,198346.4,93531.0,39796.92,14675.59,224.94,992.1
21808,208470.08,97847.0,26771.75,24081.6,220.05,992.1
21809,218525.44,106208.0,38023.67,13609.91,241.24,992.1
21810,207646.88,91023.0,47126.93,13016.5205,495.52,992.1
21811,179229.12,98572.0,26207.77,10059.95,237.98,992.1
21812,173162.08,93013.0,38489.04,14168.7,405.87,992.1
21813,203620.48,98561.0,38681.07,18889.871,236.35,992.2
21814,193719.69,103845.0,36701.95,25806.41,299.92,992.2
21815,194918.08,94375.0,47661.5,20078.38,237.98,992.2
21816,209559.84,106049.0,38558.242,16104.57,436.84,992.2
21817,152705.28,87096.0,24934.49,15741.2705,229.83,992.3
21818,211996.95,93658.0,69341.86,7944.16,542.79,992.3
21819,232388.8,105548.0,57505.2,3515.36,399.35,992.3
21820,154123.2,88356.0,24365.32,22415.61,239.61,992.3
21821,149927.69,89047.0,24406.84,5676.13,228.2,992.3
21822,262143.0,105074.0,120722.86,62752.29,815.0,992.3
21823,225378.72,106036.0,46391.68,16649.52,376.53,992.4
21824,262143.0,132117.0,124276.28,82839.32,1092.1,992.4
21825,174854.4,93712.0,44478.3,13440.37,443.36,992.4
21826,159816.16,92304.0,37897.38,3949.59,251.02,992.4
21827,173306.56,88998.0,41224.17,17095.86,231.46,992.4
21828,183163.69,94833.0,25664.55,14909.141,329.26,992.4
21829,222794.88,101073.0,34819.71,15097.71,234.72,992.4
21830,141400.0,83168.0,31778.371,10217.38,161.37,992.4
21831,240418.08,111114.0,41431.77,15357.21,208.64,992.5
21832,185837.12,94304.0,47540.402,17819.0,387.94,992.6
21833,225720.33,105817.0,46450.5,21234.02,383.05,992.6
21834,199712.8,94732.0,61273.14,43914.32,425.43,992.7
21835,209964.16,99660.0,26015.74,18400.28,148.33,992.7
21836,155771.84,87281.0,34271.3,29252.57,277.1,992.7
21837,185288.33,94424.0,25785.65,10471.69,241.24,992.9
21838,215352.48,97526.0,54320.27,20360.371,396.09,993.0
21839,172194.4,80485.0,39158.55,18972.91,257.54,993.0
21840,214464.33,95540.0,58648.73,23801.34,387.94,993.0
21841,130992.96,74093.0,26373.85,19609.55,229.83,993.0
21842,179005.12,95890.0,36646.59,12949.05,241.24,993.0
21843,187661.6,99649.0,29083.031,13786.37,355.34,993.2
21844,209567.69,107940.0,38954.41,9912.9,255.91,993.2
21845,216124.16,101296.0,35316.22,16597.621,299.92,993.3
21846,161763.84,89881.0,26731.96,19595.71,273.84,993.4
21847,204846.88,103668.0,39634.3,16225.67,260.8,993.5
21848,18145.12,16332.0,2442.76,15.57,29.34,993.5
21849,227526.88,105085.0,68201.79,42173.94,572.13,993.5
21850,190600.48,98225.0,30304.41,16135.71,205.38,993.5
21851,150643.36,82964.0,39506.28,13085.72,285.25,993.6
21852,197710.23,96271.0,38305.66,10383.46,251.02,993.6
21853,88851.84,58111.0,51709.7,711.03,430.32,993.6
21854,171300.64,84537.0,60951.36,21801.46,365.12,993.7
21855,242419.52,106248.0,40393.77,20464.17,233.09,993.8
21856,73629.92,52037.0,31750.69,214.52,200.49,993.9
21857,171081.12,98622.0,33459.93,12359.12,195.6,994.0
21858,177854.88,103960.0,21740.91,12532.12,221.68,994.0
21859,186929.12,97906.0,21240.94,9034.061,223.31,994.1
21860,230789.44,97795.0,39203.53,18433.15,226.56999,994.1
21861,27076.0,16741.0,3807.73,19.03,44.01,994.2
21862,197195.05,67965.0,112654.14,44417.75,912.8,994.2
21863,205178.4,72659.0,65494.34,11565.05,373.27,994.3
21864,229268.48,108564.0,46400.332,45742.93,404.24,994.4
21865,225232.0,108290.0,48464.22,32970.34,348.82,994.4
21866,19799.36,12007.0,9672.43,136.67,53.79,994.4
21867,262143.0,100877.0,56373.78,40924.88,415.65,994.5
21868,99818.88,58985.0,27814.94,17265.4,189.08,994.5
21869,221654.72,107280.0,49400.152,8892.2,384.68,994.6
21870,215427.52,93208.0,42666.992,16919.4,306.44,994.6
21871,251974.23,115788.0,52726.94,29565.701,361.86,994.8
21872,161573.44,97168.0,18273.99,11852.23,156.48,994.8
21873,214849.6,111944.0,26344.44,12675.71,215.16,994.8
21874,141515.36,86408.0,17696.17,7869.77,76.61,994.9
21875,142927.69,83918.0,32103.611,13950.72,381.42,995.0
21876,223566.56,104817.0,37061.79,12040.8,337.41,995.0
21877,197333.92,101004.0,31466.97,16723.91,312.96,995.0
21878,168399.84,86432.0,45016.332,20208.13,420.54,995.0
21879,161890.4,95032.0,26045.15,9136.13,233.09,995.1
21880,102438.56,67889.0,20657.93,3058.6401,158.11,995.1
21881,172949.28,91098.0,34508.31,8528.9,257.54,995.1
21882,177689.12,95600.0,26283.89,6855.99,114.1,995.2
21883,194360.33,92600.0,53105.812,27031.25,386.31,995.2
21884,134974.56,78609.0,26887.66,18981.56,273.84,995.2
21885,159715.36,93873.0,30617.541,15317.42,161.37,995.2
21886,151334.4,69179.0,44962.7,53751.1,593.32,995.2
21887,176240.95,97041.0,32914.98,11385.13,280.36,995.3
21888,198296.0,94392.0,65750.38,57086.54,510.19,995.3
21889,217772.8,111441.0,30589.86,13886.71,356.97,995.3
21890,168212.8,94761.0,31338.951,19820.61,298.29,995.4
21891,256847.36,114940.0,62087.97,14635.8,373.27,995.4
21892,168162.4,97673.0,16697.96,7622.38,94.54,995.4
21893,26848.64,23817.0,55424.01,759.47003,3799.53,995.5
21894,174556.48,97204.0,32978.992,10760.601,259.17,995.5
21895,214497.92,102748.0,44294.92,24154.26,347.19,995.5
21896,187471.2,76591.0,85325.33,50220.17,751.43,995.5
21897,152172.16,81805.0,32875.19,6899.24,141.81,995.6
21898,180850.88,103451.0,42360.78,14744.79,361.86,995.6
21899,186488.95,96277.0,39354.04,22007.33,304.81,995.6
21900,229868.8,95815.0,86968.83,22775.451,867.16,995.6
21901,228187.69,106729.0,45438.45,5542.92,311.33,995.6
21902,262143.0,138917.0,92407.95,48497.09,748.17,995.7
21903,262143.0,97395.0,104784.375,50604.23,1022.01,995.7
21904,220595.2,106368.0,45450.56,12686.09,321.11,995.7
21905,147868.0,84128.0,23685.43,14824.37,118.99,995.8
21906,181771.52,95765.0,28157.48,11471.63,159.74,995.8
21907,218074.08,109983.0,22458.86,19730.65,223.31,995.9
21908,227153.92,115267.0,33985.85,11855.69,255.91,995.9
21909,74430.72,35749.0,48336.2,207.6,368.38,995.9
21910,121328.484,68500.0,31039.66,21597.32,309.7,996.0
21911,262143.0,115605.0,71464.57,27361.68,462.92,996.1
21912,136892.0,79556.0,30200.61,4939.15,190.71,996.1
21913,197206.23,104821.0,45957.45,29112.44,415.65,996.1
21914,175455.84,93222.0,35420.02,14139.29,309.7,996.1
21915,185881.92,87253.0,54228.582,4003.22,324.37,996.1
21916,184720.48,98204.0,36272.91,19927.871,277.1,996.2
21917,202921.6,91251.0,58598.562,29474.01,440.1,996.2
21918,207248.16,103835.0,40310.73,13775.99,280.36,996.3
21919,157017.28,91219.0,20756.541,14640.99,187.45,996.3
21920,195798.4,102220.0,37760.71,17123.541,303.18,996.3
21921,150220.0,75372.0,76898.5,13011.33,515.08,996.3
21922,172670.4,89623.0,97487.234,7219.29,508.56,996.4
21923,185030.72,97131.0,37848.94,16708.34,343.93,996.4
21924,184110.08,99109.0,33408.03,17197.93,226.56999,996.4
21925,199424.95,90548.0,53590.21,22957.1,355.34,996.5
21926,243147.52,109601.0,55287.34,20154.5,418.91,996.5
21927,200466.56,101165.0,43281.14,19483.26,353.71,996.5
21928,177955.69,96003.0,20261.76,12206.88,171.15,996.5
21929,37623.04,29192.0,15168.641,250.85,115.73,996.6
21930,223536.33,105761.0,46896.84,18751.47,410.76,996.6
21931,8410.08,8390.0,655.67,607.23,-9.78,996.7
21932,213393.6,104916.0,30617.541,19407.14,283.62,996.7
21933,209636.0,103520.0,35586.1,7331.74,353.71,996.7
21934,190273.44,101837.0,26986.27,14473.18,156.48,996.8
21935,164333.12,94436.0,34011.8,9174.19,189.08,996.8
21936,241525.77,108644.0,43988.71,13288.13,278.73,996.9
21937,204578.08,95541.0,44322.6,32397.71,347.19,996.9
21938,182281.12,98157.0,26783.86,16978.22,246.13,996.9
21939,260272.33,92252.0,79128.47,53232.1,604.73,997.0
21940,195804.0,95313.0,59015.492,15706.67,265.69,997.1
21941,211955.52,104177.0,39196.61,19042.11,251.02,997.1
21942,204124.48,103325.0,41175.73,16870.96,326.0,997.2
21943,208479.05,96944.0,39717.34,9750.28,316.22,997.3
21944,189482.72,98970.0,24380.89,17024.93,296.66,997.4
21945,231495.05,110483.0,69454.31,25429.27,394.46,997.5
21946,151959.36,99605.0,15611.5205,17616.59,202.12,997.6
21947,189558.88,95616.0,45649.51,11646.36,249.39,997.6
21948,189956.48,96117.0,23460.53,14762.09,161.37,997.6
21949,262143.0,87672.0,101763.79,68061.664,1326.82,997.6
21950,179730.88,96233.0,21017.77,16011.15,202.12,997.8
21951,234632.16,102549.0,71831.33,36795.37,580.27997,997.8
21952,195566.56,108285.0,25702.61,28598.63,262.43,997.9
21953,220850.56,98833.0,44488.68,22865.41,374.9,998.0
21954,177189.6,92584.0,38684.53,16343.311,278.73,998.2
21955,181426.56,92069.0,44659.95,16691.041,379.79,998.3
21956,187111.69,100849.0,28605.55,5975.42,156.48,998.4
21957,165068.95,89449.0,42037.27,17986.81,319.48,998.5
21958,174773.77,84755.0,40264.02,16479.98,242.87,998.5
21959,185050.88,98454.0,31356.25,18400.28,167.89,998.6
21960,152567.52,89845.0,29022.48,13244.88,197.23,998.7
21961,161965.44,93085.0,24495.07,11352.26,136.92,998.7
21962,211599.36,105284.0,40345.332,31134.81,295.03,998.9
21963,214717.44,97987.0,61051.7,27577.93,407.5,999.0
21964,184567.05,100525.0,27020.871,14942.01,260.8,999.1
21965,210794.08,98333.0,32425.39,28342.59,262.43,999.2
21966,90420.96,56568.0,27441.26,19355.24,223.31,999.2
21967,147809.77,91972.0,25131.71,8110.24,172.78,999.2
21968,155776.33,88341.0,28031.19,12724.15,275.47,999.3
21969,133348.33,75901.0,18820.67,19782.55,254.28,999.4
21970,157460.8,93093.0,27365.14,15528.48,350.45,999.5
21971,161857.92,97185.0,26218.15,6304.12,177.67,999.5
21972,170348.64,92244.0,32255.85,6153.61,187.45,999.5
21973,188716.64,103949.0,32690.08,13891.9,378.16,999.6
21974,168122.08,93280.0,22445.02,14116.8,107.58,999.6
21975,191540.16,104181.0,29960.14,15478.311,319.48,999.6
21976,176176.0,99089.0,26379.041,15609.79,190.71,999.6
21977,141125.6,88124.0,24190.59,14096.04,221.68,999.6
21978,145729.92,86024.0,20706.371,19055.951,177.67,999.7
21979,145033.28,90037.0,25956.92,10620.47,262.43,999.7
21980,225428.0,104453.0,33812.85,16542.26,384.68,999.8
21981,169260.0,96568.0,24372.24,8741.69,197.23,999.8
21982,213663.52,91911.0,57801.03,23609.31,334.15,999.8
21983,170134.72,94888.0,28948.09,11743.24,163.0,999.8
21984,193696.16,97363.0,40521.79,8989.08,213.53,999.8
21985,197426.88,96970.0,32790.42,16633.95,324.37,999.8
21986,126216.164,61723.0,49820.54,2236.8901,612.88,999.9
21987,164403.69,96836.0,27788.99,13428.26,135.29,999.9
21988,130501.28,78621.0,28974.041,15492.15,237.98,999.9
21989,195443.36,102980.0,28250.9,24358.4,200.49,999.9
21990,251756.97,98790.0,74524.94,13250.07,347.19,999.9
21991,167406.4,95464.0,23496.86,7587.7803,200.49,1000.0
21992,163107.84,93894.0,30224.83,6881.94,211.9,1000.0
21993,176198.4,87393.0,46045.68,13058.04,151.59,1000.0
21994,214342.23,112451.0,44464.46,15597.68,295.03,1000.0
21995,139438.88,79321.0,33596.6,8596.37,149.96,1000.1
21996,184484.16,96597.0,20244.46,9812.561,265.69,1000.1
21997,214172.0,107903.0,40668.84,19299.88,143.44,1000.1
21998,185868.48,94793.0,47440.06,17414.18,324.37,1000.1
21999,54350.24,38848.0,30136.6,237.01001,984.52,1000.1
22000,181223.84,94785.0,34650.17,10115.311,264.06,1000.2
22001,243190.08,106281.0,57115.95,27794.18,414.02,1000.2
22002,18868.64,5929.0,28821.8,121.1,132.03,1000.2
22003,262143.0,105228.0,100329.625,41938.66,749.8,1000.2
22004,156051.84,91105.0,24690.56,9212.25,184.19,1000.3
22005,187955.05,92921.0,31610.56,12065.0205,402.61,1000.3
22006,160873.44,96973.0,21244.4,13511.3,221.68,1000.3
22007,262143.0,100689.0,58672.95,23123.18,546.05,1000.4
22008,135492.0,65709.0,40134.27,8971.78,441.73,1000.4
22009,211635.2,99575.0,53181.93,34361.26,335.78,1000.5
22010,230408.64,103092.0,50576.55,18504.08,316.22,1000.5
22011,198730.56,99464.0,30420.32,17824.19,195.6,1000.5
22012,262143.0,108394.0,95352.414,47075.03,883.46,1000.5
22013,183140.16,104264.0,50538.492,21114.65,342.3,1000.5
22014,252772.8,107738.0,67393.88,13583.96,376.53,1000.6
22015,182192.64,102381.0,29629.71,13983.59,316.22,1000.6
22016,162856.95,94096.0,29207.59,11414.54,153.22,1000.6
22017,156449.44,90864.0,33478.96,12372.96,330.88998,1000.6
22018,42437.92,24176.0,11250.19,-13.84,140.18,1000.6
22019,233455.05,103257.0,47881.21,9307.4,290.13998,1000.6
22020,184592.8,99466.0,28634.96,11942.19,169.52,1000.7
22021,184242.23,90189.0,44390.07,15983.47,363.49,1000.7
22022,262143.0,96125.0,90496.305,34413.16,510.19,1000.7
22023,262143.0,99864.0,90250.64,40129.082,599.84,1000.7
22024,172024.16,91008.0,42032.082,15011.21,309.7,1000.7
22025,221486.72,101093.0,50541.95,25046.94,210.27,1000.7
22026,158698.4,90833.0,18441.8,9703.57,138.55,1000.8
22027,181369.44,92774.0,40632.51,13360.79,242.87,1000.8
22028,161169.12,96176.0,34951.19,7392.29,259.17,1000.8
22029,129909.92,64418.0,66066.97,555.33,586.8,1000.9
22030,254948.97,110132.0,73530.19,24477.77,500.41,1000.9
22031,71301.44,40393.0,33660.61,228.36,335.78,1001.0
22032,82324.48,51123.0,26282.16,124.56,161.37,1001.6
22033,10039.68,9984.0,430.77002,536.3,-13.04,1001.7
22034,21516.32,9898.0,36584.31,15.57,161.37,1002.2
22035,141638.56,88081.0,18965.99,10938.79,136.92,1002.4
22036,166232.64,95959.0,21860.28,11009.72,61.94,1002.4
22037,193893.28,96333.0,35042.88,17694.44,306.44,1002.4
22038,133554.4,80145.0,15995.58,15642.66,281.99,1002.5
22039,182203.84,95276.0,40699.98,8632.7,254.28,1002.5
22040,210716.8,97232.0,37115.42,19870.78,267.32,1002.6
22041,152131.84,90047.0,16274.11,13360.79,220.05,1002.6
22042,186978.4,94501.0,39637.76,10468.23,280.36,1002.7
22043,152735.52,88401.0,27297.67,16403.86,239.61,1002.7
22044,144248.16,81009.0,28195.541,24867.02,374.9,1002.8
22045,222168.8,105768.0,61669.312,18713.41,389.57,1002.8
22046,174445.6,94145.0,31674.57,30005.121,218.42,1002.8
22047,116256.0,72492.0,22867.14,14365.92,259.17,1002.9
22048,88017.44,52181.0,25761.43,349.46,275.47,1003.0
22049,187545.12,99260.0,33392.46,13507.84,193.97,1003.1
22050,196434.56,100795.0,31383.93,19690.86,210.27,1003.1
22051,200559.52,104666.0,48050.75,25353.15,386.31,1003.1
22052,146088.33,79131.0,38577.27,9136.13,159.74,1003.1
22053,11578.56,8832.0,21214.99,114.18,44.01,1003.2
22054,248123.69,89393.0,91506.62,18263.61,604.73,1003.3
22055,29703.52,9715.0,43092.57,264.69,267.32,1003.3
22056,130978.4,75388.0,28737.031,13862.49,176.04,1003.4
22057,204124.48,102565.0,31835.46,17665.03,241.24,1003.5
22058,149635.36,68766.0,58096.86,5056.79,324.37,1003.5
22059,199605.28,108453.0,19798.121,12821.03,293.4,1003.6
22060,151943.69,92725.0,21164.82,14007.811,221.68,1003.7
22061,163161.6,90764.0,32003.27,10779.63,251.02,1003.7
22062,149994.88,88499.0,57401.402,17405.53,713.94,1003.8
22063,193488.95,98246.0,41815.832,15388.351,394.46,1003.8
22064,200809.28,101883.0,31295.701,11414.54,244.5,1003.9
22065,211592.64,108584.0,32133.02,17478.19,303.18,1003.9
22066,229696.33,104192.0,46806.88,12988.84,417.28,1003.9
22067,239392.16,112809.0,31688.41,31229.96,257.54,1004.0
22068,149963.52,85928.0,26553.77,12810.65,270.58,1004.0
22069,141963.36,83613.0,20917.43,7310.98,163.0,1004.0
22070,91484.96,59401.0,30472.22,207.6,229.83,1004.1
22071,195899.2,104032.0,32416.74,22484.81,197.23,1004.1
22072,226422.56,102132.0,70234.54,32307.75,451.51,1004.2
22073,140323.69,82754.0,24062.57,17908.96,309.7,1004.2
22074,244740.16,105605.0,106984.93,57814.87,1103.51,1004.3
22075,161847.84,84549.0,31991.16,16576.86,171.15,1004.4
22076,179968.33,95228.0,27699.031,9404.28,220.05,1004.4
22077,171913.28,90185.0,100035.52,23922.44,757.95,1004.5
22078,184812.33,90041.0,58941.1,15390.08,324.37,1004.5
22079,182144.48,30141.0,262143.0,487.86002,1592.51,1004.5
22080,64650.88,42428.0,27750.93,174.73,192.34,1004.5
22081,101058.72,61096.0,15665.15,13807.13,135.29,1004.6
22082,26763.52,10395.0,77830.97,169.54001,599.84,1004.6
22083,226936.64,102724.0,45270.64,27887.6,296.66,1004.7
22084,196150.08,97608.0,31556.93,12360.851,281.99,1004.7
22085,157952.48,86489.0,28949.82,8271.13,275.47,1005.0
22086,172292.95,89374.0,33653.69,21675.17,334.15,1005.0
22087,112907.2,67354.0,27432.61,14928.17,262.43,1005.1
22088,143274.88,75317.0,32724.68,25597.08,159.74,1005.1
22089,218068.48,111809.0,40487.19,7224.48,329.26,1005.2
22090,229117.28,110646.0,29339.07,17746.34,244.5,1005.3
22091,123068.96,74057.0,16744.67,10582.41,97.8,1005.3
22092,244991.05,106135.0,22863.68,28084.82,365.12,1005.4
22093,171553.77,94672.0,32681.43,6471.93,229.83,1005.4
22094,176946.56,90811.0,30340.74,13907.47,184.19,1005.4
22095,204609.44,106272.0,43229.242,16153.01,418.91,1005.4
22096,217507.36,110364.0,24296.121,14874.54,216.79,1005.5
22097,201965.12,99505.0,43973.14,24097.17,337.41,1005.6
22098,189463.69,94072.0,39866.12,16639.14,233.09,1005.6
22099,179985.12,98830.0,37252.09,9809.101,177.67,1005.7
22100,188522.88,93944.0,31162.49,14739.601,241.24,1005.7
22101,181927.2,97598.0,30657.33,19493.64,220.05,1005.7
22102,180429.77,91460.0,28562.3,14405.71,207.01,1005.8
22103,184808.95,98132.0,26643.73,10544.351,109.21,1005.8
22104,244260.8,110249.0,41504.43,28612.47,376.53,1005.8
22105,225908.48,110181.0,45571.66,13210.28,348.82,1005.9
22106,218827.84,106976.0,39552.992,11928.351,223.31,1006.0
22107,147763.84,90720.0,17320.76,10950.9,182.56,1006.1
22108,145928.16,87513.0,22780.64,5188.27,44.01,1006.1
22109,190424.64,96590.0,36833.43,13250.07,161.37,1006.2
22110,130308.64,80390.0,25405.05,7565.29,107.58,1006.2
22111,143362.23,79832.0,92873.32,9495.97,681.34,1006.2
22112,161235.2,75533.0,34973.68,17713.47,309.7,1006.2
22113,184779.84,84112.0,88619.25,15151.34,599.84,1006.3
22114,165841.77,95300.0,29060.541,4740.2,229.83,1006.4
22115,207393.77,95228.0,54578.04,23649.1,355.34,1006.4
22116,25270.56,19176.0,6362.94,973.99,-21.19,1006.5
22117,222222.56,107083.0,40303.81,30371.88,213.53,1006.5
22118,28469.28,16793.0,13895.36,41.52,45.64,1006.5
22119,139437.77,79829.0,45556.09,12833.141,366.75,1006.5
22120,183302.56,90040.0,46789.582,15179.0205,471.07,1006.6
22121,195292.16,102887.0,61293.902,21628.46,529.75,1006.6
22122,257353.6,94572.0,66239.97,33167.56,661.77997,1006.7
22123,216968.64,103765.0,41890.22,33067.22,430.32,1006.7
22124,189800.8,100549.0,27911.82,19856.94,151.59,1006.8
22125,22792.0,16455.0,3485.95,-8.65,-30.97,1006.8
22126,262143.0,111553.0,39978.57,20542.02,435.21,1006.9
22127,214140.64,105151.0,51936.332,15872.75,427.06,1006.9
22128,262143.0,94273.0,60157.29,89219.56,643.85,1007.0
22129,217670.88,112438.0,42921.3,19796.39,422.17,1007.0
22130,207583.05,99357.0,47209.97,28039.84,324.37,1007.0
22131,157279.36,92564.0,17075.1,8502.95,202.12,1007.1
22132,238235.2,111705.0,45718.71,26967.24,373.27,1007.1
22133,195266.4,100516.0,38514.992,13395.391,218.42,1007.1
22134,149978.08,91757.0,31980.781,9575.55,60.31,1007.1
22135,151618.88,85716.0,46225.6,19267.01,348.82,1007.2
22136,153239.52,87618.0,23526.27,7866.31,220.05,1007.2
22137,185036.33,100807.0,31866.6,16770.621,259.17,1007.2
22138,257284.16,106747.0,50702.84,22763.34,622.66,1007.3
22139,142087.69,84660.0,34404.51,10732.92,226.56999,1007.3
22140,165877.6,88288.0,30982.57,10450.93,257.54,1007.3
22141,173558.56,96869.0,12997.49,13315.811,193.97,1007.4
22142,200561.77,104293.0,29166.07,10226.03,288.51,1007.4
22143,166244.95,77926.0,75211.75,34037.75,614.51,1007.4
22144,184819.05,96323.0,18059.47,15199.78,290.13998,1007.5
22145,217001.12,104701.0,34337.04,14692.891,397.72,1007.5
22146,262143.0,101432.0,62632.92,32781.77,557.46,1007.5
22147,197687.84,101964.0,28536.35,19851.75,189.08,1007.5
22148,218510.88,104030.0,36925.12,22818.701,202.12,1007.5
22149,233293.77,108726.0,58314.84,30986.031,356.97,1007.6
22150,208118.4,113556.0,36262.53,16774.08,358.6,1007.6
22151,217570.08,82442.0,97926.65,34452.95,803.59,1007.6
22152,196038.08,98693.0,49585.26,14644.45,352.08,1007.7
22153,262143.0,101456.0,157409.23,22156.11,1180.12,1007.7
22154,85534.4,52767.0,19384.65,10727.73,270.58,1007.7
22155,183495.2,83761.0,81323.84,12426.59,363.49,1007.7
22156,192928.95,87277.0,54052.12,8335.14,444.99,1007.8
22157,213771.05,107715.0,29474.01,22917.31,254.28,1007.8
22158,229726.56,100734.0,56071.03,21777.24,467.81,1007.9
22159,224750.4,102362.0,30434.16,24548.701,255.91,1007.9
22160,240533.44,111944.0,62973.73,19780.82,492.26,1007.9
22161,262143.0,91113.0,122952.83,98852.2,1008.97,1008.0
22162,186368.0,99931.0,20381.13,14556.22,176.04,1008.0
22163,212740.64,93178.0,43040.67,13772.53,374.9,1008.0
22164,189063.84,101531.0,26321.951,14367.65,257.54,1008.1
22165,262143.0,105902.0,90171.06,49585.26,746.54,1008.1
22166,210015.69,102949.0,54110.94,21798.0,352.08,1008.1
22167,262143.0,100353.0,74746.38,23022.84,568.87,1008.1
22168,257829.6,96352.0,113797.67,19922.68,798.7,1008.1
22169,236236.0,108577.0,56354.75,12878.12,489.0,1008.2
22170,262143.0,104601.0,106433.06,49995.27,979.63,1008.2
22171,221570.72,110075.0,39277.92,25953.46,405.87,1008.3
22172,201350.23,99783.0,23066.09,6669.15,237.98,1008.3
22173,183499.69,92733.0,30112.38,24870.48,343.93,1008.3
22174,13960.8,11717.0,5025.65,-15.57,11.41,1008.3
22175,164954.72,83062.0,41935.2,12648.03,317.85,1008.3
22176,209774.88,102145.0,45369.25,10663.72,500.41,1008.3
22177,204977.92,105809.0,20524.72,6712.4,223.31,1008.4
22178,73321.92,50919.0,20701.18,95.15,166.26,1008.4
22179,198380.0,98818.0,39359.23,20403.621,224.94,1008.5
22180,155911.84,85485.0,37357.62,25434.46,412.38998,1008.5
22181,156860.48,86433.0,36689.84,5586.17,296.66,1008.5
22182,201654.88,102001.0,38470.01,20157.96,303.18,1008.5
22183,180438.72,98536.0,31724.74,12544.23,182.56,1008.5
22184,171961.44,94182.0,35257.4,17161.6,145.06999,1008.5
22185,210622.72,97461.0,48742.75,29852.88,386.31,1008.5
22186,68698.56,42353.0,34555.02,295.83002,272.21,1008.6
22187,25795.84,8133.0,49369.01,217.98,203.75,1008.6
22188,194201.28,98669.0,24136.96,14691.16,198.86,1008.6
22189,170036.16,99378.0,26294.27,8944.101,242.87,1008.6
22190,237960.8,106306.0,26974.16,20010.91,371.63998,1008.6
22191,171180.8,89956.0,36902.63,5658.83,329.26,1008.7
22192,23744.0,23229.0,2546.56,1712.7001,30.97,1008.7
22193,245435.69,100172.0,37532.35,19377.73,420.54,1008.7
22194,162869.28,90689.0,31095.02,24546.97,228.2,1008.7
22195,51257.92,17712.0,104659.81,212.79001,780.77,1008.7
22196,153181.28,95348.0,21578.291,8177.71,180.93,1008.7
22197,158132.8,88511.0,48382.91,14272.5,148.33,1008.7
22198,262143.0,101566.0,51870.59,12058.101,438.47,1008.8
22199,185610.88,82707.0,63390.66,17768.83,435.21,1008.8
22200,147048.16,85811.0,27359.951,10796.93,255.91,1008.8
22201,213458.56,101893.0,40822.81,22005.6,321.11,1008.8
22202,165256.0,92569.0,20054.16,8814.35,117.36,1008.8
22203,197985.77,99009.0,46216.95,18357.03,329.26,1008.8
22204,192703.84,102513.0,42561.46,10667.18,255.91,1008.9
22205,189617.12,98098.0,31544.82,9411.2,262.43,1008.9
22206,262143.0,130948.0,68307.32,34399.32,634.07,1008.9
22207,196250.88,104541.0,23361.92,13890.17,226.56999,1008.9
22208,151792.48,93233.0,25315.09,15052.73,211.9,1009.0
22209,235107.05,97880.0,56477.582,10513.21,493.88998,1009.0
22210,207966.08,98094.0,35227.992,22749.5,154.85,1009.0
22211,211619.52,100641.0,29647.01,14448.96,262.43,1009.0
22212,262143.0,90530.0,89586.32,45812.13,904.65,1009.0
22213,171794.56,84245.0,42369.43,8930.26,197.23,1009.0
22214,185187.52,98214.0,34151.93,12606.51,286.88,1009.1
22215,215584.33,94057.0,39475.14,18874.3,247.76,1009.1
22216,114409.12,59769.0,37554.84,18934.85,208.64,1009.1
22217,162257.77,89324.0,24202.701,14533.73,174.41,1009.1
22218,193103.69,97333.0,40658.46,20322.31,264.06,1009.1
22219,118379.52,75357.0,16395.21,9658.59,112.47,1009.2
22220,253120.0,107777.0,54548.63,32608.77,547.68,1009.2
22221,128235.52,67770.0,45381.36,380.6,440.1,1009.2
22222,210486.08,105658.0,18748.01,13429.99,182.56,1009.2
22223,222684.0,97457.0,58434.21,20621.6,182.56,1009.2
22224,191180.64,97237.0,26036.5,19087.09,234.72,1009.2
22225,262143.0,124733.0,97694.83,69471.61,991.04,1009.3
22226,181596.8,99985.0,35046.34,11347.07,259.17,1009.4
22227,182275.52,97112.0,37658.64,21292.84,348.82,1009.4
22228,197590.4,98109.0,27162.73,25602.27,303.18,1009.4
22229,172281.77,88349.0,24264.98,9127.48,436.84,1009.5
22230,153119.69,75425.0,49607.75,13462.86,448.25,1009.5
22231,207193.28,101356.0,43424.73,21410.48,387.94,1009.5
22232,216554.23,111350.0,41926.55,24562.541,407.5,1009.5
22233,189291.2,94954.0,25778.73,9790.07,169.52,1009.5
22234,131658.23,48257.0,21017.77,24076.41,306.44,1009.6
22235,222421.92,93385.0,42827.88,27707.68,365.12,1009.6
22236,262143.0,97445.0,85463.734,88714.4,850.86,1009.6
22237,225202.88,100807.0,45637.402,18474.67,397.72,1009.6
22238,174532.95,91087.0,49413.992,11487.2,306.44,1009.6
22239,56838.88,34325.0,32724.68,179.92,247.76,1009.8
22240,210803.05,96424.0,51327.37,21341.28,475.96,1009.9
22241,186926.88,98342.0,31434.1,16512.85,234.72,1010.0
22242,16311.68,9400.0,10404.22,159.16,118.99,1010.0
22243,164874.08,91884.0,29809.63,13846.92,293.4,1010.1
22244,13881.28,7329.0,27017.41,76.12,164.63,1010.1
22245,178305.12,99440.0,38999.39,10983.7705,185.81999,1010.2
22246,208467.84,107663.0,32129.56,14199.84,291.77,1010.4
22247,103801.6,53482.0,21180.39,8336.87,508.56,1010.5
22248,31327.52,21555.0,9371.41,124.56,73.35,1010.5
22249,173549.6,98028.0,28631.5,16350.23,231.46,1010.6
22250,153406.4,86669.0,26382.5,9409.47,190.71,1010.7
22251,109402.72,58764.0,48848.28,21986.57,420.54,1010.9
22252,173532.8,96601.0,35407.91,13139.351,246.13,1010.9
22253,147747.05,81020.0,40722.47,10286.58,281.99,1011.0
22254,76703.2,44168.0,41883.3,238.74,347.19,1011.0
22255,211383.2,88777.0,67207.04,14424.74,500.41,1011.0
22256,157572.8,86179.0,23045.33,5316.29,185.81999,1011.0
22257,205619.69,103470.0,41409.28,16644.33,239.61,1011.1
22258,181991.05,99116.0,23121.451,13884.98,189.08,1011.2
22259,170077.6,88760.0,48952.082,11163.69,301.55,1011.2
22260,56183.68,33768.0,26801.16,108.99,193.97,1011.3
22261,154059.36,88733.0,44381.42,10113.58,301.55,1011.3
22262,105110.88,60984.0,48543.8,28994.8,353.71,1011.3
22263,190622.88,104177.0,30174.66,13528.601,220.05,1011.3
22264,235269.44,107022.0,50529.84,19142.451,391.2,1011.4
22265,222414.08,101165.0,39312.52,18580.201,360.23,1011.5
22266,262143.0,110295.0,41371.22,23891.3,324.37,1011.5
22267,185830.4,103606.0,21936.4,25495.01,208.64,1011.5
22268,98618.24,60992.0,29807.9,8798.78,177.67,1011.5
22269,123203.36,71896.0,29672.96,8326.49,233.09,1011.6
22270,113298.08,57988.0,49976.242,28410.06,350.45,1011.6
22271,172569.6,92092.0,30562.18,13234.5,236.35,1011.7
22272,204800.95,99434.0,54078.07,26029.58,379.79,1011.8
22273,150105.77,90549.0,19782.55,15480.04,267.32,1011.8
22274,220948.0,105097.0,33992.77,15528.48,273.84,1011.9
22275,13265.28,10713.0,2934.08,-15.57,32.6,1011.9
22276,129572.8,70193.0,27920.47,13488.811,251.02,1012.2
22277,160620.33,94992.0,28491.371,5847.4,220.05,1012.2
22278,193771.2,101095.0,45763.69,17467.81,326.0,1012.3
22279,253554.56,109025.0,40703.44,28249.17,311.33,1012.4
22280,175029.12,89869.0,38731.242,19580.14,402.61,1012.4
22281,235512.48,103459.0,59107.18,13414.42,500.41,1012.5
22282,111491.52,69726.0,28849.48,13509.57,246.13,1012.5
22283,183844.64,103034.0,33503.18,12357.39,216.79,1012.6
22284,61944.96,41596.0,37850.67,200.68001,177.67,1012.6
22285,69885.76,37793.0,40267.48,193.76001,311.33,1012.7
22286,155701.28,82372.0,18561.17,9457.91,141.81,1012.7
22287,139447.84,71742.0,25245.89,6620.71,321.11,1012.8
22288,126418.88,78016.0,29159.15,10713.89,262.43,1012.8
22289,121282.56,71433.0,33049.92,21924.291,345.56,1012.9
22290,48245.12,32821.0,18616.53,57.09,184.19,1012.9
22291,175965.44,82582.0,61077.652,21282.46,475.96,1013.0
22292,217368.48,96887.0,36321.35,16898.64,153.22,1013.0
22293,220626.56,105554.0,36053.2,15758.57,215.16,1013.0
22294,129206.56,79237.0,24128.31,11962.95,280.36,1013.1
22295,183515.36,101839.0,42855.56,21355.121,299.92,1013.1
22296,204492.95,103544.0,31859.68,17120.08,193.97,1013.2
22297,189769.44,99660.0,30373.61,13779.45,205.38,1013.2
22298,78809.92,46277.0,35193.39,174.73,153.22,1013.2
22299,161424.48,89456.0,33077.6,14694.62,192.34,1013.2
22300,254739.52,110992.0,66414.7,37340.32,487.37,1013.3
22301,200699.52,99559.0,32709.111,17467.81,268.95,1013.3
22302,262143.0,116058.0,47478.12,24403.38,381.42,1013.3
22303,207607.69,100399.0,51310.07,24342.83,410.76,1013.3
22304,225180.48,95412.0,47152.88,22000.41,422.17,1013.4
22305,158328.8,92704.0,20538.56,12615.16,247.76,1013.4
22306,262143.0,105249.0,50555.79,42270.82,669.93,1013.4
22307,172221.28,92144.0,49516.06,16078.62,368.38,1013.5
22308,233399.05,115780.0,53351.47,24868.75,347.19,1013.6
22309,193919.05,102181.0,37361.082,4352.68,257.54,1013.6
22310,154880.33,93098.0,19348.32,11744.97,215.16,1013.6
22311,181984.33,100208.0,28254.36,16447.11,237.98,1013.6
22312,221962.72,103719.0,59304.402,19019.621,363.49,1013.6
22313,162432.48,93444.0,22287.59,7556.64,159.74,1013.6
22314,168295.69,87998.0,32918.44,10476.88,189.08,1013.7
22315,176607.2,98144.0,29518.99,9400.82,193.97,1013.7
22316,185875.2,94163.0,37985.61,13014.79,290.13998,1013.7
22317,219724.95,90171.0,35210.69,23661.21,337.41,1013.7
22318,209208.16,99142.0,36231.39,12490.601,306.44,1013.7
22319,203215.05,105590.0,42883.242,23213.14,348.82,1013.7
22320,181323.52,97688.0,35131.11,13634.13,402.61,1013.7
22321,111513.92,57743.0,43011.26,290.64,371.63998,1013.9
22322,188045.77,93379.0,44441.97,18246.31,275.47,1013.9
22323,149495.36,90803.0,20138.93,9921.55,123.88,1013.9
22324,210127.69,104644.0,39971.652,18476.4,286.88,1013.9
22325,248682.56,106105.0,47391.62,27150.621,446.62,1013.9
22326,262143.0,98366.0,115491.34,41584.01,916.06,1014.0
22327,190854.72,98881.0,41229.36,10931.87,314.59,1014.0
22328,177830.23,93549.0,32395.98,15703.21,286.88,1014.0
22329,192093.44,97410.0,35279.89,4482.43,146.7,1014.0
22330,227292.8,113928.0,46249.82,14438.58,244.5,1014.0
22331,200121.6,97100.0,59605.42,18294.75,409.13,1014.1
22332,226254.56,110122.0,51332.562,23505.51,387.94,1014.1
22333,262143.0,117666.0,125082.46,30909.91,924.21,1014.1
22334,162815.52,88160.0,31956.56,11710.37,311.33,1014.1
22335,180158.72,90568.0,44578.64,11805.5205,270.58,1014.1
22336,174936.16,101576.0,28205.92,7285.0303,210.27,1014.1
22337,204398.88,93361.0,45154.73,16042.29,435.21,1014.2
22338,158122.72,88969.0,18531.76,14047.601,114.1,1014.2
22339,222572.0,96100.0,33601.79,18128.67,281.99,1014.2
22340,155107.69,98560.0,23002.08,11165.42,60.31,1014.3
22341,243825.12,111396.0,53861.82,24354.94,330.88998,1014.3
22342,198474.08,104041.0,37184.62,10468.23,182.56,1014.3
22343,196779.52,89961.0,60930.6,21773.78,456.4,1014.3
22344,213588.48,103036.0,50749.55,6253.95,295.03,1014.3
22345,215731.05,101996.0,27936.041,15308.7705,257.54,1014.3
22346,229542.88,103193.0,55415.36,18180.57,386.31,1014.3
22347,180426.4,88829.0,50420.85,21477.951,312.96,1014.3
22348,239856.97,109497.0,59164.27,23944.93,451.51,1014.4
22349,189794.08,100517.0,22737.39,7312.71,140.18,1014.4
22350,204934.23,94256.0,104687.49,39982.03,860.64,1014.4
22351,181929.44,100544.0,40651.54,12696.47,272.21,1014.4
22352,208938.23,106400.0,38537.48,15450.63,335.78,1014.4
22353,200486.72,108955.0,30685.01,13833.08,329.26,1014.4
22354,182995.69,87676.0,34949.46,26273.51,259.17,1014.5
22355,222992.0,109234.0,41696.46,15466.2,207.01,1014.5
22356,216297.77,95587.0,56508.72,10002.86,513.45,1014.5
22357,262143.0,108600.0,72405.69,15158.26,461.29,1014.5
22358,166916.95,92256.0,20971.06,11122.17,326.0,1014.6
22359,208043.36,93939.0,61575.89,15583.84,482.48,1014.6
22360,205583.84,106550.0,53309.95,10871.32,446.62,1014.6
22361,169998.08,94348.0,24799.55,12910.99,339.04,1014.6
22362,160406.4,95194.0,20419.19,8399.15,195.6,1014.6
22363,168902.72,85328.0,37329.94,23777.121,268.95,1014.6
22364,191913.12,90649.0,44346.82,25040.02,299.92,1014.6
22365,176313.77,90298.0,37082.55,24668.07,293.4,1014.6
22366,245926.23,106524.0,57114.22,13788.101,428.69,1014.7
22367,198953.44,82289.0,139591.97,1178.13,1222.5,1014.7
22368,131267.36,72215.0,30743.83,14973.15,299.92,1014.7
22369,221867.52,107552.0,41132.48,13212.01,273.84,1014.7
22370,175546.56,95089.0,50185.57,19443.47,189.08,1014.8
22371,195457.92,100596.0,37468.34,21581.75,215.16,1014.8
22372,206614.23,99111.0,39130.87,12950.78,251.02,1014.8
22373,226304.97,106222.0,50223.63,21822.22,237.98,1014.8
22374,236451.05,99369.0,78133.72,32897.68,723.72,1014.8
22375,158266.08,86517.0,36466.67,13231.04,202.12,1014.8
22376,178374.56,101170.0,46703.082,17922.8,332.52,1014.9
22377,262143.0,33304.0,262143.0,3508.44,4616.16,1014.9
22378,133280.0,84740.0,15452.36,4997.97,187.45,1015.0
22379,216391.84,98689.0,33162.37,30833.791,291.77,1015.3
22380,241902.08,108424.0,48692.582,20498.77,505.3,1015.6
22381,262143.0,106513.0,95333.38,8608.48,537.9,1015.7
22382,192340.95,96581.0,41224.17,14296.72,340.67,1016.0
22383,45612.0,27177.0,18464.291,84.770004,197.23,1016.2
22384,151435.2,91401.0,23989.91,8838.57,154.85,1016.2
22385,137630.08,72964.0,51818.69,35456.35,547.68,1016.2
22386,160945.12,83297.0,50125.02,29107.25,412.38998,1016.3
22387,217000.0,98851.0,54482.89,27354.76,436.84,1016.3
22388,161701.12,94990.0,24076.41,17684.06,161.37,1016.4
22389,37988.16,28601.0,15089.061,44.98,249.39,1016.5
22390,36107.68,23860.0,18609.61,185.11,216.79,1016.5
22391,204910.72,79877.0,67707.01,39013.23,526.49,1016.5
22392,201643.69,97022.0,40833.19,23055.71,330.88998,1016.5
22393,237282.08,99354.0,43025.1,22197.63,415.65,1016.7
22394,185624.33,83584.0,35746.992,22268.56,340.67,1016.7
22395,177895.2,89970.0,38108.44,18640.75,281.99,1016.7
22396,179142.88,99642.0,25780.46,16069.97,272.21,1016.8
22397,203462.56,101349.0,30245.59,7560.1,267.32,1016.8
22398,123510.24,73317.0,49521.25,13144.54,409.13,1016.9
22399,189320.33,92373.0,49109.51,26512.25,402.61,1016.9
22400,195147.69,105892.0,38409.46,11807.25,356.97,1017.1
22401,191312.8,94319.0,29506.88,22946.72,236.35,1017.5
22402,178338.72,90246.0,51387.92,21875.85,381.42,1017.5
22403,140069.44,86432.0,19171.86,12229.37,135.29,1017.6
22404,205760.8,97550.0,67904.234,32973.8,355.34,1017.6
22405,142630.88,85971.0,25752.781,6956.33,156.48,1017.7
22406,242465.44,99533.0,62184.85,31541.36,430.32,1017.7
22407,55657.28,18800.0,262143.0,17.3,1422.99,1017.8
22408,172952.64,96889.0,21547.15,15414.3,141.81,1017.8
22409,218069.6,100967.0,45485.16,8546.2,317.85,1017.9
22410,238702.23,105841.0,33063.76,13037.28,5929.94,1017.9
22411,161988.95,91048.0,44632.27,13710.25,265.69,1017.9
22412,173757.92,98019.0,24989.85,13362.5205,221.68,1018.0
22413,194456.64,97131.0,38966.52,17068.18,448.25,1018.0
22414,193240.33,95816.0,31100.21,15495.61,197.23,1018.0
22415,204602.72,102884.0,21680.36,20815.36,221.68,1018.1
22416,164517.92,85489.0,40238.07,23443.23,456.4,1018.1
22417,178877.44,98761.0,24666.34,8065.2603,115.73,1018.2
22418,109718.56,69893.0,26617.781,20841.31,272.21,1018.2
22419,139098.4,71817.0,49315.38,25586.701,454.77,1018.2
22420,262143.0,99965.0,86951.53,28662.64,575.39,1018.2
22421,196607.05,101181.0,30513.74,11871.26,180.93,1018.2
22422,205811.2,105046.0,38186.29,19934.791,207.01,1018.3
22423,262143.0,101996.0,109695.84,56045.082,787.29,1018.3
22424,173354.72,100453.0,14211.95,10696.59,125.51,1018.4
22425,251622.56,113744.0,49768.64,23296.18,493.88998,1018.4
22426,236013.12,103233.0,55531.27,22773.72,378.16,1018.4
22427,152818.4,87088.0,29538.02,15244.76,264.06,1018.5
22428,180290.88,90937.0,21889.69,22868.871,122.25,1018.5
22429,54753.44,8836.0,105369.11,173.0,451.51,1018.5
22430,177805.6,97921.0,35548.04,5465.07,247.76,1018.5
22431,192955.84,94884.0,43905.67,17291.35,443.36,1018.5
22432,170483.05,77192.0,77306.78,12850.44,588.43,1018.6
22433,188935.05,95712.0,46099.31,12502.71,288.51,1018.7
22434,180206.88,102333.0,30332.09,7655.25,132.03,1018.7
22435,176004.64,92084.0,23472.64,17575.07,267.32,1018.7
22436,139493.77,78288.0,26216.42,14883.19,273.84,1018.8
22437,220852.8,98569.0,31942.72,27199.06,378.16,1018.8
22438,262143.0,107500.0,41447.34,24477.77,353.71,1018.8
22439,204531.05,94693.0,47666.69,25626.49,306.44,1018.8
22440,133667.52,68232.0,30537.96,26503.6,224.94,1018.9
22441,191835.84,107292.0,31659.0,15634.01,125.51,1018.9
22442,214335.52,101349.0,25896.371,16213.561,417.28,1019.0
22443,206762.08,106817.0,26977.621,16054.4,254.28,1019.1
22444,166367.05,87269.0,24162.91,29411.73,365.12,1019.1
22445,158803.69,88800.0,31633.05,12487.141,254.28,1019.2
22446,154827.69,88696.0,20971.06,10376.54,71.72,1019.2
22447,175138.88,95416.0,21322.25,18095.8,259.17,1019.2
22448,138452.16,82623.0,27941.23,13763.88,224.94,1019.2
22449,222673.92,101764.0,89029.26,43756.89,562.35,1019.2
22450,184093.28,99132.0,32314.67,8651.73,180.93,1019.2
22451,172935.84,90685.0,34414.89,13845.19,220.05,1019.2
22452,251350.4,104893.0,69013.164,33933.95,469.44,1019.3
22453,196940.8,103861.0,32697.0,18664.97,304.81,1019.4
22454,169874.88,94923.0,20393.24,13310.62,242.87,1019.4
22455,188865.6,100811.0,25813.33,46914.14,316.22,1019.4
22456,199108.0,99325.0,39725.992,17102.78,360.23,1019.4
22457,96948.32,59333.0,28380.65,15917.73,205.38,1019.4
22458,199921.12,107744.0,23377.49,30401.291,145.06999,1019.5
22459,262143.0,113429.0,55425.742,24315.15,381.42,1019.5
22460,160506.08,83056.0,33238.492,18507.541,207.01,1019.5
22461,262143.0,130452.0,48830.98,30191.96,692.75,1019.5
22462,212719.36,108156.0,42791.55,22939.8,355.34,1019.6
22463,196067.2,103316.0,29558.781,18351.84,267.32,1019.6
22464,182610.4,97733.0,24541.78,13618.561,216.79,1019.6
22465,201790.4,95173.0,32504.97,21858.55,332.52,1019.6
22466,220216.64,100140.0,37866.242,23382.68,277.1,1019.6
22467,241476.48,109992.0,71559.72,50277.26,506.93,1019.6
22468,104889.12,53181.0,50770.312,377.14,420.54,1019.6
22469,196664.16,103285.0,35390.61,15256.87,251.02,1019.7
22470,190077.44,98592.0,35039.42,8681.14,92.909996,1019.7
22471,244739.05,107225.0,41251.85,14123.72,272.21,1019.7
22472,180559.69,92344.0,48391.56,10533.97,249.39,1019.7
22473,196012.33,95535.0,35392.34,13215.47,348.82,1019.8
22474,179146.23,99619.0,32863.082,19972.85,314.59,1019.8
22475,187056.8,97583.0,45289.67,15239.57,268.95,1019.8
22476,177309.44,90165.0,44179.01,15542.32,288.51,1019.8
22477,188121.92,101744.0,22308.35,6897.5103,202.12,1019.8
22478,262143.0,93804.0,86986.13,47882.94,826.41,1019.8
22479,212424.8,82060.0,63999.62,19173.59,593.32,1019.9
22480,168501.77,98022.0,26195.66,11004.53,159.74,1019.9
22481,180961.77,80224.0,66660.36,51105.93,627.55,1019.9
22482,262143.0,101854.0,82695.734,35852.52,593.32,1019.9
22483,192237.92,98905.0,36210.63,13585.69,446.62,1020.0
22484,142390.08,74505.0,29155.69,16443.65,383.05,1020.0
22485,5572.0,5294.0,5805.88,159.16,146.7,1020.0
22486,216030.08,105735.0,56678.26,27230.201,467.81,1020.0
22487,229168.8,103165.0,50439.88,29904.781,330.88998,1020.0
22488,185165.12,97341.0,31818.16,15348.561,268.95,1020.0
22489,170569.28,85813.0,35987.46,11876.45,436.84,1020.0
22490,208639.2,107072.0,41533.84,16902.1,373.27,1020.0
22491,262143.0,110982.0,56891.05,46805.152,629.18,1020.0
22492,213507.84,95000.0,71850.36,26223.34,692.75,1020.1
22493,262143.0,114719.0,160056.14,103213.53,1418.1,1020.1
22494,219092.16,97027.0,34665.742,12161.9,231.46,1020.1
22495,186343.36,100306.0,23081.66,9648.21,140.18,1020.1
22496,220048.64,99051.0,41774.31,22258.18,353.71,1020.2
22497,172328.8,97047.0,28006.97,13558.01,337.41,1020.2
22498,262143.0,118105.0,72833.0,27773.42,573.76,1020.2
22499,186895.52,92979.0,39815.95,12648.03,303.18,1020.2
22500,262143.0,111347.0,52181.992,23069.55,387.94,1020.2
22501,207286.23,104521.0,40686.14,14585.63,236.35,1020.3
22502,262143.0,125960.0,115143.61,47268.79,933.99,1020.3
22503,262143.0,102568.0,87089.93,33866.48,573.76,1020.3
22504,28590.24,6859.0,109176.84,122.83,550.94,1020.4
22505,262143.0,101705.0,262143.0,14715.38,4017.95,1020.4
22506,188908.16,85364.0,50739.17,15997.311,425.43,1020.6
22507,262143.0,102420.0,120575.81,49908.77,743.27997,1020.6
22508,185541.44,94818.0,21889.69,14189.46,207.01,1020.7
22509,187202.4,98614.0,34496.2,8726.12,255.91,1020.9
22510,36551.2,23186.0,35290.27,216.25,352.08,1020.9
22511,260457.12,104831.0,43206.75,43365.91,281.99,1021.2
22512,178681.44,93453.0,46550.84,14786.311,314.59,1021.2
22513,41409.76,8481.0,77728.9,166.08,578.65,1021.2
22514,233772.0,105277.0,36046.28,20834.39,304.81,1021.3
22515,190962.23,104258.0,39021.88,17855.33,308.07,1021.4
22516,59222.242,39847.0,25071.16,231.82,224.94,1021.6
22517,152764.64,89732.0,20749.621,14653.101,172.78,1021.7
22518,183270.08,95792.0,24659.42,11822.82,283.62,1021.8
22519,109979.52,65872.0,18839.701,15900.43,145.06999,1022.0
22520,200793.6,101791.0,21784.16,10058.22,259.17,1022.1
22521,155272.33,81928.0,30877.041,7945.89,239.61,1022.2
22522,146407.52,83432.0,31229.96,12279.54,228.2,1022.4
22523,167201.44,92299.0,29262.951,14106.42,244.5,1022.6
22524,217776.16,79148.0,34856.04,18114.83,298.29,1023.1
22525,205831.36,98021.0,42147.992,12999.22,418.91,1023.2
22526,198979.2,101711.0,29430.76,20244.46,156.48,1023.2
22527,167329.12,98501.0,33904.54,7753.86,207.01,1023.3
22528,19537.28,17842.0,6878.48,17.3,96.17,1023.3
22529,117481.28,63761.0,42680.832,20076.65,326.0,1023.4
22530,115905.44,75808.0,50870.652,1704.05,2013.05,1023.5
22531,122580.64,76134.0,29975.71,11289.98,159.74,1023.6
22532,178903.2,98177.0,29344.26,15433.33,272.21,1023.6
22533,143656.8,89773.0,12729.34,6430.41,146.7,1023.7
22534,118646.08,65528.0,46225.6,23617.96,495.52,1023.7
22535,201302.08,102854.0,51396.57,36086.07,453.13998,1023.9
22536,169198.4,98773.0,27539.871,22012.52,229.83,1023.9
22537,174037.92,97890.0,27029.52,16523.23,268.95,1024.0
22538,217005.6,105490.0,33212.54,16839.82,273.84,1024.0
22539,145295.36,82584.0,27103.91,10975.12,159.74,1024.1
22540,160202.56,87699.0,35039.42,6508.2603,213.53,1024.1
22541,192532.48,102657.0,32112.26,20673.5,249.39,1024.2
22542,13616.96,13417.0,38774.492,20.76,174.41,1024.3
22543,215074.72,102925.0,29688.531,19500.56,244.5,1024.3
22544,135377.77,84735.0,17505.871,11625.601,203.75,1024.4
22545,124210.24,69819.0,22664.73,21640.57,211.9,1024.4
22546,199958.08,99045.0,47080.22,3070.75,358.6,1024.6
22547,160164.48,91688.0,24444.9,8252.1,213.53,1024.6
22548,53072.32,38878.0,3970.35,77.85,-45.64,1024.6
22549,205449.44,101934.0,24093.71,28716.27,332.52,1024.6
22550,187104.95,96950.0,35098.242,13217.2,340.67,1024.6
22551,49352.8,27738.0,25970.76,235.28,306.44,1024.7
22552,145537.28,75930.0,46884.73,7554.91,397.72,1024.7
22553,207760.0,108389.0,21841.25,18805.1,215.16,1024.7
22554,183100.95,94653.0,27878.951,17111.43,296.66,1024.8
22555,183351.84,97968.0,21595.59,17550.85,242.87,1024.8
22556,174653.92,96328.0,35762.56,4940.88,172.78,1024.8
22557,255412.64,110137.0,49445.13,24619.63,526.49,1024.8
22558,87894.24,39866.0,21140.6,25074.621,299.92,1024.9
22559,190480.64,93724.0,39291.76,36534.14,332.52,1024.9
22560,183477.28,94772.0,26296.0,10440.55,215.16,1024.9
22561,135751.84,83148.0,25398.13,6646.66,176.04,1024.9
22562,16238.88,5269.0,39087.62,-24.220001,198.86,1025.0
22563,195590.08,107205.0,28712.81,13125.51,257.54,1025.0
22564,89972.96,41493.0,39416.32,292.37,547.68,1025.0
22565,194698.56,90881.0,32056.9,7759.0503,264.06,1025.0
22566,215420.8,101830.0,28026.0,17914.15,299.92,1025.1
22567,207088.0,99530.0,36127.59,14881.46,198.86,1025.1
22568,152961.77,82910.0,29332.15,20666.58,286.88,1025.1
22569,200420.64,97676.0,39059.94,19647.61,288.51,1025.2
22570,7250.88,5329.0,13488.811,20.76,110.84,1025.3
22571,176488.48,102324.0,30693.66,15422.95,115.73,1025.3
22572,152044.48,85722.0,31248.99,19497.1,286.88,1025.4
22573,202716.64,101556.0,43495.66,13627.21,361.86,1025.4
22574,196982.23,97923.0,48713.34,20106.06,262.43,1025.5
22575,197457.12,98300.0,23287.53,13793.29,158.11,1025.5
22576,145827.36,77825.0,35715.85,24270.17,324.37,1025.7
22577,214216.8,105021.0,43294.98,14476.641,164.63,1025.8
22578,168571.2,100317.0,20493.58,17571.61,65.2,1025.8
22579,57496.32,37201.0,27806.291,311.4,264.06,1025.9
22580,183543.36,100553.0,31607.1,18279.18,242.87,1025.9
22581,152258.4,84588.0,21571.371,6826.58,259.17,1026.0
22582,246432.48,108180.0,58387.5,18213.44,319.48,1026.0
22583,179026.4,97027.0,50133.67,14047.601,304.81,1026.0
22584,169851.36,90808.0,22730.47,9290.101,83.13,1026.1
22585,156727.2,92448.0,32056.9,12936.94,169.52,1026.4
22586,53281.76,11709.0,140706.1,487.86002,645.48,1026.6
22587,247235.52,89648.0,26982.81,20038.59,135.29,1026.6
22588,191404.64,93057.0,42898.81,24026.24,257.54,1026.9
22589,58918.72,15641.0,84972.414,479.21,524.86,1027.0
22590,7850.08,8143.0,1581.22,342.54,32.6,1027.1
22591,146973.12,80032.0,31752.42,10646.42,316.22,1027.2
22592,132387.36,76201.0,46443.582,10239.87,387.94,1027.3
22593,179682.72,97603.0,32921.9,14506.05,337.41,1027.4
22594,143763.2,76447.0,27448.18,45261.992,430.32,1027.5
22595,151518.08,92121.0,34501.39,24922.38,314.59,1027.5
22596,183447.05,96732.0,44166.902,14940.28,340.67,1027.6
22597,188279.84,97864.0,25740.67,17225.61,257.54,1027.7
22598,181484.8,101221.0,33572.38,12950.78,326.0,1027.7
22599,198953.44,95724.0,32257.58,31809.51,368.38,1027.7
22600,219778.72,102415.0,54344.492,19479.8,352.08,1027.8
22601,223945.12,103981.0,37002.97,15438.5205,335.78,1027.8
22602,191075.36,101004.0,29700.64,19747.951,339.04,1027.9
22603,200373.6,99665.0,42407.492,5665.75,332.52,1027.9
22604,206946.88,102201.0,23015.92,24505.451,293.4,1028.0
22605,174587.84,98125.0,29214.51,11198.29,277.1,1028.0
22606,119277.76,69905.0,25482.9,13168.76,330.88998,1028.1
22607,141459.36,84003.0,32174.541,16511.121,231.46,1028.1
22608,188448.95,95006.0,33935.68,21668.25,312.96,1028.1
22609,182568.95,102102.0,21296.3,12577.101,169.52,1028.1
22610,186492.33,98852.0,29807.9,12250.13,317.85,1028.1
22611,258030.08,109896.0,75379.56,30252.51,480.85,1028.2
22612,176650.88,94792.0,23777.121,15570.0,167.89,1028.3
22613,171469.77,97496.0,22938.07,11317.66,211.9,1028.3
22614,190844.64,99118.0,73642.64,11533.91,510.19,1028.5
22615,172716.33,100384.0,31612.291,4994.5103,184.19,1028.8
22616,148085.28,93068.0,23318.67,4927.04,169.52,1028.9
22617,147073.92,89594.0,21815.3,7435.54,97.8,1028.9
22618,155571.36,92868.0,24273.63,16959.19,167.89,1028.9
22619,113674.4,68593.0,22773.72,14936.82,319.48,1028.9
22620,195871.2,99692.0,23725.22,12168.82,229.83,1029.0
22621,96362.56,59237.0,25828.9,124.56,234.72,1029.0
22622,214165.28,109493.0,45069.96,15805.28,386.31,1029.0
22623,166623.52,93232.0,27538.14,32468.64,226.56999,1029.0
22624,165365.77,95490.0,26759.64,12611.7,236.35,1029.1
22625,189960.95,103170.0,30567.371,15890.05,339.04,1029.2
22626,11504.64,11097.0,1883.97,107.26,350.45,1029.3
22627,159267.36,92081.0,21384.53,13720.63,136.92,1029.3
22628,159418.56,87536.0,37421.63,14647.91,257.54,1029.4
22629,156499.84,89573.0,22278.94,6830.04,198.86,1029.4
22630,190798.72,103632.0,30067.4,18078.5,322.74,1029.5
22631,165547.2,95801.0,19663.18,11175.8,216.79,1029.5
22632,164381.28,89962.0,33864.75,4295.59,360.23,1029.5
22633,262143.0,85593.0,68874.76,24431.06,549.31,1029.6
22634,175400.95,97521.0,31124.43,13853.84,207.01,1029.6
22635,224072.8,102566.0,38919.81,14833.0205,347.19,1029.6
22636,217887.05,95310.0,32920.17,17137.38,210.27,1029.7
22637,180430.88,97036.0,22540.17,10283.12,136.92,1029.7
22638,186052.16,82404.0,33544.7,22635.32,435.21,1029.7
22639,170654.4,94139.0,29548.4,17671.95,254.28,1029.7
22640,200888.8,104245.0,54948.26,25898.1,405.87,1029.8
22641,200411.69,100608.0,37701.89,22041.93,285.25,1029.8
22642,207432.95,98814.0,62991.03,16085.54,547.68,1029.9
22643,133300.16,81821.0,50301.48,25020.99,407.5,1029.9
22644,121670.08,67932.0,25166.31,18521.38,299.92,1030.0
22645,251450.08,97523.0,51396.57,24034.89,383.05,1030.0
22646,201072.48,99962.0,46870.89,21576.56,329.26,1030.0
22647,198007.05,100078.0,49391.5,20019.56,237.98,1030.0
22648,250501.44,111428.0,48697.77,25240.701,322.74,1030.0
22649,164998.4,92699.0,23393.06,4553.36,190.71,1030.0
22650,145050.08,72979.0,53616.16,11757.08,451.51,1030.0
22651,209451.2,100977.0,39409.402,30138.33,335.78,1030.1
22652,211680.0,103077.0,46241.17,26275.24,335.78,1030.1
22653,237847.69,113596.0,33458.2,14518.16,109.21,1030.1
22654,172998.56,92827.0,20446.871,10310.8,211.9,1030.2
22655,217644.0,99413.0,44922.91,26541.66,353.71,1030.2
22656,229081.44,108397.0,54052.12,17730.77,404.24,1030.2
22657,245442.4,109329.0,41755.28,11232.89,365.12,1030.2
22658,228697.28,99892.0,51903.46,18497.16,423.8,1030.3
22659,214195.52,102396.0,46047.41,50413.93,404.24,1030.3
22660,201503.69,106245.0,24832.42,9816.0205,205.38,1030.3
22661,209705.44,105600.0,35558.42,14871.08,200.49,1030.3
22662,194302.08,104132.0,37591.17,10854.0205,317.85,1030.3
22663,178081.12,90794.0,27987.94,14974.88,273.84,1030.3
22664,220018.4,99312.0,64098.23,12149.79,443.36,1030.4
22665,184356.48,98178.0,38134.39,18408.93,355.34,1030.4
22666,224288.97,105623.0,46163.32,26922.26,404.24,1030.4
22667,195524.0,98661.0,36257.34,13971.48,275.47,1030.5
22668,197237.6,100869.0,32956.5,26052.07,259.17,1030.5
22669,204489.6,101268.0,37771.09,5734.95,316.22,1030.5
22670,57154.72,38161.0,28702.43,219.71,200.49,1030.6
22671,234643.36,110638.0,31179.791,26076.291,241.24,1030.6
22672,186551.69,106857.0,41592.66,17287.89,254.28,1030.6
22673,202952.95,96456.0,32375.22,7127.6,412.38998,1030.6
22674,157643.36,92401.0,28517.32,11760.54,272.21,1030.6
22675,213199.84,103820.0,27039.9,16474.791,262.43,1030.7
22676,245059.36,98900.0,79368.94,9027.14,691.12,1030.7
22677,162267.84,89044.0,36947.61,8897.39,298.29,1030.7
22678,187771.36,100392.0,30520.66,13622.0205,226.56999,1030.8
22679,188303.36,96798.0,26728.5,26408.451,233.09,1030.8
22680,219989.28,101486.0,48040.37,31979.05,436.84,1030.8
22681,195870.08,91724.0,61771.38,17455.7,469.44,1030.8
22682,187797.12,88241.0,42416.14,16701.42,414.02,1030.8
22683,236150.88,105216.0,49926.07,32351.0,451.51,1030.8
22684,204935.36,100737.0,29062.27,17701.36,314.59,1030.9
22685,177318.4,94433.0,27728.44,16876.15,329.26,1030.9
22686,184615.2,98229.0,29994.74,19187.43,193.97,1030.9
22687,221615.52,107365.0,59840.7,12071.94,350.45,1030.9
22688,161750.4,85242.0,29814.82,21625.0,304.81,1031.0
22689,203108.64,100876.0,30757.67,7940.7,308.07,1031.0
22690,219310.56,101402.0,48856.93,22445.02,370.01,1031.0
22691,242670.4,108064.0,37312.64,22946.72,355.34,1031.0
22692,189133.28,101983.0,45730.82,13890.17,378.16,1031.1
22693,182428.95,100593.0,43158.31,11174.07,172.78,1031.1
22694,184756.33,94900.0,43715.37,25377.371,462.92,1031.1
22695,194381.6,96634.0,34805.87,15608.061,322.74,1031.2
22696,262143.0,94282.0,60119.23,37027.19,596.58,1031.2
22697,202098.4,107668.0,36722.71,15488.69,228.2,1031.2
22698,162087.52,91195.0,32652.02,24614.44,273.84,1031.2
22699,170304.95,90179.0,41065.01,10319.45,319.48,1031.2
22700,220768.8,103389.0,55692.16,5658.83,444.99,1031.2
22701,164645.6,82336.0,33022.242,10620.47,286.88,1031.2
22702,181030.08,87373.0,34513.5,21258.24,352.08,1031.3
22703,262143.0,113584.0,71384.99,29887.48,539.52997,1031.4
22704,180577.6,92705.0,28159.21,10411.14,281.99,1031.4
22705,178725.12,94384.0,44396.992,14772.47,383.05,1031.4
22706,191890.72,102185.0,33139.88,19512.67,262.43,1031.5
22707,126379.68,75299.0,27690.38,17023.2,418.91,1031.5
22708,178204.33,93288.0,40502.76,15104.63,264.06,1031.6
22709,194656.0,99948.0,43033.75,10954.36,345.56,1031.6
22710,57658.72,32437.0,16834.63,503.43,118.99,1031.6
22711,216998.88,105829.0,21048.91,13282.94,265.69,1031.6
22712,183852.48,92617.0,38812.55,19874.24,427.06,1031.6
22713,140777.28,77968.0,28866.781,32086.31,387.94,1031.7
22714,262143.0,98843.0,49905.312,21708.041,391.2,1031.8
22715,244722.23,108877.0,42891.89,16262.0,358.6,1031.8
22716,235491.2,108420.0,58693.71,13291.59,427.06,1031.9
22717,172936.95,93702.0,24595.41,16087.2705,280.36,1032.0
22718,122745.28,80165.0,21633.65,13983.59,246.13,1032.1
22719,176290.23,93108.0,27299.4,10255.44,296.66,1032.1
22720,213750.88,101873.0,43587.35,45069.96,229.83,1032.2
22721,171049.77,94653.0,40328.03,10805.58,164.63,1032.2
22722,165387.05,91516.0,27370.33,14936.82,135.29,1032.3
22723,15496.32,14470.0,20583.541,55.36,61.94,1032.3
22724,187395.05,86137.0,33463.39,30804.38,363.49,1032.4
22725,156670.08,95623.0,18182.3,15198.05,281.99,1032.4
22726,179907.84,96024.0,32084.58,23666.4,255.91,1032.4
22727,196647.36,101961.0,34513.5,10943.98,203.75,1032.5
22728,127722.56,73801.0,32530.92,12075.4,308.07,1032.6
22729,138219.2,79990.0,29332.15,12722.42,355.34,1032.6
22730,210536.48,90064.0,42625.47,26790.781,340.67,1032.6
22731,183756.16,100519.0,36089.53,18678.81,215.16,1032.7
22732,166125.12,91158.0,27112.56,11983.71,220.05,1032.8
22733,202456.8,107266.0,47469.47,16156.47,215.16,1032.8
22734,12192.32,6705.0,23363.65,17.3,156.48,1032.8
22735,192776.64,98885.0,34921.78,15559.62,267.32,1032.8
22736,262143.0,113492.0,80370.61,69980.234,668.3,1032.9
22737,181244.0,87369.0,36788.45,14775.93,396.09,1032.9
22738,180563.05,96744.0,32809.45,18185.76,352.08,1033.1
22739,72870.56,40129.0,24792.63,217.98,210.27,1033.1
22740,163265.77,83817.0,37584.25,15012.94,268.95,1033.1
22741,176043.84,102385.0,21085.24,19542.08,251.02,1033.2
22742,166775.84,90114.0,37701.89,11253.65,262.43,1033.2
22743,171119.2,91985.0,41689.54,9665.51,319.48,1033.2
22744,170262.4,94845.0,25429.27,29344.26,257.54,1033.3
22745,160790.56,84577.0,41001.0,13609.91,255.91,1033.3
22746,154521.92,90207.0,30281.92,11893.75,79.87,1033.3
22747,240652.16,102833.0,51299.69,13852.11,435.21,1033.3
22748,46177.6,29912.0,44990.38,285.45,409.13,1033.4
22749,183128.95,96442.0,35269.51,17779.21,180.93,1033.4
22750,115175.2,62976.0,53501.98,15877.94,387.94,1033.5
22751,192179.69,101649.0,37182.89,10243.33,218.42,1033.6
22752,198103.36,100917.0,37066.98,7615.46,176.04,1033.6
22753,125456.8,69464.0,41810.64,25870.42,414.02,1033.6
22754,185622.08,94985.0,36406.12,11168.88,247.76,1033.7
22755,238627.2,101129.0,55065.902,35132.84,365.12,1033.7
22756,78284.64,46135.0,42753.492,288.91,444.99,1033.7
22757,112660.8,69112.0,20915.701,11957.76,159.74,1033.8
22758,200036.48,101265.0,28527.701,15611.5205,239.61,1033.9
22759,218291.36,104772.0,60548.27,8456.24,370.01,1033.9
22760,170729.44,89164.0,37134.45,8786.67,361.86,1033.9
22761,187381.6,94915.0,38883.48,32949.582,510.19,1034.0
22762,209634.88,101325.0,58510.332,23777.121,368.38,1034.0
22763,99236.48,59169.0,45428.07,18441.8,386.31,1034.0
22764,213080.0,108344.0,33984.12,22503.84,343.93,1034.0
22765,262143.0,105125.0,57756.05,25273.57,407.5,1034.1
22766,155198.4,87777.0,31349.33,16706.61,286.88,1034.1
22767,218317.12,101437.0,43917.78,19613.01,309.7,1034.1
22768,228251.52,70453.0,51384.46,12374.69,508.56,1034.2
22769,217375.2,99611.0,60823.34,24418.951,508.56,1034.2
22770,186009.6,96128.0,39464.76,14087.391,278.73,1034.2
22771,203505.12,101513.0,34191.72,22327.38,278.73,1034.3
22772,134827.84,82341.0,34920.05,9393.9,242.87,1034.4
22773,168105.28,83801.0,55024.38,4342.3,356.97,1034.5
22774,143467.52,74384.0,46896.84,28614.201,355.34,1034.5
22775,159664.95,95260.0,30671.17,17500.68,218.42,1034.5
22776,201764.64,95792.0,18199.6,13256.99,135.29,1034.5
22777,222419.69,104080.0,46467.8,23003.81,425.43,1034.5
22778,170760.8,95774.0,26401.531,9324.7,189.08,1034.7
22779,191337.44,98953.0,39009.77,24860.1,312.96,1034.7
22780,217079.52,100217.0,51400.03,28105.58,405.87,1034.7
22781,262143.0,102748.0,94246.94,56372.05,889.98,1034.7
22782,56094.082,40104.0,15758.57,138.4,211.9,1034.8
22783,262143.0,114280.0,70947.305,9226.09,409.13,1034.8
22784,181692.0,99398.0,33311.15,11137.74,220.05,1034.8
22785,154265.44,83347.0,41220.71,19483.26,343.93,1034.9
22786,206566.08,105395.0,47670.152,21043.72,555.83,1034.9
22787,36004.64,25114.0,8016.8203,44.98,17.93,1035.0
22788,194145.28,104420.0,31475.621,14888.38,182.56,1035.0
22789,262143.0,80685.0,103599.32,53967.35,751.43,1035.1
22790,159825.12,86985.0,37771.09,6485.77,229.83,1035.1
22791,234316.33,95783.0,31297.43,13694.68,311.33,1035.2
22792,257001.92,111412.0,80600.7,32588.01,565.61,1035.3
22793,168557.77,100452.0,13727.55,14000.891,237.98,1035.3
22794,218818.88,99676.0,29664.31,15177.29,236.35,1035.3
22795,197377.6,99985.0,37068.71,10099.74,197.23,1035.4
22796,55322.4,34202.0,35579.18,280.26,379.79,1035.4
22797,162722.56,87328.0,28145.371,13248.34,215.16,1035.4
22798,224775.05,104816.0,35987.46,19645.88,228.2,1035.4
22799,6410.88,6515.0,11539.101,138.4,123.88,1035.5
22800,101965.92,52208.0,47182.29,200.68001,444.99,1035.5
22801,176341.77,95604.0,33186.59,12860.82,231.46,1035.6
22802,217782.88,98472.0,40423.18,9871.38,187.45,1035.6
22803,192720.64,95872.0,24661.15,18985.02,84.76,1035.7
22804,141441.44,82229.0,30058.75,11149.851,195.6,1035.7
22805,192289.44,98970.0,42158.37,10165.48,335.78,1035.7
22806,193085.77,101095.0,31077.72,10976.851,275.47,1035.7
22807,237677.44,114285.0,55173.16,30698.85,257.54,1035.8
22808,156672.33,87640.0,25424.08,14654.83,291.77,1035.8
22809,172699.52,97525.0,34996.17,12366.04,283.62,1035.8
22810,202721.12,102706.0,28524.24,11613.49,202.12,1035.9
22811,262143.0,86929.0,69253.63,41940.39,718.83,1035.9
22812,200949.28,103257.0,36105.1,12684.36,264.06,1035.9
22813,201430.88,104821.0,41154.97,14976.61,371.63998,1035.9
22814,178141.6,96529.0,24484.69,24624.82,228.2,1036.0
22815,226695.84,108745.0,29240.46,13966.29,290.13998,1036.0
22816,193126.08,96585.0,32653.75,10653.34,210.27,1036.0
22817,117384.96,74332.0,20085.3,16272.38,200.49,1036.1
22818,214099.2,108320.0,42154.91,12542.5,353.71,1036.1
22819,157336.48,90011.0,32487.67,4527.41,244.5,1036.1
22820,147589.12,84234.0,34534.26,5243.63,197.23,1036.1
22821,258072.64,111955.0,50535.03,30662.52,407.5,1036.1
22822,184934.4,94380.0,31723.01,13784.641,176.04,1036.1
22823,133076.16,48769.0,37378.38,12577.101,345.56,1036.1
22824,153952.95,88972.0,29799.25,12917.91,132.03,1036.2
22825,206532.48,109516.0,46253.28,26385.96,334.15,1036.2
22826,170410.23,94609.0,13890.17,8022.0103,210.27,1036.2
22827,183896.16,96841.0,41699.92,12786.43,171.15,1036.2
22828,235137.28,101642.0,28207.65,19630.31,159.74,1036.2
22829,152834.08,77301.0,29390.97,16038.83,237.98,1036.2
22830,227115.84,103269.0,53868.742,29627.98,327.63,1036.3
22831,223444.48,103089.0,40639.43,16037.101,220.05,1036.3
22832,193463.2,100656.0,23579.9,17604.48,224.94,1036.3
22833,6175.68,5857.0,2961.76,-44.98,-27.71,1036.3
22834,152295.36,86520.0,24801.281,18094.07,128.77,1036.3
22835,201521.6,102168.0,33567.19,21834.33,293.4,1036.3
22836,187279.69,96760.0,35596.48,11956.03,324.37,1036.3
22837,174145.44,93477.0,46478.18,12895.42,327.63,1036.4
22838,262143.0,109560.0,109379.25,62255.78,748.17,1036.4
22839,184367.69,101231.0,28821.8,12663.601,252.65,1036.4
22840,262143.0,95523.0,262143.0,29705.83,2112.48,1036.4
22841,227548.16,101470.0,38620.52,21448.541,308.07,1036.4
22842,186792.48,101369.0,29240.46,5319.75,216.79,1036.5
22843,218870.4,101993.0,53931.02,23915.52,371.63998,1036.5
22844,136880.8,78159.0,24344.56,15115.01,241.24,1036.6
22845,178885.28,81301.0,28347.781,24678.451,332.52,1036.6
22846,65135.84,32284.0,33984.12,228.36,246.13,1036.6
22847,200795.84,94849.0,34515.23,15817.391,303.18,1036.7
22848,165238.08,95825.0,34947.73,12149.79,340.67,1036.7
22849,144691.69,83610.0,29186.83,14156.59,254.28,1036.7
22850,209741.28,107384.0,36423.42,13526.87,275.47,1036.7
22851,161852.33,87053.0,33440.9,8797.05,356.97,1036.7
22852,88269.44,54149.0,30050.1,20126.82,246.13,1036.8
22853,187093.77,99085.0,23837.67,18180.57,272.21,1036.8
22854,139101.77,74573.0,33371.7,4563.74,171.15,1036.8
22855,146875.69,80963.0,19360.43,13097.83,190.71,1036.8
22856,190769.6,92490.0,45429.8,14653.101,321.11,1036.9
22857,262143.0,116920.0,84093.57,30832.06,521.6,1036.9
22858,233705.92,103679.0,33245.41,22913.85,293.4,1036.9
22859,187473.44,95262.0,37727.84,27963.72,299.92,1036.9
22860,199141.6,101824.0,33785.17,16691.041,304.81,1036.9
22861,116999.68,73764.0,64278.152,915.17,428.69,1036.9
22862,174068.16,98457.0,25595.35,10438.82,84.76,1036.9
22863,168432.33,94236.0,34672.66,12796.811,228.2,1037.0
22864,161495.05,98713.0,16928.05,22348.14,179.3,1037.0
22865,262143.0,122544.0,68030.52,29152.23,660.15,1037.0
22866,248944.64,104585.0,58190.28,17490.3,342.3,1037.0
22867,195629.28,94973.0,31292.24,18943.5,304.81,1037.0
22868,262143.0,109513.0,77375.984,55780.39,932.36,1037.1
22869,193536.0,103118.0,26590.1,14954.12,332.52,1037.1
22870,210481.6,93541.0,48277.38,20429.57,462.92,1037.1
22871,182416.64,96660.0,31274.94,10668.91,202.12,1037.2
22872,152803.84,88065.0,34394.13,11284.79,376.53,1037.3
22873,229688.48,111197.0,29100.33,35311.03,370.01,1037.4
22874,231088.48,108732.0,58129.73,25128.25,529.75,1037.4
22875,174166.72,86415.0,39326.36,19282.58,352.08,1037.4
22876,193816.0,106856.0,35695.09,25360.07,423.8,1037.4
22877,127361.92,78716.0,27406.66,18254.96,288.51,1037.5
22878,192368.95,97765.0,37688.05,11807.25,298.29,1037.5
22879,169144.64,97899.0,28695.51,10893.811,177.67,1037.6
22880,200755.52,102955.0,30330.36,11978.5205,241.24,1037.6
22881,165701.77,95864.0,30771.51,13220.66,145.06999,1037.6
22882,214219.05,101424.0,41590.93,24432.791,361.86,1037.7
22883,159163.2,88013.0,30617.541,13628.94,332.52,1037.7
22884,128679.04,69460.0,37606.742,26622.97,312.96,1037.7
22885,158482.23,89728.0,27401.47,9520.19,176.04,1037.7
22886,131780.33,76909.0,17896.85,13158.38,94.54,1037.7
22887,218722.56,102705.0,41663.59,15057.92,324.37,1037.7
22888,136264.8,78645.0,27268.26,6170.91,257.54,1037.7
22889,201996.48,109068.0,25176.69,18514.46,285.25,1037.7
22890,203993.44,103359.0,36416.5,12248.4,260.8,1037.8
22891,155404.48,94970.0,20683.88,11826.28,105.95,1037.8
22892,153002.08,75520.0,42291.582,18026.6,402.61,1037.8
22893,252062.72,108897.0,59709.22,28209.38,495.52,1037.9
22894,170954.56,92161.0,30539.69,21081.78,487.37,1037.9
22895,153291.05,85905.0,34074.082,14839.94,335.78,1038.0
22896,225239.84,111761.0,47927.92,12229.37,347.19,1038.1
22897,189236.33,94545.0,48810.22,15265.5205,236.35,1038.3
22898,161881.44,77764.0,41732.79,16223.94,339.04,1038.4
22899,200669.28,97002.0,37667.29,12739.72,329.26,1038.4
22900,168929.6,92390.0,35641.46,6707.21,306.44,1038.5
22901,56618.242,37265.0,26699.09,136.67,286.88,1038.5
22902,181599.05,97013.0,38480.39,11412.811,330.88998,1038.6
22903,156943.36,93178.0,16853.66,10520.13,190.71,1038.6
22904,157181.92,88860.0,23652.56,21493.52,115.73,1038.7
22905,197300.33,96822.0,23733.871,7172.58,198.86,1038.7
22906,159776.95,86163.0,35679.52,14106.42,249.39,1038.7
22907,170904.16,97059.0,16436.73,14275.96,143.44,1038.7
22908,171506.72,94606.0,31539.63,12942.13,260.8,1038.9
22909,262143.0,111017.0,45267.18,23823.83,386.31,1038.9
22910,209180.16,95815.0,41357.38,29413.46,418.91,1039.0
22911,257368.16,107541.0,37371.46,20829.201,281.99,1039.1
22912,170083.2,98707.0,22438.1,12452.54,81.5,1039.1
22913,210853.44,102042.0,33110.47,18059.47,523.23,1039.1
22914,11366.88,7231.0,8207.12,31.14,60.31,1039.2
22915,201197.92,102625.0,49846.492,17215.23,272.21,1039.2
22916,217962.08,103416.0,41672.242,28953.281,472.7,1039.2
22917,173488.0,97800.0,26043.42,11063.351,288.51,1039.2
22918,154572.33,97480.0,25455.22,11793.41,249.39,1039.3
22919,161310.23,76406.0,44621.89,14403.98,242.87,1039.3
22920,198269.12,98616.0,33601.79,8596.37,350.45,1039.3
22921,194912.48,104023.0,35465.0,13007.87,185.81999,1039.3
22922,262143.0,112372.0,46729.03,10753.68,484.11,1039.4
22923,179472.16,98148.0,41810.64,16929.78,321.11,1039.4
22924,194626.88,96533.0,31114.05,16646.06,332.52,1039.5
22925,146217.12,82839.0,27711.14,12812.38,189.08,1039.5
22926,202093.92,97447.0,20464.17,11160.23,215.16,1039.5
22927,211925.28,104879.0,59897.79,7599.89,402.61,1039.5
22928,226717.12,104909.0,52687.152,24192.32,396.09,1039.6
22929,193805.92,100412.0,30214.451,12789.891,311.33,1039.6
22930,159912.48,96542.0,33660.61,10217.38,177.67,1039.7
22931,213637.77,98409.0,60387.38,10618.74,443.36,1039.7
22932,136335.36,77700.0,17436.67,17848.41,190.71,1039.8
22933,204338.4,105736.0,27936.041,8262.48,234.72,1039.8
22934,190938.72,101092.0,48678.742,9795.26,229.83,1039.8
22935,194984.16,102085.0,33264.44,23050.52,272.21,1039.8
22936,74434.08,40297.0,15824.311,233.55,138.55,1039.8
22937,153315.69,86981.0,28102.121,15559.62,163.0,1039.9
22938,262143.0,111803.0,90613.94,19336.21,640.59,1039.9
22939,237602.4,107879.0,37329.94,12537.311,365.12,1039.9
22940,177983.69,95953.0,23064.36,14365.92,163.0,1040.0
22941,213431.69,98516.0,43713.64,17972.97,280.36,1040.0
22942,262143.0,103016.0,131993.81,54956.91,1533.83,1040.0
22943,179670.4,94920.0,35836.95,9521.92,254.28,1040.1
22944,262143.0,92297.0,111540.02,67025.39,1015.49,1040.1
22945,160191.36,90945.0,27271.72,3242.02,267.32,1040.2
22946,188052.48,94018.0,26536.47,15471.391,262.43,1040.3
22947,202460.16,101564.0,35437.32,10338.48,167.89,1040.3
22948,175228.48,96113.0,26811.541,18697.84,260.8,1040.3
22949,157609.77,89116.0,21086.97,16199.72,158.11,1040.3
22950,251986.56,106729.0,40265.75,45973.02,286.88,1040.3
22951,51504.32,33802.0,20055.89,89.96,202.12,1040.3
22952,223298.88,99810.0,41950.77,15177.29,236.35,1040.4
22953,101299.52,52312.0,55770.01,835.59,588.43,1040.5
22954,168357.28,91332.0,29190.291,10885.16,312.96,1040.6
22955,197320.48,104507.0,35736.61,7833.44,285.25,1040.6
22956,8704.64,8344.0,6906.16,19.03,55.42,1040.7
22957,60502.4,52432.0,7463.22,1373.62,99.43,1040.8
22958,166694.08,84644.0,41167.082,19436.55,326.0,1041.1
22959,118709.92,75604.0,24545.24,14893.57,138.55,1041.2
22960,158586.4,94260.0,19865.59,8281.51,193.97,1041.2
22961,131015.36,81753.0,19568.03,12667.061,180.93,1041.2
22962,206704.95,105660.0,41329.7,20125.09,189.08,1041.3
22963,211279.05,99277.0,59401.28,25578.05,423.8,1041.4
22964,111198.08,66488.0,28558.84,12879.851,252.65,1041.5
22965,170670.08,96633.0,19097.47,8224.42,189.08,1041.6
22966,169112.16,96849.0,29717.94,8134.46,283.62,1041.6
22967,197291.36,107023.0,23358.46,24346.291,298.29,1041.7
22968,198217.6,101303.0,35942.48,9662.05,334.15,1041.8
22969,155538.88,85149.0,46395.14,13454.21,510.19,1042.0
22970,214262.72,106348.0,57826.98,18590.58,526.49,1042.0
22971,240439.36,104845.0,36814.402,19881.16,218.42,1042.0
22972,200486.72,94549.0,24578.11,15362.4,264.06,1042.1
22973,262143.0,116871.0,80886.15,57890.992,593.32,1042.2
22974,158350.08,95306.0,26858.25,7968.38,207.01,1042.2
22975,212507.69,107197.0,25332.39,21040.26,373.27,1042.3
22976,208669.44,108020.0,38606.68,37549.652,386.31,1042.3
22977,192170.72,106681.0,31207.47,11020.101,293.4,1042.3
22978,211523.2,102901.0,41879.84,10392.11,211.9,1042.4
22979,191736.16,97165.0,32344.08,16097.65,234.72,1042.4
22980,222748.97,97829.0,55214.68,30487.791,389.57,1042.5
22981,194480.16,95860.0,28700.701,17562.96,254.28,1042.5
22982,183274.56,99480.0,32664.13,7598.16,205.38,1042.6
22983,230941.77,102965.0,87714.46,54560.742,647.11,1042.7
22984,63131.04,36603.0,41471.56,214.52,342.3,1042.7
22985,179447.52,93864.0,38876.56,9303.94,200.49,1042.8
22986,262143.0,103168.0,48734.1,16142.63,334.15,1042.8
22987,220044.16,105472.0,34108.68,12158.44,149.96,1042.8
22988,215373.77,109253.0,19625.121,10701.78,288.51,1042.8
22989,195394.08,104381.0,34840.47,10957.82,308.07,1042.9
22990,165409.44,100765.0,20126.82,10871.32,205.38,1042.9
22991,192108.0,104969.0,42658.34,23846.32,456.4,1042.9
22992,214378.08,104024.0,41770.85,20448.6,431.95,1042.9
22993,262143.0,102344.0,66829.9,19931.33,427.06,1043.0
22994,204360.8,99200.0,48144.17,21900.07,345.56,1043.0
22995,156512.16,97565.0,24730.35,18870.84,236.35,1043.0
22996,199590.72,82428.0,25180.15,33994.5,273.84,1043.1
22997,211103.2,106766.0,46343.242,14570.061,353.71,1043.2
22998,152119.52,81089.0,30901.26,15537.13,358.6,1043.4
22999,186225.77,103416.0,27072.77,12452.54,159.74,1043.4
23000,190320.48,100372.0,30288.84,8560.04,172.78,1043.5
23001,117902.4,73646.0,29110.71,9523.65,270.58,1043.5
23002,167724.48,100776.0,21983.11,11990.63,84.76,1043.5
23003,172807.05,95129.0,23633.53,10200.08,358.6,1043.6
23004,107057.44,65772.0,20837.85,34051.59,158.11,1043.7
23005,184077.6,98067.0,33113.93,19768.71,218.42,1043.7
23006,102317.6,62772.0,45689.3,247.39,148.33,1043.8
23007,260644.16,106128.0,124018.51,16563.02,850.86,1043.9
23008,180149.77,100704.0,24574.65,7352.5,252.65,1044.0
23009,189949.77,93729.0,56766.492,15092.5205,485.74,1044.0
23010,188193.6,100875.0,38971.71,11345.34,304.81,1044.0
23011,228710.72,107551.0,31954.83,17429.75,301.55,1044.1
23012,200804.8,106696.0,41883.3,15647.851,317.85,1044.1
23013,104154.4,61456.0,24074.68,13739.66,14.67,1044.2
23014,184233.28,91430.0,49932.992,15426.41,423.8,1044.2
23015,173041.12,74769.0,65613.71,16130.5205,348.82,1044.2
23016,194000.8,104217.0,29038.05,13428.26,118.99,1044.3
23017,163005.92,99764.0,28147.1,6999.58,216.79,1044.3
23018,233347.52,107473.0,33818.04,15614.98,303.18,1044.4
23019,194407.36,99516.0,41757.01,9082.5,285.25,1044.4
23020,223435.52,99660.0,44794.89,17114.89,208.64,1044.4
23021,162992.48,81044.0,34733.21,16621.84,285.25,1044.4
23022,174364.95,93507.0,24372.24,17374.39,211.9,1044.5
23023,193196.64,98353.0,22671.65,12667.061,259.17,1044.5
23024,157827.05,95964.0,14557.95,12156.71,166.26,1044.6
23025,128768.64,77159.0,39542.61,17580.26,295.03,1044.6
23026,184219.84,98880.0,35219.34,10829.8,252.65,1044.6
23027,197494.08,100750.0,35193.39,17640.81,247.76,1044.7
23028,220898.72,103409.0,66245.164,20419.19,387.94,1044.7
23029,177629.77,90252.0,35387.15,10200.08,249.39,1044.7
23030,75698.56,52741.0,40390.31,278.53,132.03,1044.8
23031,262143.0,100644.0,55652.37,27472.4,549.31,1044.8
23032,203044.8,97215.0,47040.43,8587.72,319.48,1044.8
23033,202539.69,77496.0,68909.36,22381.01,379.79,1044.8
23034,248560.48,113849.0,37831.64,13988.78,485.74,1044.9
23035,123532.64,68545.0,38530.56,13820.97,322.74,1044.9
23036,30718.24,10215.0,80436.35,361.57,342.3,1045.0
23037,175449.12,102644.0,18197.871,17782.67,265.69,1045.0
23038,229697.44,99304.0,43749.97,15367.59,446.62,1045.0
23039,230921.6,107929.0,40751.88,22579.96,353.71,1045.1
23040,247891.84,110841.0,43516.42,15249.95,343.93,1045.1
23041,262143.0,110889.0,125700.07,71490.52,899.76,1045.1
23042,188264.16,103308.0,29816.55,19228.951,236.35,1045.2
23043,20556.48,15063.0,4920.12,53.63,88.02,1045.2
23044,262143.0,110490.0,82481.21,25415.43,699.27,1045.3
23045,198437.12,98713.0,30281.92,17576.8,179.3,1045.3
23046,198923.2,97192.0,37703.62,10840.18,244.5,1045.4
23047,179831.69,98543.0,33733.27,13083.99,270.58,1045.4
23048,167750.23,91141.0,29768.11,9559.98,223.31,1045.5
23049,262143.0,102498.0,89479.06,35404.45,577.02,1045.5
23050,224523.05,103872.0,38428.492,16478.25,185.81999,1045.6
23051,213827.05,101017.0,43445.492,25263.19,397.72,1045.6
23052,206293.92,108749.0,43898.75,13039.01,316.22,1045.6
23053,198275.84,104373.0,22408.69,12791.62,192.34,1045.7
23054,166345.77,82176.0,39879.96,13558.01,316.22,1045.7
23055,254867.2,83021.0,50711.492,29655.66,371.63998,1045.7
23056,262143.0,114189.0,67023.664,25391.21,402.61,1045.8
23057,222970.72,109733.0,47663.23,11885.101,216.79,1045.8
23058,200867.52,102207.0,58652.19,29243.92,370.01,1045.8
23059,191540.16,105336.0,34771.27,16917.67,321.11,1045.8
23060,167700.95,52262.0,146302.64,1264.63,1418.1,1045.9
23061,207734.23,94318.0,53361.85,29269.871,472.7,1046.0
23062,227804.64,110131.0,62034.34,32267.96,461.29,1046.0
23063,183354.08,98484.0,43320.93,11023.561,260.8,1046.1
23064,178623.2,94839.0,46011.082,4067.23,339.04,1046.1
23065,215841.92,101708.0,57237.05,22706.25,485.74,1046.2
23066,204031.52,101443.0,42308.88,8925.07,298.29,1046.2
23067,176631.84,102357.0,42493.992,7381.91,291.77,1046.2
23068,195334.72,94696.0,45253.34,20939.92,371.63998,1046.3
23069,169927.52,80464.0,37371.46,19085.36,528.12,1046.3
23070,103921.44,58849.0,22400.041,20441.68,236.35,1046.3
23071,253199.52,113456.0,66646.52,29378.86,518.34,1046.3
23072,15879.36,15998.0,2418.54,460.18,48.9,1046.3
23073,200732.0,100535.0,33107.01,8748.61,255.91,1046.4
23074,262143.0,118364.0,101578.68,19730.65,769.36,1046.4
23075,230059.2,106981.0,47448.71,9511.54,303.18,1046.5
23076,262143.0,96852.0,69677.484,41525.19,691.12,1046.5
23077,232197.28,104700.0,67615.32,30060.48,475.96,1046.5
23078,83519.52,60192.0,20497.041,12345.28,151.59,1046.5
23079,73648.96,18453.0,169299.53,247.39,735.13,1046.5
23080,233234.4,101648.0,53956.97,13198.17,374.9,1046.6
23081,191392.33,97637.0,29522.451,16118.41,211.9,1046.6
23082,194613.44,99676.0,30527.58,19360.43,241.24,1046.6
23083,183697.92,102467.0,26072.83,12070.21,73.35,1046.7
23084,160020.0,87915.0,36968.37,17372.66,312.96,1046.7
23085,225501.92,111159.0,49967.59,16082.08,381.42,1046.7
23086,262143.0,121425.0,66902.56,32435.77,497.15,1046.7
23087,213100.16,91956.0,41511.35,14779.391,370.01,1046.8
23088,211159.2,103873.0,57538.07,14459.34,322.74,1046.8
23089,230657.28,105561.0,44291.46,18201.33,200.49,1046.9
23090,38806.88,23733.0,22190.71,81.31,207.01,1046.9
23091,144038.72,85977.0,26553.77,15556.16,220.05,1046.9
23092,184776.48,106724.0,25405.05,20258.3,283.62,1046.9
23093,180716.48,96375.0,33572.38,13338.3,236.35,1046.9
23094,162151.36,90424.0,28832.18,7942.43,130.4,1046.9
23095,209302.23,100509.0,38532.29,17998.92,257.54,1046.9
23096,187495.84,101169.0,33238.492,15616.71,210.27,1046.9
23097,63512.96,22247.0,115529.4,370.22,539.52997,1047.0
23098,177624.16,98796.0,31036.201,14301.91,141.81,1047.0
23099,217744.8,126276.0,44116.73,27586.58,544.42,1047.0
23100,170372.16,82041.0,36276.37,45806.94,466.18,1047.0
23101,262143.0,116164.0,95748.58,41281.26,836.19,1047.1
23102,262143.0,97857.0,55512.242,17248.1,262.43,1047.1
23103,204560.16,101423.0,35281.62,14677.32,322.74,1047.1
23104,191132.48,97716.0,46594.09,8426.83,343.93,1047.1
23105,154792.95,16905.0,236816.25,316.59,1421.36,1047.1
23106,195134.23,101868.0,37907.76,21875.85,246.13,1047.1
23107,240194.08,103517.0,50635.37,17742.88,345.56,1047.3
23108,204568.0,104365.0,23818.64,12912.72,195.6,1047.4
23109,210458.08,99645.0,38544.402,18936.58,358.6,1047.4
23110,161721.28,94933.0,28314.91,10411.14,275.47,1047.4
23111,165856.33,82757.0,43267.3,16153.01,409.13,1047.4
23112,186214.56,102114.0,32011.92,23379.22,260.8,1047.4
23113,157419.36,87564.0,32939.2,15988.66,301.55,1047.5
23114,229374.88,105850.0,38975.17,26917.07,308.07,1047.5
23115,234933.44,104929.0,65387.082,28863.32,777.51,1047.5
23116,197760.64,98084.0,41601.31,17220.42,430.32,1047.5
23117,217972.16,102577.0,35857.71,18637.291,330.88998,1047.5
23118,196850.08,94582.0,44858.902,14158.32,335.78,1047.5
23119,199717.28,100773.0,34207.29,11445.68,327.63,1047.5
23120,239401.12,111152.0,41606.5,22270.291,360.23,1047.6
23121,231904.97,112037.0,45087.26,18549.06,405.87,1047.6
23122,172317.6,94588.0,30415.13,13739.66,226.56999,1047.6
23123,207692.8,98637.0,36151.81,11641.17,412.38998,1047.6
23124,239296.97,100818.0,49112.97,25944.81,396.09,1047.6
23125,219803.36,108621.0,36842.082,17867.44,304.81,1047.6
23126,192605.28,98604.0,45857.11,18280.91,234.72,1047.6
23127,235462.08,105825.0,34894.1,19306.8,405.87,1047.7
23128,216518.4,100180.0,30273.27,21867.201,335.78,1047.7
23129,194405.12,89599.0,44045.8,34925.242,374.9,1047.7
23130,167736.8,84884.0,43542.37,23841.13,330.88998,1047.7
23131,174403.05,95792.0,32070.74,12236.29,189.08,1047.7
23132,254027.2,113061.0,64643.18,9258.96,519.97,1047.7
23133,158934.72,91658.0,25204.371,7158.74,104.32,1047.8
23134,242422.88,113799.0,41215.52,22112.86,298.29,1047.8
23135,171996.16,93163.0,32197.031,9098.07,270.58,1047.8
23136,248333.12,111891.0,51462.312,10679.29,427.06,1047.8
23137,262143.0,107814.0,66807.414,19600.9,515.08,1047.9
23138,167924.95,77347.0,56131.582,23609.31,528.12,1047.9
23139,185137.12,99004.0,36201.98,19969.39,272.21,1047.9
23140,189837.77,91460.0,34589.62,18903.71,146.7,1047.9
23141,195443.36,103469.0,29105.52,16234.32,255.91,1047.9
23142,193251.52,92972.0,31520.6,13526.87,215.16,1047.9
23143,143209.92,80802.0,27949.88,10120.5,257.54,1047.9
23144,159560.8,68681.0,46469.53,18393.36,387.94,1048.0
23145,201428.64,101189.0,32804.26,14852.05,356.97,1048.0
23146,262143.0,98857.0,94968.35,42016.51,663.41,1048.0
23147,262143.0,104089.0,62337.09,40513.14,519.97,1048.0
23148,243754.56,105145.0,41206.87,15902.16,436.84,1048.0
23149,187564.16,96059.0,20782.49,6465.0103,164.63,1048.1
23150,199203.2,98533.0,34542.91,25315.09,153.22,1048.1
23151,210514.08,92493.0,37873.16,26830.57,296.66,1048.1
23152,232011.36,106045.0,76703.01,27674.81,379.79,1048.1
23153,215896.8,105769.0,60162.48,19673.56,366.75,1048.1
23154,166043.36,97705.0,17680.6,20104.33,312.96,1048.2
23155,200040.95,101324.0,27576.201,29287.17,234.72,1048.2
23156,241348.8,106843.0,64617.23,13703.33,516.71,1048.2
23157,189863.52,101395.0,20663.121,14016.46,167.89,1048.3
23158,227534.72,108924.0,30996.41,21552.34,164.63,1048.3
23159,155034.88,92522.0,31345.871,7459.7603,262.43,1048.4
23160,203864.64,104633.0,26384.23,15907.351,334.15,1048.4
23161,191148.16,100649.0,30081.24,8084.29,138.55,1048.4
23162,132287.69,76052.0,22050.58,26451.701,136.92,1048.4
23163,197098.72,100012.0,37058.332,15184.21,265.69,1048.4
23164,262143.0,108537.0,52547.02,32961.69,365.12,1048.4
23165,218560.16,96149.0,139892.98,25482.9,1056.24,1048.5
23166,193319.84,101345.0,39028.8,20569.701,312.96,1048.6
23167,261069.77,116744.0,47066.38,16787.92,366.75,1048.6
23168,233950.08,104003.0,43924.7,22073.07,304.81,1048.7
23169,20705.44,9961.0,42217.19,69.2,283.62,1048.8
23170,12883.36,5493.0,16140.9,-29.41,94.54,1048.9
23171,202198.08,101537.0,33662.34,11822.82,198.86,1049.3
23172,183150.23,92946.0,39675.82,12744.91,237.98,1049.5
23173,211486.23,110824.0,35819.652,21111.19,321.11,1049.5
23174,118090.56,68605.0,21977.92,17296.541,182.56,1049.5
23175,160494.88,88680.0,27583.121,13876.33,236.35,1049.5
23176,221463.2,103129.0,34779.92,15376.24,374.9,1049.5
23177,151370.23,84991.0,39911.1,14255.2,290.13998,1049.6
23178,183448.16,95411.0,23275.42,17609.67,303.18,1049.6
23179,215864.33,109884.0,26806.35,11679.23,92.909996,1049.6
23180,140579.05,86736.0,13620.29,15758.57,122.25,1049.7
23181,159070.23,90264.0,31020.63,14794.96,200.49,1049.7
23182,154857.92,89990.0,30695.39,10155.101,197.23,1049.9
23183,175284.48,94068.0,37072.17,20130.28,254.28,1049.9
23184,201710.88,101204.0,31162.49,21192.5,286.88,1049.9
23185,181494.88,95900.0,29608.951,13011.33,345.56,1050.0
23186,154507.36,87430.0,24773.6,4119.13,143.44,1050.0
23187,204207.36,109045.0,40386.85,14336.51,371.63998,1050.0
23188,198842.56,97900.0,31141.73,11136.01,311.33,1050.0
23189,171796.8,94027.0,25529.61,20516.07,189.08,1050.0
23190,247362.08,116156.0,64086.12,33956.44,379.79,1050.2
23191,179174.23,93764.0,45912.47,21381.07,299.92,1050.2
23192,171474.23,92044.0,19585.33,12539.04,298.29,1050.2
23193,262143.0,102620.0,78785.93,59169.46,899.76,1050.2
23194,262143.0,99203.0,67260.67,65255.6,642.22,1050.3
23195,231001.12,108017.0,51240.87,14077.01,259.17,1050.3
23196,186821.6,99941.0,26226.8,4475.5103,195.6,1050.4
23197,180612.33,101260.0,26365.201,11847.04,255.91,1050.4
23198,209050.23,98640.0,79133.664,16710.07,570.5,1050.5
23199,262143.0,101401.0,37002.97,27297.67,376.53,1050.5
23200,143673.6,87630.0,26716.39,21936.4,133.66,1050.5
23201,191056.33,88283.0,50114.64,23957.041,249.39,1050.5
23202,243163.2,113805.0,31769.72,18725.52,281.99,1050.5
23203,59073.28,10851.0,74452.28,344.27,345.56,1050.6
23204,119191.52,75421.0,30010.31,15632.28,161.37,1050.6
23205,206645.6,99533.0,33686.56,8371.47,249.39,1050.6
23206,214627.84,103150.0,42410.95,18540.41,252.65,1050.6
23207,213722.88,105083.0,34717.64,23112.8,208.64,1050.6
23208,262143.0,110496.0,43978.332,33577.57,379.79,1050.6
23209,161404.33,83717.0,40227.69,33876.86,356.97,1050.6
23210,206953.6,106624.0,43023.37,21149.25,368.38,1050.7
23211,262143.0,105113.0,116242.164,42921.3,777.51,1050.8
23212,102648.0,48094.0,54455.21,567.44,396.09,1051.0
23213,180718.72,102146.0,26943.02,11969.87,316.22,1051.0
23214,146615.84,17772.0,262143.0,451.53,1709.87,1051.3
23215,218451.52,101173.0,39620.46,17346.71,352.08,1051.6
23216,150589.6,90174.0,21991.76,15329.53,141.81,1052.0
23217,172773.44,98158.0,28584.791,9236.47,285.25,1052.0
23218,163481.92,97324.0,26854.791,1873.59,169.52,1052.1
23219,142570.4,88436.0,31354.52,9950.96,88.02,1052.1
23220,179189.92,93464.0,33044.73,16639.14,311.33,1052.3
23221,20774.88,13761.0,5997.91,57.09,34.23,1052.3
23222,180701.92,98949.0,27795.91,21486.6,339.04,1052.3
23223,146278.72,95937.0,31942.72,16467.871,322.74,1052.4
23224,224782.88,108281.0,44071.75,17492.03,237.98,1052.4
23225,175988.95,93812.0,20431.3,6394.08,50.53,1052.4
23226,215922.56,106912.0,29164.34,10293.5,246.13,1052.5
23227,204025.92,98100.0,39335.01,22150.92,355.34,1052.5
23228,172082.4,96458.0,26861.71,12836.601,138.55,1052.5
23229,206088.95,113316.0,53330.71,11443.95,321.11,1052.6
23230,234298.4,102465.0,40136.0,20760.0,288.51,1052.6
23231,186662.56,101965.0,34234.97,15531.94,252.65,1052.7
23232,186084.64,99972.0,45628.75,20237.541,330.88998,1052.7
23233,216704.33,106527.0,41729.332,18694.38,286.88,1052.7
23234,262143.0,115398.0,51330.832,28718.0,541.16,1052.8
23235,188005.44,95431.0,55358.27,20291.17,340.67,1052.9
23236,223317.92,109508.0,47995.39,25320.281,339.04,1052.9
23237,83491.52,53062.0,36700.22,4222.93,262.43,1053.0
23238,164750.88,93302.0,22100.75,7731.37,163.0,1053.1
23239,75377.12,46139.0,37044.492,112.450005,270.58,1053.1
23240,181898.08,96313.0,36219.28,5480.64,252.65,1053.2
23241,195032.33,105276.0,30672.9,17107.97,340.67,1053.2
23242,160677.44,90640.0,26157.6,2165.96,257.54,1053.3
23243,174820.8,95360.0,19417.52,15827.7705,198.86,1053.4
23244,156964.64,95172.0,22979.59,9347.19,215.16,1053.5
23245,231047.05,108107.0,46775.742,33885.51,361.86,1053.5
23246,148233.12,84210.0,29416.92,16464.41,345.56,1053.6
23247,145591.05,83963.0,19190.89,7778.08,205.38,1053.6
23248,191504.33,96629.0,47704.75,16220.48,342.3,1053.7
23249,183817.77,96228.0,28128.07,12449.08,255.91,1053.8
23250,159574.23,78705.0,51201.082,27475.86,353.71,1053.8
23251,171114.72,94897.0,26896.31,11838.39,112.47,1053.8
23252,194401.77,82248.0,42412.68,14634.07,319.48,1053.9
23253,10190.88,10429.0,664.32,448.07,48.9,1053.9
23254,192735.2,97627.0,43829.55,16926.32,360.23,1053.9
23255,211650.88,113766.0,23299.64,20913.97,247.76,1053.9
23256,207007.36,104896.0,32674.51,12841.79,303.18,1053.9
23257,262143.0,120586.0,94196.77,42701.59,754.69,1054.0
23258,175583.52,98793.0,32485.94,14507.78,281.99,1054.0
23259,135107.84,82693.0,15725.7,11904.13,151.59,1054.0
23260,166950.56,98684.0,18877.76,16052.67,176.04,1054.0
23261,229101.6,118524.0,49379.39,17476.46,370.01,1054.1
23262,240679.05,97989.0,51739.11,12611.7,435.21,1054.1
23263,230616.97,105108.0,27541.6,18666.701,247.76,1054.1
23264,262143.0,95386.0,85121.19,29318.31,671.56,1054.1
23265,191383.36,100213.0,34091.38,14864.16,273.84,1054.1
23266,146095.05,86584.0,22547.09,11589.2705,216.79,1054.1
23267,182451.36,96851.0,32627.8,14993.91,252.65,1054.2
23268,145788.16,85194.0,23782.31,13608.18,123.88,1054.2
23269,192878.56,96911.0,39163.742,17575.07,193.97,1054.2
23270,204351.84,101524.0,41231.09,13158.38,288.51,1054.2
23271,188740.16,102905.0,25377.371,15265.5205,257.54,1054.3
23272,259408.8,114254.0,48183.96,28562.3,399.35,1054.3
23273,183024.8,91748.0,40482.0,12741.45,259.17,1054.3
23274,186546.08,92666.0,43296.71,12021.7705,329.26,1054.3
23275,179468.8,102693.0,34318.01,15372.78,290.13998,1054.4
23276,209377.28,97924.0,40449.13,13435.18,231.46,1054.4
23277,144378.08,85211.0,24669.8,13277.75,211.9,1054.4
23278,186160.8,102609.0,30280.19,7286.7603,190.71,1054.4
23279,165004.0,92165.0,43601.19,8892.2,392.83,1054.5
23280,262143.0,102836.0,125649.9,49424.37,1030.16,1054.5
23281,178890.88,93751.0,31776.64,11890.29,264.06,1054.5
23282,136393.6,79936.0,27427.42,14736.141,177.67,1054.6
23283,254693.6,111941.0,47993.66,24439.71,516.71,1054.6
23284,262143.0,110070.0,75595.81,20040.32,581.91,1054.6
23285,171936.8,86812.0,42884.97,19118.23,399.35,1054.6
23286,163042.88,78091.0,30653.871,11845.311,278.73,1054.6
23287,90796.164,58574.0,21204.61,20839.58,154.85,1054.7
23288,219310.56,106933.0,39047.832,23393.06,428.69,1054.7
23289,229438.72,106056.0,55038.22,22842.92,449.88,1054.7
23290,173951.69,88881.0,40042.582,8174.25,356.97,1054.7
23291,205776.48,102001.0,26795.97,13246.61,167.89,1054.8
23292,249738.72,109639.0,64838.67,12525.2,444.99,1055.0
23293,191800.0,97053.0,33401.11,15929.84,327.63,1055.0
23294,196687.69,99795.0,45007.68,17405.53,308.07,1055.0
23295,178384.64,103097.0,18703.03,14710.19,176.04,1055.1
23296,173993.12,92516.0,25792.57,8475.2705,166.26,1055.1
23297,164892.0,93745.0,24929.3,7165.66,125.51,1055.1
23298,83725.6,53389.0,42033.81,247.39,417.28,1055.2
23299,234561.6,113653.0,50066.2,16180.69,477.59,1055.2
23300,207585.28,98981.0,56553.7,6008.29,327.63,1055.2
23301,32105.92,8572.0,70741.43,316.59,299.92,1055.2
23302,150538.08,83600.0,38817.742,22707.98,299.92,1055.2
23303,185748.64,94665.0,41231.09,8672.49,241.24,1055.2
23304,211223.05,103764.0,43127.17,19602.63,337.41,1055.2
23305,215643.69,103101.0,58448.05,28408.33,353.71,1055.2
23306,206487.69,102841.0,39283.11,15694.561,356.97,1055.3
23307,173501.44,98764.0,25666.281,18095.8,234.72,1055.3
23308,100770.88,63393.0,37016.81,13571.851,321.11,1055.3
23309,209133.12,102613.0,40632.51,28474.07,277.1,1055.4
23310,170808.95,94401.0,33669.26,15796.63,195.6,1055.4
23311,192262.56,98918.0,32601.85,11468.17,252.65,1055.4
23312,214832.8,99769.0,62030.88,29700.64,575.39,1055.4
23313,262143.0,104090.0,79109.44,38343.72,572.13,1055.4
23314,129984.96,72130.0,50104.26,20651.01,244.5,1055.4
23315,262143.0,107559.0,81854.95,52145.66,746.54,1055.5
23316,120359.68,80115.0,16779.27,8961.4,221.68,1055.6
23317,209639.36,106792.0,32105.34,17139.11,316.22,1055.6
23318,191742.88,101415.0,29475.74,13116.86,197.23,1055.6
23319,174901.44,95773.0,32676.24,17488.57,179.3,1055.6
23320,184408.0,103417.0,26420.56,9184.57,179.3,1055.6
23321,260049.44,109056.0,59733.44,24332.451,267.32,1055.6
23322,164722.88,93208.0,22920.77,14644.45,210.27,1055.7
23323,199019.52,103477.0,38675.88,10874.78,202.12,1055.7
23324,105908.32,67816.0,21059.291,11698.26,164.63,1055.7
23325,213529.12,99968.0,46424.55,13327.92,370.01,1055.8
23326,232458.23,101259.0,49083.56,8821.2705,348.82,1055.8
23327,155643.05,93746.0,26354.82,10772.71,133.66,1055.8
23328,200096.95,102445.0,44538.85,12462.92,365.12,1055.8
23329,185291.69,100928.0,40936.992,9606.69,285.25,1055.9
23330,157685.92,80158.0,34797.22,14379.76,207.01,1055.9
23331,180024.33,101508.0,35587.832,13440.37,218.42,1055.9
23332,144225.77,84476.0,57263.0,3091.51,339.04,1055.9
23333,236953.92,110650.0,49048.96,17694.44,526.49,1055.9
23334,169626.23,100041.0,21924.291,13385.01,145.06999,1055.9
23335,168030.23,88631.0,42727.54,23438.041,324.37,1055.9
23336,185508.95,96633.0,39059.94,12914.45,386.31,1056.0
23337,153459.05,92280.0,23230.44,2731.67,198.86,1056.0
23338,214688.33,103051.0,41151.51,16867.5,286.88,1056.0
23339,179353.44,91117.0,38085.95,17751.53,198.86,1056.0
23340,131989.77,69751.0,44658.22,21919.1,443.36,1056.1
23341,234236.8,99369.0,101047.57,38942.3,655.26,1056.1
23342,155072.95,88488.0,20841.31,10142.99,102.69,1056.1
23343,101663.52,62133.0,20510.88,8086.02,145.06999,1056.1
23344,179068.95,96713.0,23159.51,13135.891,184.19,1056.1
23345,252131.05,112557.0,38558.242,23323.86,283.62,1056.1
23346,207911.2,102379.0,58025.93,12244.94,339.04,1056.1
23347,148286.88,81805.0,36381.902,9075.58,330.88998,1056.1
23348,214465.44,96525.0,47019.67,18052.55,334.15,1056.1
23349,178998.4,98330.0,42568.38,13104.75,193.97,1056.1
23350,81111.52,45690.0,50225.36,382.33002,438.47,1056.1
23351,225046.08,111339.0,48981.492,25733.75,244.5,1056.1
23352,260404.48,113215.0,54008.87,20201.21,397.72,1056.2
23353,206498.88,101472.0,41302.02,10796.93,200.49,1056.2
23354,254705.92,108320.0,86621.1,34425.27,916.06,1056.2
23355,182554.4,90201.0,25232.05,13385.01,231.46,1056.2
23356,216922.72,92429.0,46758.44,30617.541,402.61,1056.3
23357,199068.8,88296.0,42186.05,7968.38,397.72,1056.3
23358,187471.2,103821.0,52284.062,17109.7,299.92,1056.3
23359,165788.0,93228.0,32432.31,19462.5,370.01,1056.3
23360,226836.97,94488.0,60953.09,11156.7705,314.59,1056.3
23361,218512.0,102704.0,35620.7,13699.87,213.53,1056.4
23362,185193.12,102000.0,29662.58,15483.5,264.06,1056.4
23363,208770.23,103868.0,42173.94,17443.59,345.56,1056.4
23364,262143.0,106508.0,83173.21,10847.101,546.05,1056.4
23365,262143.0,84105.0,62395.91,30719.61,542.79,1056.4
23366,159303.2,89001.0,21041.99,13222.391,102.69,1056.4
23367,231828.8,114530.0,53683.63,19164.94,330.88998,1056.4
23368,64001.28,39771.0,30472.22,365.03,264.06,1056.7
23369,241856.16,103549.0,51425.98,26872.09,400.98,1056.7
23370,179709.6,93454.0,32790.42,12411.0205,278.73,1056.7
23371,170859.36,94712.0,34906.21,10488.99,252.65,1056.7
23372,213384.64,96201.0,51860.21,16530.15,322.74,1057.1
23373,177591.69,95248.0,38106.71,8755.53,205.38,1057.1
23374,208632.48,105708.0,37001.242,14578.71,254.28,1057.1
23375,188405.28,90453.0,45646.05,18754.93,322.74,1057.2
23376,160373.92,85916.0,28250.9,15954.061,94.54,1057.2
23377,124617.92,47857.0,32961.69,13286.4,242.87,1057.2
23378,176316.0,93825.0,38355.832,11985.44,321.11,1057.2
23379,206696.0,109816.0,28463.69,12257.05,308.07,1057.3
23380,233653.28,104809.0,81605.83,17040.5,531.38,1057.3
23381,165456.48,90277.0,30236.94,35444.242,355.34,1057.4
23382,52664.64,29561.0,29896.13,164.35,211.9,1057.5
23383,262143.0,102058.0,49365.55,28147.1,560.72,1057.5
23384,232802.08,104537.0,52195.832,16467.871,347.19,1057.6
23385,155473.92,75889.0,41634.18,14518.16,353.71,1057.6
23386,207561.77,91052.0,64610.312,17492.03,405.87,1057.6
23387,203058.23,100361.0,33553.35,15173.83,312.96,1057.8
23388,181852.16,101952.0,20414.0,8144.8403,110.84,1057.9
23389,165164.16,89152.0,33636.39,11009.72,257.54,1057.9
23390,34586.72,13978.0,80123.22,138.4,371.63998,1058.0
23391,262143.0,103496.0,36949.34,29861.531,322.74,1058.0
23392,20765.92,10801.0,30176.39,122.83,210.27,1058.0
23393,21237.44,10571.0,28647.07,51.9,267.32,1058.1
23394,228384.8,107924.0,30861.47,16805.22,417.28,1058.2
23395,215560.8,108962.0,30454.92,17417.64,311.33,1058.4
23396,245173.6,110418.0,39314.25,13824.43,288.51,1058.5
23397,209465.77,101733.0,42281.2,21889.69,412.38998,1058.5
23398,262143.0,109564.0,66976.95,21856.82,519.97,1058.6
23399,217919.52,99909.0,32226.44,16884.8,371.63998,1058.7
23400,12518.24,11889.0,577.82,1039.73,6.52,1058.7
23401,23968.0,10453.0,34091.38,57.09,259.17,1058.8
23402,136417.12,69897.0,37210.57,18862.19,340.67,1058.9
23403,236652.64,104749.0,45246.42,18820.67,402.61,1059.0
23404,160176.8,91312.0,24820.31,9912.9,193.97,1059.0
23405,218219.69,107184.0,39585.86,16095.92,303.18,1059.1
23406,172494.56,94017.0,33378.62,13954.18,317.85,1059.1
23407,216457.92,103360.0,60415.062,30576.02,347.19,1059.1
23408,250908.0,112464.0,58031.12,20915.701,554.2,1059.2
23409,10806.88,10081.0,785.42,1159.1,57.05,1059.2
23410,14226.24,6688.0,17388.23,19.03,135.29,1059.4
23411,75014.24,48920.0,30345.93,292.37,293.4,1059.4
23412,202894.72,103624.0,31318.19,24083.33,229.83,1059.5
23413,135596.16,71262.0,38290.09,20163.15,211.9,1059.6
23414,171786.72,85361.0,37978.69,19592.25,337.41,1059.7
23415,172725.28,95948.0,44377.96,20320.58,327.63,1059.7
23416,159545.12,94604.0,29558.781,10696.59,265.69,1059.8
23417,199375.69,100965.0,37120.61,4594.88,326.0,1059.8
23418,177840.33,97010.0,49208.12,14779.391,329.26,1059.8
23419,186960.48,97305.0,34025.64,23194.11,272.21,1059.9
23420,7622.72,7185.0,890.95,1008.59,-19.56,1059.9
23421,72198.56,47897.0,52107.6,5875.08,428.69,1059.9
23422,210822.08,103096.0,30484.33,13547.63,285.25,1059.9
23423,191037.28,96678.0,36871.492,21820.49,299.92,1060.0
23424,25568.48,5639.0,54112.67,15.57,278.73,1060.0
23425,164818.08,94825.0,27538.14,6440.79,207.01,1060.0
23426,204779.69,91876.0,60529.242,14177.351,436.84,1060.1
23427,245863.52,89965.0,139988.14,36515.11,1044.83,1060.2
23428,240479.69,108731.0,40675.76,20588.73,239.61,1060.3
23429,173387.2,84200.0,62478.95,10151.64,373.27,1060.4
23430,179178.72,93660.0,33259.25,5433.93,215.16,1060.6
23431,202743.52,101740.0,41154.97,16163.391,244.5,1060.6
23432,145402.88,80172.0,41272.61,13267.37,273.84,1060.7
23433,161995.69,90074.0,30685.01,16005.96,281.99,1060.7
23434,196497.28,98416.0,41078.85,6323.15,220.05,1060.8
23435,181252.95,99101.0,23062.63,16812.14,167.89,1060.9
23436,160425.44,95028.0,23822.1,6830.04,197.23,1060.9
23437,152269.6,87445.0,25740.67,9978.64,187.45,1061.1
23438,162827.84,89641.0,26206.041,10271.01,154.85,1061.3
23439,187840.8,92264.0,37025.46,8053.15,278.73,1061.3
23440,162476.16,100519.0,19388.11,11300.36,102.69,1061.4
23441,182339.36,96228.0,20751.35,17677.14,247.76,1061.4
23442,192284.95,101573.0,36179.492,12355.66,251.02,1061.5
23443,234869.6,106067.0,36011.68,15208.43,288.51,1061.5
23444,113323.84,69679.0,30544.88,13462.86,335.78,1061.6
23445,169878.23,100684.0,18346.65,22360.25,221.68,1061.7
23446,206775.52,99168.0,43642.71,12545.96,207.01,1061.7
23447,180425.28,97829.0,31916.77,13969.75,337.41,1061.7
23448,106090.88,20256.0,152970.06,475.75,616.14,1061.8
23449,158539.36,90719.0,31915.041,9066.93,218.42,1061.8
23450,139285.44,82959.0,23747.71,8748.61,172.78,1061.8
23451,158463.2,96987.0,25751.05,11966.41,202.12,1061.9
23452,202512.8,101638.0,45071.69,18100.99,247.76,1061.9
23453,188257.44,101356.0,36509.92,18962.53,329.26,1061.9
23454,173359.2,101948.0,29271.6,17485.11,337.41,1061.9
23455,70586.88,43437.0,33371.7,100.340004,343.93,1062.0
23456,160659.52,85656.0,27439.531,22007.33,296.66,1062.0
23457,262143.0,110888.0,83228.57,26351.36,645.48,1062.1
23458,168473.77,89833.0,23728.68,14992.18,286.88,1062.1
23459,129808.0,76573.0,37914.68,7904.37,242.87,1062.2
23460,229378.23,106378.0,37921.6,13611.641,324.37,1062.2
23461,170186.23,94290.0,16320.82,7402.67,81.5,1062.3
23462,174986.56,94173.0,38999.39,17639.08,246.13,1062.3
23463,194297.6,102874.0,33036.082,9674.16,192.34,1062.3
23464,196894.88,101061.0,31581.15,17450.51,278.73,1062.4
23465,204671.05,105590.0,44696.28,17914.15,404.24,1062.4
23466,200288.48,95913.0,34790.3,8968.32,244.5,1062.4
23467,196220.64,92481.0,44217.07,7454.5703,241.24,1062.4
23468,69399.68,40241.0,41065.01,235.28,309.7,1062.5
23469,204872.64,104706.0,33491.07,11734.59,249.39,1062.6
23470,180152.0,100473.0,38637.82,21003.93,203.75,1062.6
23471,171607.52,92523.0,36470.13,10610.09,278.73,1062.7
23472,186532.64,100268.0,43059.7,11769.19,363.49,1062.8
23473,226895.2,114158.0,36458.02,15798.36,296.66,1062.8
23474,236344.64,99645.0,57297.6,16903.83,609.62,1062.8
23475,230139.84,103128.0,33548.16,13398.851,319.48,1062.9
23476,57071.84,27677.0,39551.26,975.72003,479.22,1063.0
23477,135573.77,83810.0,28332.21,14978.34,203.75,1063.0
23478,192821.44,90217.0,59480.86,6717.59,451.51,1063.1
23479,144813.77,86521.0,22102.48,13500.92,278.73,1063.1
23480,252594.72,108223.0,48244.51,27455.1,480.85,1063.2
23481,158366.88,89560.0,23287.53,12056.37,306.44,1063.3
23482,252148.97,107477.0,70680.88,24761.49,467.81,1063.3
23483,184324.0,102791.0,25110.951,14973.15,342.3,1063.4
23484,197797.6,97014.0,25095.38,20339.61,176.04,1063.4
23485,156737.28,82082.0,34631.14,10888.62,246.13,1063.4
23486,210219.52,109309.0,39348.85,12289.92,458.03,1063.5
23487,171720.64,81406.0,26574.531,18453.91,123.88,1063.5
23488,173648.16,104234.0,19595.71,17355.36,211.9,1063.6
23489,192122.56,103979.0,29664.31,11208.67,138.55,1063.6
23490,205381.12,102077.0,38103.25,9258.96,281.99,1063.7
23491,187605.6,99445.0,24925.84,13722.36,251.02,1063.7
23492,154033.6,88737.0,37239.98,4940.88,184.19,1063.7
23493,205247.84,100088.0,47235.92,17270.59,283.62,1063.7
23494,236741.12,108589.0,49125.082,25683.58,423.8,1063.8
23495,189892.64,99427.0,31058.69,13260.45,223.31,1063.8
23496,239518.72,108492.0,59434.152,19869.05,355.34,1063.9
23497,185500.0,102077.0,40476.81,10899.0,280.36,1063.9
23498,154958.72,69633.0,42000.94,42435.17,270.58,1064.0
23499,220842.72,108221.0,43009.53,20446.871,370.01,1064.0
23500,116891.04,68453.0,22692.41,10976.851,335.78,1064.1
23501,177475.2,88005.0,25228.59,22768.53,278.73,1064.1
23502,225674.4,103864.0,39554.72,22808.32,339.04,1064.1
23503,202228.33,100726.0,33520.48,26353.09,244.5,1064.2
23504,180006.4,96545.0,28811.42,11490.66,184.19,1064.2
23505,178366.72,95256.0,36250.42,15305.311,281.99,1064.2
23506,167781.6,96340.0,31894.281,16730.83,133.66,1064.2
23507,175825.44,96136.0,34084.46,12494.061,233.09,1064.3
23508,225523.2,106473.0,40317.652,23365.38,267.32,1064.3
23509,189964.33,97261.0,23721.76,11613.49,130.4,1064.3
23510,166552.95,84072.0,40225.96,19381.19,267.32,1064.3
23511,38072.16,24820.0,12113.46,105.53,91.28,1064.3
23512,188110.72,89084.0,45919.39,27205.98,547.68,1064.3
23513,185796.8,101633.0,34458.14,11338.42,290.13998,1064.4
23514,180776.95,93622.0,26756.18,12667.061,172.78,1064.4
23515,206244.64,108415.0,43160.04,23515.89,259.17,1064.4
23516,150643.36,87763.0,26738.88,8087.75,202.12,1064.5
23517,157245.77,80965.0,78332.67,52969.14,666.67,1064.5
23518,180994.23,98018.0,32762.74,20045.51,242.87,1064.5
23519,165305.28,91062.0,30008.58,8162.14,185.81999,1064.6
23520,147613.77,94408.0,18054.28,13352.141,132.03,1064.6
23521,222370.4,104260.0,43367.64,22503.84,365.12,1064.6
23522,262143.0,107200.0,55908.41,20642.36,539.52997,1064.7
23523,262143.0,101951.0,90857.87,50870.652,665.04,1064.7
23524,107066.4,61029.0,27276.91,19569.76,218.42,1064.7
23525,198026.08,100317.0,40250.18,17838.03,319.48,1064.7
23526,150540.33,86004.0,33432.25,10068.601,241.24,1064.7
23527,190208.48,103836.0,34520.42,14993.91,275.47,1064.7
23528,262143.0,115453.0,88544.86,39677.55,797.07,1064.8
23529,213271.52,95544.0,33911.46,37303.992,226.56999,1064.8
23530,262143.0,110308.0,110609.28,72602.914,986.15,1064.8
23531,207113.77,103603.0,44668.6,24093.71,267.32,1064.8
23532,199608.64,98800.0,38841.96,18107.91,335.78,1064.8
23533,213092.33,111037.0,41028.68,19170.13,226.56999,1064.8
23534,186266.08,95764.0,44068.29,18569.82,295.03,1064.8
23535,262143.0,99713.0,83863.484,39803.84,696.01,1064.9
23536,260319.36,101377.0,90873.44,18334.541,709.05,1064.9
23537,198524.48,101664.0,30347.66,27225.01,278.73,1064.9
23538,174780.48,101833.0,24149.07,19462.5,234.72,1065.0
23539,189660.8,98293.0,28446.39,14443.7705,229.83,1065.0
23540,261375.52,109192.0,46710.0,25768.35,343.93,1065.0
23541,168999.05,87740.0,34056.78,9243.39,234.72,1065.1
23542,165207.84,86692.0,26626.43,18739.36,224.94,1065.1
23543,90091.68,51584.0,48434.81,266.42,340.67,1065.2
23544,199829.28,97421.0,47329.34,13533.79,224.94,1065.4
23545,235208.97,105900.0,45011.14,24700.94,285.25,1065.4
23546,262143.0,98796.0,90413.26,30498.17,733.5,1065.5
23547,189545.44,94821.0,24398.19,9274.53,281.99,1065.5
23548,231817.6,104533.0,55654.1,23242.55,451.51,1065.5
23549,192052.0,97358.0,33760.95,12174.01,189.08,1065.5
23550,193916.8,94020.0,25534.8,11940.46,268.95,1065.6
23551,186126.08,102848.0,35103.43,13547.63,164.63,1065.6
23552,171625.44,85993.0,46756.71,18135.59,580.27997,1065.6
23553,262143.0,113929.0,48305.06,31558.66,321.11,1065.6
23554,262143.0,98438.0,71751.75,19166.67,389.57,1065.7
23555,170611.84,99376.0,23951.85,15313.96,76.61,1065.7
23556,238711.2,109584.0,36999.51,25043.48,345.56,1065.7
23557,192233.44,105790.0,32389.06,5703.81,262.43,1065.8
23558,180787.05,89997.0,40172.332,13362.5205,412.38998,1065.8
23559,73232.32,44517.0,53022.77,351.19,402.61,1065.8
23560,68208.0,20975.0,132467.83,468.83002,800.33,1065.8
23561,175647.36,88640.0,91359.57,41144.59,731.87,1065.9
23562,145465.6,85820.0,55321.94,13322.73,502.04,1065.9
23563,124871.04,77189.0,26065.91,10535.7,156.48,1065.9
23564,174372.8,92908.0,33324.992,8293.62,299.92,1065.9
23565,143700.48,82008.0,47381.242,11187.91,381.42,1065.9
23566,255941.28,113974.0,61394.242,22957.1,607.99,1066.0
23567,262143.0,110651.0,94963.164,52993.36,722.09,1066.0
23568,181553.12,95290.0,117799.164,48761.78,1188.27,1066.1
23569,236213.6,102985.0,53578.1,24380.89,405.87,1066.1
23570,176656.48,92117.0,39540.88,12691.28,337.41,1066.6
23571,98816.48,63570.0,21263.43,14798.42,167.89,1066.8
23572,194268.48,94453.0,41469.832,19069.791,342.3,1067.1
23573,177257.92,93795.0,29733.51,20988.36,268.95,1067.1
23574,124103.84,80871.0,21223.64,12642.84,187.45,1067.2
23575,151217.92,84475.0,20810.17,9752.01,167.89,1067.3
23576,148973.44,82936.0,28164.4,15080.41,262.43,1067.3
23577,190311.52,91628.0,42611.63,15518.101,291.77,1067.4
23578,182082.88,97984.0,24079.871,7452.84,275.47,1067.5
23579,207000.64,103078.0,30086.43,11949.11,295.03,1067.5
23580,180003.05,99492.0,39591.05,11943.92,363.49,1067.6
23581,164752.0,91655.0,28780.281,13564.93,352.08,1067.7
23582,64762.88,44820.0,23880.92,301.02,241.24,1067.8
23583,25877.6,19420.0,13703.33,67.47,117.36,1067.9
23584,198273.6,101290.0,36395.742,20433.03,334.15,1068.0
23585,211181.6,103213.0,42597.79,22505.57,402.61,1068.0
23586,200678.23,100850.0,37781.47,4536.06,383.05,1068.1
23587,173415.2,99595.0,37468.34,13028.63,278.73,1068.1
23588,189285.6,101270.0,42103.01,16684.121,283.62,1068.2
23589,206958.08,101508.0,36762.5,30702.31,466.18,1068.2
23590,161594.72,94668.0,22090.371,16040.561,224.94,1068.3
23591,166787.05,92656.0,29508.61,15770.68,236.35,1068.4
23592,195405.28,101541.0,40850.492,10805.58,317.85,1068.5
23593,217798.56,101585.0,54418.88,27342.65,358.6,1068.5
23594,184642.08,87828.0,64070.55,32522.27,365.12,1068.5
23595,262143.0,107072.0,124717.43,30280.19,992.67,1068.6
23596,262143.0,107016.0,55308.1,32318.13,550.94,1068.7
23597,183891.69,101563.0,28304.531,14717.11,322.74,1068.7
23598,170623.05,97960.0,35914.8,13362.5205,309.7,1068.8
23599,58059.68,29321.0,27811.48,192.03,291.77,1068.9
23600,180638.08,97102.0,28799.31,13239.69,277.1,1069.1
23601,86506.56,40779.0,28046.76,1821.6901,316.22,1069.1
23602,176826.72,96124.0,28465.42,12684.36,112.47,1069.1
23603,192404.8,101895.0,33472.04,17507.6,268.95,1069.1
23604,178930.08,102307.0,17642.541,11532.18,104.32,1069.3
23605,179195.52,93133.0,32620.88,13319.2705,228.2,1069.3
23606,101960.32,66643.0,27112.56,13988.78,339.04,1069.3
23607,212450.56,104035.0,27195.6,16654.71,332.52,1069.4
23608,185604.16,98614.0,42611.63,24124.85,335.78,1069.5
23609,210572.33,107222.0,34916.59,14293.26,368.38,1069.6
23610,214075.69,100419.0,41952.5,19113.041,379.79,1069.6
23611,221739.84,111533.0,53905.07,25879.07,534.64,1069.7
23612,175240.8,94456.0,34921.78,9492.51,226.56999,1069.7
23613,19728.8,6346.0,70006.18,88.23,374.9,1069.9
23614,176851.36,99041.0,16147.82,14618.5,81.5,1070.0
23615,220507.84,101700.0,47718.59,10239.87,458.03,1070.0
23616,181787.2,94764.0,26475.92,14900.49,249.39,1070.2
23617,9101.12,6751.0,28963.66,83.04,174.41,1070.3
23618,167463.52,90120.0,29480.93,11566.78,185.81999,1070.5
23619,206943.52,111495.0,52168.152,30769.781,277.1,1070.6
23620,196576.8,101575.0,36850.73,23334.24,363.49,1070.7
23621,120090.88,76729.0,14495.67,11682.69,211.9,1070.7
23622,191173.92,93847.0,30953.16,13388.47,207.01,1070.7
23623,121148.164,74712.0,11879.91,15277.63,172.78,1070.8
23624,155811.05,85731.0,30383.99,12270.89,228.2,1070.9
23625,161219.52,88100.0,48294.68,11113.5205,241.24,1071.1
23626,217843.36,103929.0,39997.6,13208.55,288.51,1071.1
23627,207860.8,100221.0,37629.23,20803.25,373.27,1071.2
23628,157622.08,84127.0,46464.34,18684.0,339.04,1071.2
23629,62489.28,40145.0,28237.06,167.81,270.58,1071.3
23630,227752.0,114096.0,55482.832,18075.041,431.95,1071.3
23631,165484.48,94669.0,17843.22,7710.61,45.64,1071.3
23632,167740.16,88714.0,33517.02,22803.13,368.38,1071.5
23633,223034.56,104377.0,43045.86,5150.21,464.55,1071.5
23634,154874.72,90549.0,29410.0,11288.25,324.37,1071.6
23635,203835.52,106214.0,29792.33,14782.851,262.43,1071.8
23636,180290.88,101648.0,30195.42,14222.33,273.84,1071.8
23637,171739.69,87104.0,38954.41,24060.84,329.26,1071.9
23638,187675.05,98295.0,50794.53,4909.74,233.09,1072.0
23639,158668.16,92228.0,22085.18,10793.47,122.25,1072.0
23640,92710.24,48401.0,40182.71,188.57,414.02,1072.1
23641,226217.6,109847.0,37644.8,14717.11,391.2,1072.1
23642,173434.23,85043.0,43860.69,16011.15,326.0,1072.2
23643,175944.16,99466.0,30939.32,12706.851,286.88,1072.2
23644,223305.6,94912.0,56472.39,31183.25,505.3,1072.3
23645,156420.33,84572.0,39376.53,11821.09,277.1,1072.3
23646,174839.84,100565.0,20157.96,10618.74,193.97,1072.3
23647,205431.52,94652.0,33610.44,14374.57,368.38,1072.4
23648,154750.4,92015.0,20460.71,10585.87,73.35,1072.5
23649,126725.76,67229.0,25057.32,14262.12,340.67,1072.6
23650,196913.92,95652.0,40950.832,20517.8,286.88,1072.6
23651,182448.0,99225.0,30949.701,14307.101,262.43,1072.7
23652,173042.23,95609.0,32001.541,11940.46,229.83,1072.7
23653,128464.0,74112.0,40276.13,5221.14,335.78,1072.8
23654,158542.72,81944.0,67425.02,432.5,503.67,1072.8
23655,227279.36,100570.0,43620.22,14064.9,303.18,1072.9
23656,171635.52,99252.0,22213.201,9688.0,58.68,1073.0
23657,227032.97,102105.0,72557.93,42665.26,492.26,1073.0
23658,70537.6,38757.0,33620.82,269.88,316.22,1073.0
23659,174892.48,24001.0,223420.86,480.94,1672.38,1073.0
23660,165868.64,90085.0,30257.701,15955.79,280.36,1073.0
23661,100922.08,62505.0,23474.371,15243.03,213.53,1073.0
23662,194454.4,104564.0,32072.47,9926.74,319.48,1073.0
23663,172726.4,92560.0,33887.242,13836.54,345.56,1073.1
23664,194830.72,98353.0,40649.81,19239.33,231.46,1073.2
23665,210330.4,111937.0,46030.11,9802.18,237.98,1073.2
23666,220278.23,105164.0,41334.89,16715.26,278.73,1073.2
23667,177929.92,97307.0,31669.38,14601.2,281.99,1073.2
23668,185730.72,99415.0,33508.37,5752.25,192.34,1073.3
23669,160744.64,91225.0,28633.23,6160.5303,166.26,1073.3
23670,174820.8,92664.0,33082.79,16829.44,327.63,1073.5
23671,174428.8,89307.0,46391.68,19564.57,423.8,1073.5
23672,209357.12,102365.0,48663.17,12928.29,278.73,1073.6
23673,159454.4,86220.0,39561.64,22635.32,337.41,1073.6
23674,132142.08,73063.0,28576.14,28603.82,272.21,1073.7
23675,163069.77,87415.0,21175.201,9124.0205,99.43,1073.7
23676,183304.8,93905.0,36553.17,26681.791,347.19,1073.7
23677,180699.69,92133.0,37205.38,12947.32,343.93,1073.8
23678,205231.05,93341.0,42762.14,12841.79,254.28,1073.9
23679,193256.0,102323.0,24524.48,18251.5,104.32,1073.9
23680,182820.95,103533.0,33603.52,9098.07,172.78,1074.0
23681,182372.95,98220.0,30901.26,11833.2,221.68,1074.0
23682,191776.48,103551.0,32660.67,18976.371,184.19,1074.0
23683,201031.05,97758.0,32444.42,21526.39,329.26,1074.0
23684,210557.77,106334.0,29453.25,32562.06,358.6,1074.0
23685,111594.56,71897.0,24830.69,10947.44,179.3,1074.1
23686,152902.4,83413.0,13002.68,10597.98,236.35,1074.1
23687,205123.52,91032.0,41063.28,23235.63,262.43,1074.1
23688,203008.95,105824.0,41866.0,10089.36,260.8,1074.1
23689,194874.4,85629.0,59340.73,14639.26,502.04,1074.2
23690,180417.44,100461.0,28645.34,8838.57,202.12,1074.2
23691,212540.16,98660.0,29031.13,23515.89,330.88998,1074.3
23692,181488.16,99221.0,31740.31,8774.561,120.62,1074.3
23693,167478.08,89584.0,25564.21,16454.03,169.52,1074.3
23694,193420.64,98492.0,32721.22,22202.82,262.43,1074.4
23695,172299.69,101102.0,34864.69,9681.08,326.0,1074.4
23696,116740.96,64964.0,45492.082,25280.49,277.1,1074.4
23697,200690.56,97760.0,44391.8,25861.77,237.98,1074.4
23698,189580.16,95648.0,26676.6,17734.23,356.97,1074.5
23699,255651.2,112622.0,65923.38,33238.492,511.82,1074.5
23700,152141.92,85593.0,44365.85,9774.5,259.17,1074.5
23701,244026.72,109149.0,55635.07,35710.66,487.37,1074.5
23702,135998.23,74353.0,33157.18,15308.7705,189.08,1074.5
23703,262143.0,118716.0,81739.04,33312.88,643.85,1074.5
23704,208984.16,103379.0,44659.95,20265.22,420.54,1074.5
23705,169793.12,101512.0,31569.041,9409.47,159.74,1074.6
23706,203360.64,102501.0,25877.34,12243.21,161.37,1074.6
23707,262143.0,91440.0,84114.33,38189.75,754.69,1074.6
23708,236074.72,99524.0,71248.32,25081.541,492.26,1074.7
23709,262143.0,99840.0,47533.48,27507.0,433.58,1074.7
23710,200215.69,102704.0,35307.57,9772.7705,270.58,1074.7
23711,262143.0,102611.0,68712.14,31126.16,475.96,1074.8
23712,234192.0,106655.0,50964.07,45794.832,502.04,1074.8
23713,185399.2,96501.0,36793.64,4766.15,275.47,1074.8
23714,262143.0,116685.0,93698.53,38333.34,575.39,1074.8
23715,262143.0,108961.0,82303.02,37746.87,591.69,1074.8
23716,14465.92,5837.0,29759.46,214.52,96.17,1074.9
23717,262143.0,107644.0,175228.23,84827.09,1302.37,1074.9
23718,206267.05,106992.0,36094.72,15281.09,146.7,1074.9
23719,172128.33,95964.0,86676.46,27865.11,815.0,1074.9
23720,194664.95,93188.0,38227.81,10834.99,374.9,1074.9
23721,173866.56,96756.0,40423.18,15265.5205,303.18,1074.9
23722,178358.88,95240.0,44653.03,16575.13,345.56,1075.0
23723,183854.72,101037.0,27237.121,14452.42,166.26,1075.0
23724,190383.2,98435.0,52514.152,26813.27,347.19,1075.1
23725,143940.16,78002.0,28984.42,36482.242,342.3,1075.1
23726,155415.69,86471.0,27605.61,12115.19,154.85,1075.1
23727,241223.36,104050.0,61212.59,27148.89,368.38,1075.1
23728,262143.0,144287.0,48706.42,40466.43,583.54,1075.2
23729,181879.05,82921.0,25142.09,20452.06,265.69,1075.2
23730,197478.4,85408.0,43637.52,27808.02,464.55,1075.2
23731,214634.56,104760.0,39617.0,12642.84,260.8,1075.3
23732,161739.2,78176.0,40513.14,26693.9,451.51,1075.4
23733,185867.36,97908.0,38141.31,17722.121,234.72,1075.4
23734,152499.2,86533.0,32110.531,12807.19,200.49,1075.4
23735,195391.84,109193.0,41533.84,8368.01,329.26,1075.6
23736,155424.64,95501.0,28401.41,6008.29,114.1,1075.6
23737,203010.08,90692.0,37224.41,25823.71,268.95,1075.6
23738,147199.36,89688.0,23419.01,9241.66,347.19,1075.6
23739,147136.64,89805.0,22400.041,14350.351,158.11,1075.7
23740,126711.2,71677.0,27062.39,16654.71,244.5,1075.7
23741,207269.44,100356.0,66539.26,15111.55,373.27,1075.7
23742,11865.28,11593.0,2684.96,1107.2,60.31,1075.7
23743,122588.484,74828.0,16716.99,16713.53,115.73,1075.7
23744,174942.88,92100.0,37293.61,12708.58,205.38,1075.7
23745,146073.77,88317.0,17644.27,10864.4,89.65,1075.7
23746,205418.08,102287.0,37883.54,22481.35,337.41,1075.8
23747,224089.6,89977.0,40321.11,15857.18,519.97,1075.8
23748,124738.88,77717.0,30849.36,10220.84,270.58,1075.8
23749,192477.6,100445.0,26443.05,21432.97,281.99,1075.9
23750,230058.08,104102.0,41750.09,18353.57,273.84,1075.9
23751,186131.69,94070.0,34233.242,16251.62,246.13,1076.0
23752,239804.33,103428.0,43535.45,15841.61,329.26,1076.0
23753,164950.23,77381.0,38691.45,21439.89,404.24,1076.1
23754,202424.33,98952.0,35629.35,11393.78,283.62,1076.1
23755,139809.6,81864.0,28674.75,10739.84,158.11,1076.1
23756,174351.52,94984.0,25628.22,10734.65,176.04,1076.1
23757,218583.69,108985.0,42999.152,17874.36,249.39,1076.2
23758,209142.08,95173.0,34849.12,19192.621,259.17,1076.2
23759,156850.4,88221.0,35688.17,9807.37,236.35,1076.2
23760,168468.16,97715.0,14435.12,12267.43,76.61,1076.3
23761,214028.64,100659.0,31567.31,16832.9,298.29,1076.3
23762,177521.12,85289.0,139463.95,9236.47,1251.84,1076.3
23763,190328.33,101292.0,31458.32,11089.3,244.5,1076.3
23764,262143.0,112290.0,43992.17,18372.6,511.82,1076.3
23765,168692.16,101872.0,25937.89,8682.87,135.29,1076.3
23766,190095.36,94892.0,39506.28,22175.14,249.39,1076.4
23767,216783.84,104328.0,44014.66,26507.06,407.5,1076.5
23768,197304.8,99798.0,59351.11,25761.43,526.49,1076.5
23769,193752.16,94161.0,35271.242,31811.24,379.79,1076.5
23770,229847.52,108540.0,58586.45,15116.74,396.09,1076.6
23771,25061.12,16315.0,8916.42,62.28,207.01,1076.6
23772,205475.2,93759.0,55425.742,6226.27,469.44,1076.6
23773,135996.0,77848.0,28835.64,17704.82,221.68,1076.7
23774,188646.08,97662.0,33414.95,16504.2,295.03,1076.7
23775,190728.16,93124.0,35551.5,23029.76,198.86,1076.8
23776,198877.28,98681.0,40931.8,25726.83,270.58,1076.8
23777,213384.64,104888.0,42519.94,19479.8,216.79,1076.8
23778,182956.48,96969.0,32921.9,3186.6602,281.99,1076.8
23779,152305.44,91445.0,26225.07,9463.101,298.29,1076.8
23780,228188.8,107333.0,33167.56,16331.2,260.8,1076.9
23781,181317.92,87841.0,40957.75,10184.51,337.41,1076.9
23782,183245.44,99544.0,32304.291,16365.8,314.59,1076.9
23783,194737.77,99912.0,33302.5,21021.23,273.84,1076.9
23784,262143.0,122073.0,150546.33,99495.76,1380.61,1077.0
23785,262143.0,118274.0,82342.81,61278.332,803.59,1077.0
23786,188555.36,89660.0,50842.97,13725.82,387.94,1077.0
23787,262143.0,115142.0,63496.19,25415.43,487.37,1077.1
23788,185041.92,92472.0,30612.35,14094.311,127.14,1077.1
23789,103768.0,17032.0,262143.0,1681.56,2255.92,1077.2
23790,262143.0,110669.0,166668.2,50048.902,995.93,1077.2
23791,183347.36,98998.0,34138.09,20434.76,149.96,1077.2
23792,214065.6,106980.0,27519.11,19225.49,223.31,1077.2
23793,193270.56,99269.0,30328.63,14267.311,314.59,1077.2
23794,209450.08,109360.0,31005.06,17677.14,220.05,1077.2
23795,151565.12,89904.0,22028.09,12054.64,109.21,1077.3
23796,203749.28,99705.0,33228.11,13237.96,184.19,1077.3
23797,190108.8,103090.0,36480.51,15535.4,189.08,1077.3
23798,200382.56,80952.0,52379.21,19268.74,436.84,1077.4
23799,210864.64,96521.0,71474.95,47936.57,673.19,1077.4
23800,190354.08,96743.0,24813.39,14827.83,233.09,1077.5
23801,203614.88,96028.0,40940.45,15106.36,409.13,1077.5
23802,183898.4,95032.0,38914.62,6895.7803,308.07,1077.5
23803,242323.2,99128.0,42630.66,12751.83,288.51,1077.5
23804,9393.44,8833.0,4216.0103,95.15,102.69,1077.7
23805,226914.23,108632.0,29588.19,8219.23,216.79,1077.7
23806,262143.0,103744.0,52590.27,14308.83,575.39,1077.8
23807,54806.082,36257.0,18763.58,451.53,166.26,1077.8
23808,204517.6,100427.0,36452.832,13359.061,195.6,1077.8
23809,147154.56,85343.0,25418.89,7874.96,268.95,1077.9
23810,183999.2,98845.0,39575.48,9445.8,171.15,1078.0
23811,193021.92,100676.0,39200.07,16568.21,350.45,1078.1
23812,153754.72,82088.0,44988.652,25683.58,386.31,1078.1
23813,193232.48,95805.0,45777.53,18652.86,446.62,1078.1
23814,145664.95,74618.0,43071.81,21512.55,251.02,1078.2
23815,206132.64,96950.0,44410.832,15706.67,220.05,1078.2
23816,204951.05,101591.0,36234.85,36651.78,373.27,1078.2
23817,238112.0,100140.0,50017.76,12058.101,472.7,1078.3
23818,246770.72,105121.0,52367.1,39988.95,467.81,1078.3
23819,262143.0,103305.0,83690.484,57323.55,780.77,1078.4
23820,188709.92,100864.0,116934.164,17334.6,660.15,1078.5
23821,171442.88,92888.0,41352.19,18204.791,322.74,1078.5
23822,189152.33,100038.0,33389.0,16147.82,220.05,1078.5
23823,214091.36,108160.0,41627.26,30422.05,397.72,1078.6
23824,13361.6,5043.0,32589.74,74.39,136.92,1078.6
23825,180791.52,93024.0,43926.43,6980.5503,339.04,1078.7
23826,123083.52,70517.0,47953.87,35689.902,296.66,1078.8
23827,153098.4,78364.0,21209.8,15841.61,273.84,1078.9
23828,195074.88,90122.0,34191.72,13378.09,511.82,1079.0
23829,134428.0,70826.0,51995.152,30757.67,458.03,1079.1
23830,164460.8,82825.0,38106.71,13426.53,218.42,1079.3
23831,201268.48,99103.0,35096.51,20377.67,311.33,1079.4
23832,179746.56,99851.0,43902.21,12020.04,312.96,1079.5
23833,219670.08,107049.0,50810.1,18504.08,304.81,1079.5
23834,46071.2,35893.0,1387.46,4779.99,3.26,1079.6
23835,164822.56,97556.0,26053.8,9907.71,251.02,1079.7
23836,101439.52,64848.0,23259.85,12488.87,236.35,1079.8
23837,54514.88,36841.0,18995.4,69.2,296.66,1079.8
23838,166148.64,90320.0,33665.8,19024.81,260.8,1079.9
23839,178672.48,99533.0,22329.11,11634.25,192.34,1080.0
23840,53272.8,34709.0,18912.36,100.340004,272.21,1080.0
23841,192907.69,94985.0,29742.16,14416.09,368.38,1080.0
23842,189885.92,107331.0,29730.05,21057.56,321.11,1080.1
23843,215013.12,109097.0,38355.832,18709.951,281.99,1080.2
23844,146236.16,78386.0,48024.8,23380.951,381.42,1080.2
23845,191639.84,95685.0,30299.22,23607.58,268.95,1080.3
23846,169533.28,93637.0,30989.49,16159.931,299.92,1080.4
23847,38134.88,28374.0,173404.83,588.2,803.59,1080.6
23848,168409.92,94539.0,30145.25,19010.97,324.37,1080.7
23849,176522.08,102196.0,40876.44,13135.891,304.81,1080.7
23850,169123.36,92786.0,27666.16,18689.19,278.73,1080.9
23851,213488.8,97757.0,61992.82,34155.39,461.29,1080.9
23852,63680.96,35661.0,30672.9,100.340004,316.22,1080.9
23853,122113.6,73632.0,15376.24,12969.811,156.48,1081.0
23854,156675.69,92336.0,49682.14,17775.75,453.13998,1081.1
23855,188944.0,93640.0,35509.98,20491.85,361.86,1081.1
23856,173038.88,99821.0,25712.99,6008.29,236.35,1081.2
23857,75467.84,42187.0,40462.97,301.02,343.93,1081.2
23858,171662.4,93187.0,33350.94,11073.73,182.56,1081.2
23859,199618.72,100781.0,45682.38,18009.3,203.75,1081.3
23860,166877.77,92668.0,26434.4,9547.87,167.89,1081.3
23861,262143.0,100420.0,56610.79,49514.332,757.95,1081.4
23862,162009.12,87460.0,41141.13,10720.811,233.09,1081.4
23863,151846.23,91589.0,20031.67,12691.28,158.11,1081.4
23864,167404.16,103049.0,40556.39,7878.42,327.63,1081.5
23865,262143.0,111529.0,36335.19,32188.38,474.33,1081.6
23866,170476.33,88626.0,36821.32,20389.78,368.38,1081.6
23867,172948.16,96701.0,20171.8,13289.86,335.78,1081.7
23868,173069.12,85088.0,32987.64,11511.42,231.46,1081.8
23869,171159.52,99400.0,27951.61,13699.87,275.47,1081.9
23870,201948.33,98880.0,40656.73,5819.72,312.96,1081.9
23871,188054.72,101596.0,20351.72,12584.0205,312.96,1082.0
23872,150220.0,82545.0,36345.57,13007.87,345.56,1082.0
23873,161913.92,86512.0,31781.83,26783.86,309.7,1082.0
23874,193289.6,95044.0,51998.61,10668.91,418.91,1082.1
23875,158383.69,79601.0,41819.29,29377.13,260.8,1082.1
23876,172129.44,95242.0,40663.652,11850.5,244.5,1082.3
23877,163890.72,93694.0,26161.06,16860.58,159.74,1082.4
23878,181669.6,81272.0,52318.66,24119.66,425.43,1082.4
23879,186394.88,102538.0,29830.39,21303.22,237.98,1082.4
23880,262143.0,88857.0,54714.71,19123.42,544.42,1082.4
23881,214396.0,102644.0,44950.59,21164.82,311.33,1082.5
23882,173299.84,98214.0,20600.84,16365.8,118.99,1082.5
23883,203377.44,103448.0,39755.402,14990.45,278.73,1082.6
23884,37663.36,10949.0,64302.37,169.54001,467.81,1082.6
23885,208266.23,103933.0,31067.34,13537.25,304.81,1082.6
23886,206105.77,104904.0,26351.36,21211.53,285.25,1082.7
23887,177176.16,95215.0,34579.242,19382.92,198.86,1082.8
23888,143032.95,94096.0,21611.16,14679.05,174.41,1082.8
23889,200142.88,98923.0,25820.25,18682.27,265.69,1082.9
23890,219721.6,100008.0,30930.67,16398.67,205.38,1082.9
23891,174064.8,93228.0,29818.281,16317.36,145.06999,1082.9
23892,181431.05,97144.0,33695.21,10774.44,251.02,1083.0
23893,149186.23,93344.0,22991.701,9890.41,277.1,1083.1
23894,64946.56,34231.0,33821.5,214.52,229.83,1083.1
23895,213730.72,112423.0,41987.1,27422.23,308.07,1083.2
23896,188901.44,104132.0,30323.44,17765.371,299.92,1083.3
23897,211004.64,100860.0,53444.89,17981.621,428.69,1083.3
23898,170838.08,95416.0,23022.84,15189.4,283.62,1083.3
23899,140588.0,87560.0,18573.28,3364.85,207.01,1083.4
23900,227276.0,94513.0,110742.49,27242.31,907.91,1083.4
23901,199652.33,104537.0,35433.86,16012.88,374.9,1083.5
23902,151415.05,83584.0,33707.32,17564.69,254.28,1083.6
23903,196794.08,97613.0,21998.68,5560.22,205.38,1083.6
23904,188960.8,92796.0,23894.76,11732.86,163.0,1083.6
23905,183108.8,91329.0,57354.69,24033.16,458.03,1083.6
23906,231724.64,113052.0,67485.57,31428.91,560.72,1083.7
23907,195297.77,102197.0,43928.16,14220.601,365.12,1083.8
23908,161432.33,95829.0,20500.5,14782.851,198.86,1083.8
23909,127400.0,71092.0,41341.81,13739.66,365.12,1083.8
23910,166130.72,96636.0,23586.82,9248.58,249.39,1083.8
23911,212668.95,104831.0,36352.492,21420.86,366.75,1083.9
23912,227291.69,112381.0,36568.742,8854.14,236.35,1083.9
23913,200718.56,95630.0,56638.47,45829.43,400.98,1084.0
23914,171642.23,99516.0,23515.89,14997.37,221.68,1084.0
23915,220260.33,110629.0,32439.23,25169.77,280.36,1084.0
23916,162861.44,87029.0,20076.65,8432.0205,200.49,1084.1
23917,227844.97,111824.0,34641.52,10350.59,189.08,1084.1
23918,178801.28,87353.0,22901.74,16246.431,327.63,1084.1
23919,159000.8,76882.0,36611.992,17620.05,272.21,1084.1
23920,129085.6,76574.0,20991.82,12001.01,192.34,1084.1
23921,234833.77,109052.0,32212.6,24289.201,301.55,1084.1
23922,216480.33,104770.0,59235.2,11134.28,409.13,1084.2
23923,187125.12,95882.0,24316.88,10198.351,140.18,1084.3
23924,262143.0,105284.0,61629.52,34603.46,611.25,1084.3
23925,222056.8,108260.0,33985.85,20595.65,176.04,1084.4
23926,217536.48,100805.0,44782.78,16488.63,273.84,1084.4
23927,221421.77,106601.0,38426.76,32371.76,234.72,1084.4
23928,186984.0,96404.0,43599.46,16810.41,252.65,1084.5
23929,172989.6,97448.0,27259.61,13542.44,184.19,1084.5
23930,214972.8,104025.0,34743.59,16860.58,295.03,1084.5
23931,229768.0,96605.0,73066.555,40836.652,539.52997,1084.6
23932,262143.0,106554.0,90523.984,21341.28,759.58,1084.7
23933,228176.48,108476.0,30024.15,22723.55,316.22,1084.7
23934,214082.4,98653.0,51221.84,16479.98,312.96,1084.7
23935,212403.52,107497.0,39956.082,12866.01,171.15,1084.7
23936,163801.12,93865.0,19905.38,9072.12,39.12,1084.7
23937,127842.4,75752.0,45756.77,22465.78,249.39,1084.8
23938,198602.88,90905.0,32601.85,18720.33,309.7,1084.8
23939,146916.0,77290.0,33247.14,13698.141,260.8,1084.8
23940,247364.33,104777.0,37731.3,25898.1,392.83,1084.9
23941,191623.05,96683.0,32479.02,15158.26,283.62,1084.9
23942,51443.84,17441.0,118340.65,190.3,565.61,1084.9
23943,215351.36,93707.0,40931.8,28366.81,366.75,1084.9
23944,157334.23,82893.0,55814.992,22175.14,278.73,1084.9
23945,202145.44,103888.0,43596.0,8743.42,207.01,1085.0
23946,181709.92,92107.0,43030.29,20926.08,251.02,1085.0
23947,262143.0,104315.0,143605.58,43677.31,717.2,1085.0
23948,186879.84,97627.0,42137.61,18341.46,322.74,1085.1
23949,161406.56,102372.0,21552.34,12428.32,117.36,1085.1
23950,151351.2,80779.0,22484.81,18559.44,272.21,1085.1
23951,215727.69,104913.0,46244.63,13047.66,290.13998,1085.2
23952,192819.2,99208.0,41028.68,6236.65,185.81999,1085.2
23953,193409.44,96597.0,43980.06,13322.73,241.24,1085.2
23954,186344.48,95885.0,36129.32,10457.851,308.07,1085.3
23955,63659.68,39430.0,24683.64,160.89,169.52,1085.3
23956,225242.08,110240.0,29747.35,19874.24,275.47,1085.3
23957,202448.95,108115.0,31050.041,4219.47,337.41,1085.4
23958,164292.8,91103.0,25887.72,15211.891,207.01,1085.4
23959,253750.56,103507.0,97616.984,59339.0,1137.74,1085.4
23960,262143.0,98814.0,75900.29,28645.34,521.6,1085.4
23961,249422.88,107016.0,47144.23,12154.98,309.7,1085.5
23962,214418.4,99700.0,51576.492,22280.67,322.74,1085.5
23963,223023.36,112150.0,44725.69,17268.86,283.62,1085.6
23964,175263.2,90765.0,34003.15,17130.46,286.88,1085.7
23965,179264.95,99166.0,19862.13,15042.351,171.15,1085.7
23966,182697.77,100011.0,23879.19,9561.71,275.47,1085.8
23967,190863.69,100685.0,39430.16,15919.46,414.02,1085.8
23968,198751.84,99736.0,41945.582,18422.77,255.91,1085.9
23969,114801.12,71541.0,25745.86,15346.83,247.76,1085.9
23970,195264.16,100082.0,41667.05,16044.0205,187.45,1086.0
23971,190983.52,95968.0,36764.23,16189.34,291.77,1086.0
23972,109528.164,73880.0,22093.83,7169.12,247.76,1086.1
23973,197723.69,99433.0,30254.24,16966.11,254.28,1086.1
23974,143848.33,76462.0,36084.34,22363.71,340.67,1086.1
23975,184041.77,96091.0,44756.832,13295.05,221.68,1086.1
23976,157564.95,95738.0,23984.72,16000.7705,193.97,1086.1
23977,190023.69,99778.0,42424.79,13634.13,371.63998,1086.2
23978,230818.56,101266.0,48889.8,33575.84,464.55,1086.2
23979,208044.48,106750.0,26737.15,14933.36,291.77,1086.2
23980,169551.2,93868.0,25060.781,28320.1,278.73,1086.3
23981,120488.484,70078.0,43307.09,14172.16,304.81,1086.3
23982,165840.64,94481.0,26081.48,20843.041,244.5,1086.3
23983,220411.52,103668.0,56084.87,23040.14,355.34,1086.3
23984,198095.52,104024.0,22403.5,34532.53,296.66,1086.4
23985,214474.4,102896.0,49708.09,13452.48,407.5,1086.5
23986,184868.33,88781.0,59617.53,3951.32,495.52,1086.5
23987,248230.08,109840.0,48242.78,22877.52,482.48,1086.5
23988,26135.2,22938.0,87778.47,487.86002,632.44,1086.6
23989,183871.52,93777.0,32574.17,10978.58,228.2,1086.6
23990,160473.6,94428.0,32347.541,15120.2,264.06,1086.6
23991,122106.88,72624.0,19976.31,17310.38,198.86,1086.7
23992,210211.69,107588.0,41777.77,21503.9,283.62,1086.7
23993,118898.08,67309.0,60146.91,31274.94,358.6,1086.8
23994,182213.92,96969.0,24386.08,10815.96,195.6,1086.8
23995,204403.36,89647.0,56204.242,25155.93,586.8,1086.8
23996,163344.16,96848.0,28041.57,11570.24,149.96,1086.8
23997,262143.0,105244.0,54104.02,18479.86,469.44,1086.9
23998,133377.44,69407.0,51363.7,26764.83,410.76,1086.9
23999,194949.44,100764.0,34665.742,7829.98,259.17,1087.0
24000,214678.23,107940.0,41244.93,19953.82,335.78,1087.0
24001,167202.56,93372.0,30747.291,19929.6,202.12,1087.0
24002,177046.23,91972.0,36470.13,11331.5,215.16,1087.0
24003,206586.23,104248.0,42372.89,24031.43,259.17,1087.0
24004,159068.0,85933.0,22573.041,15696.29,273.84,1087.1
24005,175887.05,85952.0,42397.11,20943.38,306.44,1087.1
24006,192689.28,97667.0,64210.68,17336.33,524.86,1087.1
24007,262143.0,109500.0,65774.6,31980.781,594.95,1087.2
24008,224120.97,109940.0,40030.47,24047.0,337.41,1087.2
24009,188843.2,101877.0,25839.281,13561.47,198.86,1087.2
24010,178656.8,91746.0,21234.02,7779.81,195.6,1087.3
24011,210356.16,100879.0,39807.3,18760.121,236.35,1087.3
24012,167521.77,87809.0,31159.031,10492.45,262.43,1087.3
24013,262143.0,105253.0,95878.33,38738.16,775.88,1087.3
24014,88863.04,16454.0,257927.44,505.16,1791.37,1087.4
24015,236649.28,103936.0,39262.35,14064.9,365.12,1087.6
24016,184716.0,82553.0,52910.32,23206.22,277.1,1087.7
24017,171431.69,81139.0,43722.29,31131.35,474.33,1087.9
24018,72894.08,34216.0,61498.04,297.56,541.16,1087.9
24019,198190.72,97686.0,56432.6,6612.06,515.08,1088.0
24020,104564.32,61491.0,39181.04,14293.26,386.31,1088.2
24021,183671.05,93205.0,41687.81,11291.71,304.81,1088.3
24022,215608.95,103973.0,42988.77,11774.38,306.44,1088.5
24023,158506.88,88041.0,20339.61,8175.98,161.37,1088.5
24024,195837.6,101213.0,16979.95,15025.05,210.27,1088.6
24025,159192.33,82998.0,30581.21,15860.641,193.97,1088.6
24026,167186.88,96208.0,16768.89,10791.74,61.94,1088.7
24027,175423.36,91152.0,29768.11,14895.3,322.74,1088.7
24028,161344.95,83705.0,35940.75,18102.72,335.78,1088.7
24029,168931.84,100456.0,18426.23,14647.91,148.33,1088.7
24030,185507.84,98463.0,44768.94,21751.291,265.69,1088.8
24031,168101.92,96947.0,22178.6,13770.8,73.35,1088.8
24032,190411.2,101037.0,20073.19,12866.01,254.28,1088.9
24033,262143.0,108797.0,64018.652,32378.68,422.17,1088.9
24034,205990.4,98560.0,57996.52,13319.2705,404.24,1089.0
24035,241324.16,126685.0,60096.742,17992.0,485.74,1089.0
24036,160784.95,98025.0,23863.621,21445.08,381.42,1089.2
24037,151444.16,79124.0,64456.34,13890.17,524.86,1089.3
24038,228163.05,102188.0,45281.02,20391.51,304.81,1089.4
24039,214400.48,110401.0,30871.85,20353.451,409.13,1089.4
24040,147716.8,85385.0,28389.3,5764.36,290.13998,1089.5
24041,164004.95,97163.0,21201.15,11957.76,102.69,1089.5
24042,223562.08,105092.0,44134.03,14813.99,435.21,1089.5
24043,177322.88,98902.0,15950.601,13672.19,140.18,1089.6
24044,178587.36,101671.0,25712.99,14613.311,63.57,1089.6
24045,103473.44,57444.0,46848.402,307.94,348.82,1089.6
24046,200214.56,98655.0,34081.0,22041.93,281.99,1089.7
24047,191280.33,102735.0,35672.6,16772.35,197.23,1089.7
24048,202614.72,103768.0,43691.152,9772.7705,368.38,1089.7
24049,183422.4,97860.0,30928.94,10383.46,288.51,1089.8
24050,150530.23,87981.0,35376.77,10165.48,231.46,1089.8
24051,176336.16,98127.0,30816.49,11674.04,138.55,1089.8
24052,158648.0,95220.0,26334.06,12545.96,148.33,1089.8
24053,209065.92,111543.0,26951.67,12556.34,143.44,1089.8
24054,177711.52,93016.0,50496.97,19007.51,260.8,1089.8
24055,183387.69,91900.0,28451.58,15179.0205,200.49,1089.9
24056,190921.92,101528.0,40701.71,9264.15,319.48,1090.0
24057,153199.2,90685.0,12092.7,14275.96,148.33,1090.1
24058,200911.2,98793.0,39025.34,18652.86,304.81,1090.2
24059,214492.33,103621.0,29468.82,11942.19,236.35,1090.2
24060,206508.95,93975.0,42109.93,22970.94,498.78,1090.2
24061,197701.28,95552.0,41838.32,20128.55,303.18,1090.2
24062,127226.4,63925.0,58382.312,15441.98,371.63998,1090.3
24063,158129.44,95060.0,30678.09,8937.18,283.62,1090.3
24064,262143.0,106710.0,76538.664,32209.14,552.57,1090.3
24065,205008.16,107240.0,44071.75,20107.791,347.19,1090.4
24066,235519.2,114002.0,57932.51,22913.85,365.12,1090.4
24067,227796.8,110432.0,29764.65,18543.871,239.61,1090.4
24068,237000.97,98605.0,53233.832,12430.05,456.4,1090.4
24069,262143.0,119703.0,72919.5,33472.04,645.48,1090.5
24070,166798.23,93377.0,25031.371,14229.25,146.7,1090.5
24071,198163.84,99837.0,38357.56,23294.451,340.67,1090.6
24072,170097.77,90200.0,33126.04,12378.15,291.77,1090.6
24073,184489.77,90197.0,23335.97,19830.99,167.89,1090.6
24074,181397.44,102653.0,18284.371,21552.34,200.49,1090.6
24075,224312.48,109048.0,63162.3,17526.63,484.11,1090.6
24076,183258.88,87885.0,33132.96,23476.1,216.79,1090.6
24077,211597.12,106982.0,45986.86,23946.66,242.87,1090.6
24078,176434.72,95064.0,33871.67,9258.96,376.53,1090.7
24079,119105.28,64703.0,32458.26,16376.181,370.01,1090.7
24080,173588.8,82743.0,40687.87,28640.15,467.81,1090.7
24081,262143.0,113317.0,49555.85,61254.11,358.6,1090.7
24082,222204.64,102812.0,43044.13,23619.69,410.76,1090.8
24083,115846.08,57580.0,32306.02,16559.56,347.19,1090.8
24084,188966.4,78612.0,73986.914,10016.7,510.19,1090.8
24085,178240.16,99165.0,24188.86,7629.3003,122.25,1090.8
24086,190485.12,20500.0,262143.0,2136.55,3279.56,1090.9
24087,194259.52,85104.0,81064.34,11009.72,655.26,1090.9
24088,138648.16,92084.0,33015.32,9644.75,94.54,1090.9
24089,220610.88,97912.0,45268.91,18694.38,366.75,1090.9
24090,188289.92,88660.0,69068.52,8139.65,392.83,1091.0
24091,182239.69,105581.0,22033.28,21009.121,192.34,1091.0
24092,160349.28,91928.0,36876.68,11729.4,418.91,1091.1
24093,211882.72,104852.0,53446.62,7501.2803,334.15,1091.1
24094,156352.0,78135.0,53406.832,10599.71,404.24,1091.1
24095,262143.0,121233.0,56484.5,42282.93,650.37,1091.2
24096,184187.36,94452.0,41978.45,8961.4,267.32,1091.2
24097,223160.0,109619.0,54738.93,16848.47,308.07,1091.2
24098,186975.05,97969.0,20189.1,15106.36,321.11,1091.2
24099,166822.88,83169.0,23327.32,20239.27,386.31,1091.2
24100,119707.84,64057.0,55446.5,26730.23,619.4,1091.3
24101,187809.44,96845.0,26569.34,16184.15,257.54,1091.3
24102,190300.33,100247.0,38937.11,12803.73,317.85,1091.3
24103,196876.95,87536.0,45256.8,14376.3,345.56,1091.4
24104,218246.56,95105.0,55944.742,18623.451,423.8,1091.4
24105,262143.0,116337.0,46346.7,16274.11,671.56,1091.4
24106,153569.92,82368.0,41916.17,15348.561,425.43,1091.5
24107,245231.84,112133.0,28671.291,26387.69,169.52,1091.5
24108,199808.0,89345.0,101232.68,15035.43,881.83,1091.6
24109,204815.52,99178.0,45085.53,25093.65,290.13998,1091.6
24110,149447.2,84777.0,24830.69,15192.86,277.1,1091.6
24111,158781.28,94172.0,22159.57,12549.42,158.11,1091.6
24112,160949.6,81269.0,36634.48,18080.23,171.15,1091.6
24113,196686.56,103186.0,40466.43,14156.59,298.29,1091.6
24114,186701.77,95684.0,24991.58,16810.41,255.91,1091.6
24115,224248.64,107359.0,27161.0,20388.05,231.46,1091.7
24116,262143.0,113404.0,85135.03,23593.74,516.71,1091.7
24117,183844.64,96236.0,28505.21,12137.68,149.96,1091.7
24118,207970.56,106405.0,30996.41,5139.83,299.92,1091.8
24119,67410.56,39081.0,18770.5,207.6,202.12,1091.8
24120,188699.84,97240.0,22403.5,10286.58,334.15,1091.8
24121,262143.0,121166.0,63174.41,17213.5,536.27,1091.8
24122,209218.23,101238.0,50344.73,17720.39,365.12,1091.8
24123,210762.72,102476.0,31594.99,26038.23,312.96,1091.8
24124,201751.2,102640.0,33269.63,15343.37,262.43,1091.9
24125,182474.88,89952.0,25930.97,15019.86,216.79,1091.9
24126,207951.52,98732.0,44322.6,21837.791,275.47,1091.9
24127,196011.2,101493.0,32923.63,11205.21,208.64,1092.0
24128,185246.88,90828.0,46490.29,21029.88,252.65,1092.0
24129,176571.36,99405.0,33027.43,14279.42,293.4,1092.0
24130,217866.88,98901.0,42670.45,21604.24,397.72,1092.0
24131,219532.33,105252.0,50977.91,23604.121,409.13,1092.1
24132,195519.52,96377.0,37947.55,9295.29,251.02,1092.1
24133,186557.28,97668.0,32288.72,16054.4,187.45,1092.1
24134,204142.4,100020.0,43101.22,14192.92,259.17,1092.1
24135,129137.12,77313.0,28865.05,13526.87,316.22,1092.1
24136,153224.95,87209.0,62115.652,32299.1,440.1,1092.2
24137,262143.0,113134.0,58783.67,25332.39,397.72,1092.2
24138,184280.33,97252.0,42127.23,15421.22,510.19,1092.2
24139,190730.4,85752.0,30595.05,2216.1301,213.53,1092.2
24140,234242.4,110572.0,32954.77,10068.601,342.3,1092.2
24141,260190.56,100937.0,90539.555,35015.2,757.95,1092.3
24142,205689.12,97101.0,56462.01,22509.03,444.99,1092.3
24143,262143.0,101448.0,82588.47,38596.3,681.34,1092.3
24144,205901.92,102373.0,53963.89,15180.75,412.38998,1092.4
24145,262143.0,101814.0,91863.0,59434.152,1067.65,1092.4
24146,242212.33,114815.0,58399.61,19936.52,399.35,1092.4
24147,256111.52,113836.0,51074.79,16197.99,317.85,1092.4
24148,178287.2,83532.0,41530.38,17528.36,381.42,1092.5
24149,262143.0,117246.0,107460.68,50254.77,917.69,1092.5
24150,220711.69,105360.0,57003.5,18692.65,427.06,1092.5
24151,172183.2,84169.0,24149.07,20012.64,210.27,1092.5
24152,220871.84,102057.0,45168.57,9032.33,342.3,1092.6
24153,220360.0,95463.0,55648.91,22925.96,492.26,1092.6
24154,196925.12,95484.0,27624.64,25693.96,340.67,1092.7
24155,96430.88,46730.0,30593.32,337.35,379.79,1092.7
24156,188501.6,95885.0,33098.36,14710.19,189.08,1092.8
24157,22216.32,9533.0,37544.46,13.84,262.43,1092.9
24158,166790.4,91076.0,34155.39,8648.2705,192.34,1093.2
24159,176027.05,98436.0,21763.4,11815.9,213.53,1093.3
24160,23829.12,15294.0,11589.2705,-32.87,-29.34,1093.4
24161,72048.48,40508.0,69497.56,451.53,573.76,1093.4
24162,212410.23,104544.0,33795.55,14400.5205,257.54,1093.5
24163,180368.16,88330.0,24789.17,17073.371,268.95,1093.6
24164,205772.0,106624.0,27394.55,17218.69,242.87,1093.6
24165,78295.84,16060.0,120510.07,188.57,643.85,1093.7
24166,177702.56,102016.0,23161.24,11241.54,312.96,1093.7
24167,151590.88,94236.0,19391.57,15369.32,180.93,1093.8
24168,182668.64,97405.0,34850.85,21687.28,337.41,1093.9
24169,182124.33,90049.0,46460.88,8779.75,334.15,1093.9
24170,202660.64,103355.0,29776.76,6714.13,264.06,1094.1
24171,165118.23,92867.0,31300.89,16274.11,202.12,1094.1
24172,134425.77,73402.0,33267.9,23313.48,293.4,1094.2
24173,124236.0,73545.0,20445.14,14876.2705,164.63,1094.2
24174,179389.28,94236.0,45869.22,18426.23,347.19,1094.2
24175,180638.08,95679.0,46682.32,11328.04,270.58,1094.3
24176,196601.44,97961.0,35414.832,19173.59,327.63,1094.4
24177,179466.56,88693.0,46142.56,23062.63,257.54,1094.4
24178,163817.92,86175.0,54176.68,18844.89,513.45,1094.5
24179,262143.0,107080.0,41545.95,31288.781,270.58,1094.5
24180,220067.69,100989.0,68885.14,24633.47,523.23,1094.5
24181,203535.36,95321.0,29832.121,17779.21,172.78,1094.6
24182,179738.72,89761.0,32397.71,17460.89,295.03,1094.7
24183,122716.164,80768.0,31178.06,11776.11,309.7,1094.7
24184,18755.52,18486.0,5425.2803,1309.61,8.15,1094.9
24185,262143.0,124717.0,88439.33,45417.69,735.13,1094.9
24186,175941.92,97618.0,20846.5,17997.19,154.85,1094.9
24187,179396.0,90453.0,19334.48,7174.31,125.51,1094.9
24188,183050.56,98681.0,37658.64,6394.08,182.56,1095.0
24189,133576.8,82612.0,20659.66,13480.16,197.23,1095.0
24190,182547.69,98423.0,33603.52,16909.02,303.18,1095.1
24191,195037.92,99760.0,35849.06,13054.58,241.24,1095.1
24192,221661.44,102845.0,38888.67,9172.46,288.51,1095.1
24193,207560.64,107392.0,39476.87,16801.76,216.79,1095.1
24194,175064.95,105196.0,24458.74,16410.78,252.65,1095.1
24195,186042.08,104036.0,26334.06,7048.02,182.56,1095.1
24196,91927.36,46513.0,40708.63,264.69,436.84,1095.2
24197,118993.28,70194.0,23652.56,19478.07,280.36,1095.2
24198,177266.88,90107.0,34338.77,23707.92,308.07,1095.2
24199,200277.28,98827.0,25688.77,8056.61,104.32,1095.2
24200,100270.24,61557.0,21901.8,17858.791,192.34,1095.3
24201,262143.0,113592.0,86074.42,24316.88,712.31,1095.3
24202,150188.64,87089.0,39070.32,10336.75,262.43,1095.3
24203,167989.92,93762.0,32897.68,9641.29,273.84,1095.3
24204,22470.56,5901.0,75914.13,98.61,295.03,1095.4
24205,153226.08,95117.0,31217.85,19194.35,180.93,1095.4
24206,255497.77,118245.0,52052.242,22330.84,345.56,1095.4
24207,235951.52,109764.0,36068.77,17381.31,363.49,1095.4
24208,175497.28,95889.0,34724.56,14724.03,195.6,1095.4
24209,262143.0,84489.0,28105.58,18754.93,361.86,1095.5
24210,123976.164,75156.0,19855.21,13314.08,180.93,1095.6
24211,171589.6,95038.0,29209.32,11539.101,207.01,1095.7
24212,178104.64,96205.0,28963.66,9757.2,184.19,1095.8
24213,202552.0,99509.0,38205.32,7075.7,239.61,1095.9
24214,227040.8,108956.0,46744.6,26906.69,330.88998,1095.9
24215,177890.72,86929.0,29761.19,13327.92,316.22,1095.9
24216,203033.6,106428.0,44552.69,21477.951,400.98,1096.0
24217,180921.44,94983.0,33740.19,18758.39,146.7,1096.0
24218,198786.56,98405.0,25569.4,13711.98,255.91,1096.0
24219,8074.08,5453.0,11352.26,-5.19,35.86,1096.1
24220,135600.64,93156.0,9015.03,5129.45,65.2,1096.1
24221,186426.23,97553.0,43064.89,13085.72,234.72,1096.2
24222,97693.12,53773.0,42080.52,1544.89,1814.19,1096.3
24223,199279.36,103027.0,36039.36,15189.4,291.77,1096.3
24224,173877.77,88838.0,41222.44,13793.29,229.83,1096.4
24225,169925.28,92465.0,28955.01,9262.42,241.24,1096.5
24226,194436.48,97868.0,37781.47,17348.44,275.47,1096.5
24227,217840.0,99561.0,49412.26,19806.77,464.55,1096.5
24228,212695.84,96541.0,45526.68,18158.08,392.83,1096.6
24229,144864.16,89250.0,26484.57,14277.69,86.39,1096.6
24230,239207.36,111196.0,55193.92,11049.51,464.55,1096.7
24231,168546.56,96835.0,24548.701,17692.71,343.93,1096.8
24232,200002.88,109898.0,40035.66,13988.78,308.07,1096.8
24233,179243.69,91060.0,42542.43,23353.27,319.48,1097.0
24234,125885.76,69986.0,30257.701,16827.71,381.42,1097.0
24235,195192.48,98496.0,26451.701,10222.57,179.3,1097.1
24236,176711.36,96745.0,22514.22,12220.72,198.86,1097.1
24237,10026.24,5638.0,16943.621,100.340004,84.76,1097.1
24238,243190.08,97302.0,102556.13,48630.3,792.18,1097.2
24239,121733.92,77087.0,27484.51,21986.57,220.05,1097.2
24240,172020.8,90181.0,29415.19,11404.16,190.71,1097.4
24241,159578.72,83848.0,37342.05,14848.59,241.24,1097.5
24242,48633.76,32179.0,24095.44,81.31,145.06999,1097.6
24243,171048.64,96149.0,31193.63,8992.54,247.76,1097.6
24244,157659.05,93813.0,21078.32,9748.55,242.87,1097.7
24245,184301.6,96090.0,31946.18,10174.13,237.98,1097.7
24246,205260.16,107257.0,33612.17,15855.45,267.32,1097.8
24247,199167.36,98341.0,23059.17,23666.4,193.97,1097.8
24248,188694.23,101727.0,34591.35,7397.48,229.83,1097.9
24249,182677.6,92207.0,53270.16,21618.08,430.32,1098.0
24250,169423.52,99424.0,20244.46,11571.97,158.11,1098.0
24251,158886.56,93283.0,21972.73,9350.65,205.38,1098.0
24252,151065.6,86024.0,25882.531,11011.45,255.91,1098.0
24253,157558.23,92516.0,23780.58,8656.92,182.56,1098.1
24254,80748.64,47407.0,45621.832,292.37,392.83,1098.1
24255,100988.164,58180.0,43986.98,10454.39,322.74,1098.1
24256,194048.95,101688.0,33385.54,17853.6,228.2,1098.2
24257,194182.23,99916.0,29864.99,12589.21,308.07,1098.2
24258,187845.28,91881.0,39025.34,17234.26,516.71,1098.2
24259,6301.12,5287.0,4902.82,69.2,35.86,1098.3
24260,233350.88,105631.0,29275.06,17294.81,264.06,1098.3
24261,195247.36,97987.0,39587.59,12667.061,228.2,1098.3
24262,166004.16,84820.0,42763.87,18991.94,353.71,1098.3
24263,262143.0,115849.0,97551.24,25699.15,749.8,1098.3
24264,154406.56,86443.0,39518.39,19654.53,223.31,1098.4
24265,184916.48,97473.0,39717.34,8746.88,280.36,1098.4
24266,189084.0,100881.0,37885.27,16099.38,410.76,1098.4
24267,175274.4,88433.0,25441.38,18069.85,189.08,1098.5
24268,192298.4,101262.0,37973.5,10082.44,193.97,1098.5
24269,131967.36,79592.0,29918.621,8461.43,146.7,1098.5
24270,213213.28,101708.0,27894.52,19645.88,306.44,1098.5
24271,149757.44,86681.0,21208.07,21943.32,259.17,1098.5
24272,158045.44,83665.0,30375.34,4932.23,180.93,1098.6
24273,251465.77,102013.0,58482.652,18405.47,306.44,1098.6
24274,214634.56,101640.0,43298.44,31543.09,381.42,1098.6
24275,183216.33,96411.0,23199.3,16249.891,174.41,1098.6
24276,189215.05,100299.0,34951.19,11058.16,277.1,1098.7
24277,179073.44,96606.0,30409.94,10651.61,257.54,1098.7
24278,66056.48,35285.0,37412.98,91.69,309.7,1098.7
24279,216714.4,106649.0,32525.73,19694.32,237.98,1098.7
24280,214164.16,103389.0,47568.082,10478.61,386.31,1098.7
24281,93086.56,58612.0,21142.33,8272.86,221.68,1098.7
24282,155985.77,85937.0,53991.57,18175.38,435.21,1098.7
24283,213045.28,95409.0,30385.72,14601.2,312.96,1098.8
24284,177656.64,82596.0,36082.61,25725.1,443.36,1098.8
24285,227426.08,98780.0,55548.57,19549.0,326.0,1098.8
24286,262143.0,114161.0,98158.47,22358.52,725.35,1098.8
24287,216273.12,105137.0,28091.74,23420.74,308.07,1098.8
24288,190356.33,99176.0,28356.43,13409.23,264.06,1098.9
24289,184864.95,99421.0,34946.0,14561.41,158.11,1098.9
24290,244842.08,110579.0,66776.27,16798.3,510.19,1098.9
24291,185543.69,94141.0,41094.42,15194.59,516.71,1099.0
24292,185346.56,98688.0,16749.86,18395.09,237.98,1099.0
24293,167176.8,90971.0,26622.97,6549.7803,334.15,1099.0
24294,262143.0,109606.0,55595.28,47121.742,560.72,1099.0
24295,156390.08,84635.0,35293.73,13054.58,316.22,1099.0
24296,157769.92,83682.0,24024.51,8911.23,149.96,1099.0
24297,172924.64,87229.0,27128.13,25560.75,353.71,1099.1
24298,215253.92,104502.0,31840.65,16557.83,198.86,1099.1
24299,194490.23,94661.0,51893.082,31795.67,444.99,1099.1
24300,31660.16,8042.0,109673.35,186.84,715.57,1099.1
24301,234665.77,108257.0,56441.25,27257.88,490.63,1099.1
24302,166251.69,91158.0,32568.98,12748.37,356.97,1099.2
24303,13195.84,5204.0,22252.99,36.33,161.37,1099.2
24304,230476.97,102325.0,44121.92,18313.78,286.88,1099.2
24305,257511.52,113106.0,45210.09,18720.33,312.96,1099.2
24306,86263.52,43204.0,43914.32,152.24,324.37,1099.2
24307,227992.8,97564.0,51469.23,20061.08,428.69,1099.3
24308,175463.69,95964.0,16791.38,4705.6,154.85,1099.3
24309,222880.0,103789.0,36627.56,23586.82,237.98,1099.3
24310,170718.23,94172.0,27982.75,7970.11,130.4,1099.3
24311,237702.08,113261.0,65265.98,18666.701,400.98,1099.4
24312,262143.0,109893.0,172911.77,48801.57,1240.43,1099.4
24313,218874.88,107667.0,23289.26,21083.51,259.17,1099.5
24314,170693.6,89805.0,32401.17,7686.39,278.73,1099.5
24315,262143.0,107243.0,77384.63,40684.41,612.88,1099.6
24316,175782.88,97094.0,30890.88,13180.87,355.34,1099.6
24317,77523.04,38852.0,21266.89,209.33,308.07,1099.7
24318,134456.0,71737.0,38032.32,28129.8,257.54,1099.7
24319,72901.92,47537.0,25358.34,129.75,184.19,1099.7
24320,199644.48,108678.0,40071.992,27744.01,394.46,1099.7
24321,216446.72,71301.0,49064.53,5219.41,303.18,1099.7
24322,187700.8,98080.0,45556.09,36131.05,368.38,1099.8
24323,188767.05,105537.0,28527.701,17966.05,298.29,1100.0
24324,183402.23,100932.0,34409.7,24318.61,397.72,1100.0
24325,76856.64,49689.0,37667.29,347.73,306.44,1100.0
24326,178112.48,87049.0,47789.52,12137.68,350.45,1100.0
24327,187084.8,97548.0,52924.16,16720.45,278.73,1100.1
24328,237446.72,102238.0,50410.47,21467.57,565.61,1100.2
24329,237755.84,100274.0,50353.38,23133.56,485.74,1100.3
24330,179730.88,98193.0,29250.84,10935.33,291.77,1100.3
24331,196097.44,101253.0,37406.06,5160.59,252.65,1100.4
24332,161842.23,90281.0,40172.332,12125.57,262.43,1100.5
24333,17755.36,7062.0,37641.34,39.79,135.29,1100.7
24334,10025.12,8581.0,4456.48,83.04,228.2,1100.8
24335,171403.69,91965.0,34963.3,14037.22,236.35,1100.9
24336,168218.4,94831.0,21531.58,8335.14,242.87,1101.0
24337,138122.88,76692.0,24524.48,27872.031,251.02,1101.2
24338,13408.64,11513.0,1818.23,-36.33,1.63,1101.3
24339,197257.77,98207.0,27629.83,10762.33,237.98,1101.4
24340,158178.72,87300.0,21948.51,11210.4,159.74,1101.5
24341,88639.04,60661.0,33880.32,18317.24,198.86,1101.6
24342,181527.36,99737.0,20446.871,13566.66,192.34,1101.6
24343,170681.28,91898.0,37793.582,8248.64,260.8,1101.7
24344,192895.36,99507.0,25484.63,9826.4,407.5,1101.7
24345,146469.12,80887.0,28787.201,14602.93,208.64,1101.8
24346,129412.64,79697.0,22472.701,13793.29,138.55,1101.8
24347,203204.95,96973.0,44057.91,17607.94,342.3,1101.9
24348,150384.64,80126.0,35907.88,11575.43,339.04,1102.0
24349,194420.8,86772.0,55600.47,25588.43,430.32,1102.0
24350,164503.36,91454.0,26143.76,12430.05,285.25,1102.1
24351,180865.44,89123.0,46215.22,13348.68,267.32,1102.2
24352,207653.6,97092.0,47936.57,19869.05,363.49,1102.2
24353,176367.52,94897.0,37049.68,17374.39,226.56999,1102.4
24354,200011.84,103272.0,30927.21,18303.4,242.87,1102.4
24355,166302.08,89723.0,26335.791,24079.871,233.09,1102.4
24356,185424.95,90913.0,49955.48,18848.35,405.87,1102.4
24357,262143.0,125874.0,97923.19,27718.06,909.54,1102.5
24358,165599.84,91585.0,27600.42,18031.791,130.4,1102.5
24359,185087.84,103747.0,30958.35,16917.67,166.26,1102.6
24360,206510.08,101938.0,33184.86,16929.78,379.79,1102.6
24361,185647.84,95213.0,27225.01,14867.62,340.67,1102.6
24362,184018.23,102588.0,29603.76,11571.97,114.1,1102.7
24363,59114.72,34692.0,34461.6,335.62,397.72,1102.8
24364,262143.0,116358.0,50797.992,28126.34,451.51,1102.8
24365,174935.05,98618.0,21825.68,12267.43,213.53,1102.9
24366,210138.88,100681.0,46111.42,11732.86,311.33,1103.0
24367,178218.88,90305.0,40288.242,13044.2,309.7,1103.0
24368,210717.92,105751.0,34226.32,19545.541,387.94,1103.0
24369,170352.0,86136.0,31171.14,12253.59,233.09,1103.1
24370,166036.64,89695.0,55266.582,3069.02,304.81,1103.1
24371,19852.0,14135.0,11938.73,245.66,141.81,1103.1
24372,197846.88,106852.0,45260.26,16614.92,392.83,1103.1
24373,145803.84,85732.0,36411.31,9509.811,285.25,1103.2
24374,178264.8,98426.0,38819.47,13372.9,272.21,1103.2
24375,170130.23,96410.0,20611.22,13388.47,185.81999,1103.2
24376,152015.36,86325.0,29325.23,12731.07,275.47,1103.3
24377,211947.69,103257.0,29112.44,29070.92,281.99,1103.3
24378,172992.95,91173.0,46988.53,20228.89,264.06,1103.4
24379,157439.52,93031.0,28067.52,10931.87,171.15,1103.5
24380,171855.05,97509.0,27479.32,12276.08,187.45,1103.5
24381,204816.64,102092.0,33504.91,17412.45,417.28,1103.5
24382,139360.48,86544.0,26558.96,11450.87,153.22,1103.5
24383,167954.08,93552.0,25688.77,8565.23,169.52,1103.6
24384,220488.8,108294.0,38388.7,15938.49,355.34,1103.6
24385,186978.4,100148.0,26455.16,15640.93,211.9,1103.6
24386,60867.52,37273.0,37757.25,190.3,311.33,1103.7
24387,165590.88,96300.0,20785.951,10817.69,193.97,1103.8
24388,145109.44,86485.0,26546.85,7077.43,189.08,1103.8
24389,246538.88,101733.0,46031.84,18600.96,335.78,1103.9
24390,148789.77,86305.0,26844.41,22816.97,236.35,1103.9
24391,185568.33,100478.0,47645.93,14298.45,379.79,1103.9
24392,146504.95,72769.0,62857.82,20344.8,394.46,1103.9
24393,84168.0,54961.0,21801.46,10911.11,193.97,1104.0
24394,5392.8,5502.0,539.76,496.51,68.46,1104.0
24395,197643.05,103726.0,28572.68,24543.51,319.48,1104.0
24396,200266.08,86343.0,31207.47,13952.45,187.45,1104.0
24397,195972.0,101665.0,35752.18,11495.851,265.69,1104.1
24398,179602.08,98825.0,30719.61,14705.0,223.31,1104.1
24399,30171.68,9704.0,61600.11,183.38,267.32,1104.2
24400,199214.4,98201.0,53443.16,16400.4,267.32,1104.2
24401,55545.28,23800.0,35089.59,107.26,259.17,1104.2
24402,211742.72,97834.0,41324.51,27778.61,324.37,1104.2
24403,180233.77,99349.0,24104.09,17064.72,205.38,1104.3
24404,208146.4,104445.0,36084.34,11655.01,237.98,1104.3
24405,200203.36,100907.0,52765.0,5688.24,342.3,1104.3
24406,187704.16,98334.0,38004.64,17607.94,193.97,1104.4
24407,149792.16,91352.0,29321.77,10942.25,159.74,1104.4
24408,219312.8,99801.0,52290.98,28974.041,384.68,1104.4
24409,198199.69,94511.0,53370.5,25789.11,446.62,1104.4
24410,173970.72,97746.0,30176.39,19677.02,171.15,1104.5
24411,174633.77,84296.0,38008.1,14523.351,334.15,1104.5
24412,180561.92,96423.0,23775.39,14047.601,231.46,1104.5
24413,151840.64,87685.0,28129.8,10369.62,179.3,1104.5
24414,181350.4,100228.0,22936.34,7975.3003,249.39,1104.5
24415,177102.23,90441.0,33162.37,20068.0,383.05,1104.6
24416,179240.33,98262.0,39286.57,17576.8,360.23,1104.6
24417,235774.56,100452.0,37406.06,16997.25,268.95,1104.6
24418,197193.92,98225.0,34565.4,11454.33,306.44,1104.6
24419,213881.92,101948.0,38008.1,30069.13,410.76,1104.7
24420,262143.0,103286.0,70087.49,30603.701,669.93,1104.7
24421,144681.6,80874.0,59420.312,12205.15,510.19,1104.7
24422,205270.23,104928.0,38888.67,17158.14,285.25,1104.7
24423,186684.95,88505.0,52536.64,21825.68,391.2,1104.8
24424,209902.56,98573.0,40466.43,19408.871,220.05,1104.8
24425,212787.69,100505.0,38732.97,23218.33,264.06,1104.9
24426,174843.2,87804.0,29795.791,14867.62,267.32,1104.9
24427,170486.4,96076.0,22263.371,15346.83,223.31,1104.9
24428,161309.12,81328.0,42952.44,25747.59,224.94,1104.9
24429,205660.0,99061.0,39554.72,26145.49,301.55,1104.9
24430,107000.32,63628.0,22391.39,12386.8,275.47,1104.9
24431,262143.0,107336.0,101706.7,25866.96,751.43,1104.9
24432,211886.08,104161.0,34387.21,14170.43,146.7,1105.0
24433,179631.2,99373.0,18787.8,7025.5303,125.51,1105.0
24434,206752.0,100737.0,49843.03,33285.2,350.45,1105.0
24435,215989.77,109169.0,59612.34,14011.2705,625.92,1105.0
24436,205968.0,102926.0,24988.121,12712.04,259.17,1105.0
24437,205428.16,105696.0,27802.83,9108.45,237.98,1105.0
24438,262143.0,118081.0,87361.54,20682.15,707.42,1105.1
24439,189717.92,99413.0,28069.25,14364.19,215.16,1105.1
24440,184696.95,94575.0,33165.832,3764.48,241.24,1105.1
24441,262143.0,105304.0,46291.34,31461.781,295.03,1105.1
24442,202078.23,103452.0,41134.21,25294.33,264.06,1105.1
24443,262143.0,111417.0,84692.15,39589.32,593.32,1105.2
24444,214161.92,101425.0,60747.22,7525.5,374.9,1105.2
24445,162434.72,94785.0,30562.18,12110.0,190.71,1105.2
24446,180719.84,101557.0,24892.97,13042.47,277.1,1105.2
24447,262143.0,125697.0,128130.72,54069.42,826.41,1105.2
24448,203610.4,98226.0,43298.44,37290.152,358.6,1105.3
24449,176856.95,95091.0,39973.38,18611.34,205.38,1105.3
24450,191270.23,100495.0,34394.13,19113.041,197.23,1105.3
24451,240596.16,111244.0,46729.03,18521.38,304.81,1105.3
24452,202763.69,103104.0,25860.041,20971.06,301.55,1105.4
24453,212329.6,100025.0,37684.59,25387.75,373.27,1105.4
24454,202002.08,104760.0,34324.93,14455.88,291.77,1105.4
24455,170947.84,98668.0,26892.85,13260.45,179.3,1105.4
24456,233738.4,106901.0,40570.23,26648.92,343.93,1105.4
24457,193333.28,105537.0,32281.8,22209.74,381.42,1105.5
24458,167656.16,89790.0,23619.69,13942.07,218.42,1105.5
24459,262143.0,123294.0,170415.38,78990.07,1419.73,1105.5
24460,194491.36,102877.0,38757.19,22919.041,308.07,1105.6
24461,184248.95,100004.0,27891.06,11409.351,280.36,1105.6
24462,209713.28,100068.0,39053.02,26463.81,286.88,1105.6
24463,168670.88,98268.0,22457.13,10288.311,198.86,1105.6
24464,182862.4,92004.0,35236.64,15350.29,420.54,1105.8
24465,164894.23,96561.0,31366.63,15755.11,285.25,1105.8
24466,262143.0,116353.0,78953.74,38428.492,554.2,1105.8
24467,196778.4,92014.0,36760.77,16239.51,291.77,1105.8
24468,183576.95,95522.0,22659.541,9367.95,239.61,1105.9
24469,201526.08,102860.0,28823.531,16087.2705,189.08,1106.0
24470,219549.12,103488.0,37343.78,14763.82,383.05,1106.0
24471,224436.8,105709.0,32067.281,23047.06,371.63998,1106.0
24472,175343.84,92952.0,39314.25,14288.07,244.5,1106.0
24473,181580.0,92985.0,45656.43,14000.891,327.63,1106.0
24474,143713.92,87222.0,36229.66,11928.351,433.58,1106.0
24475,119322.56,67917.0,24735.541,15225.73,138.55,1106.0
24476,164054.23,93824.0,27122.94,13964.561,143.44,1106.0
24477,219819.05,100877.0,46171.97,19424.44,246.13,1106.0
24478,154665.28,88933.0,27650.59,12841.79,130.4,1106.1
24479,173503.69,91748.0,39307.332,12445.62,251.02,1106.1
24480,262143.0,105419.0,70571.89,29935.92,474.33,1106.1
24481,150123.69,88110.0,30674.63,11731.13,84.76,1106.1
24482,238528.64,101538.0,68443.99,15274.17,559.09,1106.2
24483,200699.52,90821.0,41511.35,39786.54,383.05,1106.2
24484,180628.0,96032.0,28297.61,16435.0,228.2,1106.3
24485,197400.0,103305.0,36151.81,20945.11,239.61,1106.3
24486,196395.36,106944.0,28705.89,11680.96,295.03,1106.4
24487,195045.77,94993.0,48462.492,17569.88,347.19,1106.4
24488,195510.56,99809.0,25699.15,19043.84,226.56999,1106.4
24489,130845.12,70856.0,46720.38,264.69,288.51,1106.4
24490,176200.64,79939.0,70002.72,16178.96,489.0,1106.4
24491,262143.0,109049.0,74203.164,32101.88,529.75,1106.4
24492,171849.44,89601.0,39905.91,13864.22,265.69,1106.4
24493,123726.4,77827.0,21595.59,20353.451,293.4,1106.4
24494,160044.64,92596.0,21066.21,20625.06,226.56999,1106.5
24495,227295.05,94408.0,68040.9,16993.791,632.44,1106.5
24496,157430.56,87593.0,33707.32,13935.15,190.71,1106.5
24497,262143.0,105277.0,28377.19,26571.07,436.84,1106.6
24498,187062.4,102020.0,25515.77,16637.41,316.22,1106.6
24499,112109.76,70967.0,23643.91,17594.1,280.36,1106.6
24500,262143.0,118855.0,78080.09,21612.89,462.92,1106.6
24501,231032.48,63914.0,117897.77,19613.01,904.65,1106.6
24502,211927.52,93978.0,45843.27,10729.46,427.06,1106.7
24503,262143.0,104849.0,141553.8,30326.9,1652.82,1106.7
24504,262143.0,126236.0,262143.0,65918.19,3533.84,1106.7
24505,262143.0,107600.0,80742.56,51074.79,578.65,1106.7
24506,194427.52,105959.0,33895.89,16817.33,288.51,1106.7
24507,98461.44,67026.0,25875.61,13997.43,205.38,1106.7
24508,123025.28,62173.0,44589.02,20993.55,400.98,1106.7
24509,193353.44,101464.0,22759.88,10798.66,171.15,1106.7
24510,172290.72,92843.0,19862.13,9386.98,231.46,1106.7
24511,186301.92,98200.0,39869.582,22709.71,376.53,1106.8
24512,129244.64,78013.0,16857.121,17997.19,241.24,1106.8
24513,262143.0,95313.0,47722.05,24482.96,389.57,1106.8
24514,262143.0,108449.0,57522.5,9193.22,299.92,1106.8
24515,173137.44,97900.0,33018.78,8281.51,187.45,1106.8
24516,171123.69,92238.0,30152.17,16063.05,71.72,1106.8
24517,178852.8,87457.0,30501.63,26989.73,242.87,1106.8
24518,171675.84,89602.0,37572.14,15962.71,335.78,1106.8
24519,189448.0,95604.0,49047.23,20462.44,293.4,1106.8
24520,207353.44,107045.0,34214.21,17900.31,228.2,1106.9
24521,51199.68,11837.0,111884.29,671.24,787.29,1106.9
24522,169458.23,95589.0,40374.742,13698.141,190.71,1106.9
24523,108857.28,68221.0,40815.89,24917.19,451.51,1106.9
24524,219668.95,108828.0,37942.36,18235.93,329.26,1107.0
24525,199786.72,101230.0,36449.37,8319.57,272.21,1107.0
24526,229283.05,102033.0,32171.08,9504.62,322.74,1107.0
24527,253378.72,102571.0,39286.57,25109.22,288.51,1107.0
24528,192057.6,104107.0,28302.8,16156.47,277.1,1107.0
24529,228415.05,102533.0,53989.84,26839.22,415.65,1107.0
24530,206021.77,100684.0,53408.562,24655.96,384.68,1107.0
24531,262143.0,125936.0,52209.67,36001.3,500.41,1107.1
24532,180174.4,104401.0,31401.23,11357.45,164.63,1107.1
24533,218420.16,95713.0,29027.67,22280.67,159.74,1107.1
24534,201031.05,91256.0,39997.6,20052.43,418.91,1107.1
24535,234260.33,105669.0,30029.34,15052.73,197.23,1107.1
24536,205522.23,103750.0,33416.68,31266.291,356.97,1107.2
24537,262143.0,55164.0,262143.0,3831.95,4399.37,1107.2
24538,114007.04,59867.0,37042.76,519.0,356.97,1107.2
24539,226055.2,102969.0,48426.16,50723.6,446.62,1107.2
24540,262143.0,110152.0,166756.44,81794.4,1511.01,1107.3
24541,210874.72,102603.0,45803.48,14250.01,319.48,1107.3
24542,242879.84,114865.0,40243.26,16343.311,270.58,1107.3
24543,222644.8,108146.0,32607.041,11222.51,291.77,1107.4
24544,212887.36,105550.0,47673.61,13608.18,260.8,1107.4
24545,262143.0,108409.0,78102.58,35907.88,624.29,1107.4
24546,169948.8,88144.0,39931.86,18152.89,249.39,1107.4
24547,114794.4,66854.0,53342.82,19246.25,322.74,1107.4
24548,175297.92,88796.0,42909.19,22280.67,283.62,1107.4
24549,225295.84,115221.0,42769.06,5328.4,278.73,1107.4
24550,219147.05,106342.0,38881.75,17825.92,203.75,1107.5
24551,262143.0,104549.0,65651.77,20730.59,691.12,1107.5
24552,260198.4,111288.0,53124.84,39416.32,487.37,1107.5
24553,162282.4,88349.0,37264.2,10881.7,350.45,1107.5
24554,191655.52,98064.0,59098.53,10039.19,387.94,1107.5
24555,167360.48,82416.0,40402.42,15519.83,430.32,1107.5
24556,210680.95,94672.0,47396.81,14433.391,415.65,1107.5
24557,262143.0,138096.0,151442.47,78592.17,1264.88,1107.5
24558,189824.33,98221.0,43551.02,8613.67,409.13,1107.6
24559,143016.16,84967.0,30396.1,8819.54,221.68,1107.6
24560,188677.44,97277.0,24159.451,11220.78,228.2,1107.7
24561,76871.2,46540.0,31828.541,209.33,272.21,1107.7
24562,262143.0,32614.0,262143.0,1961.8201,2966.6,1107.8
24563,153832.0,88518.0,31719.55,5020.46,184.19,1107.8
24564,204482.88,96801.0,53010.66,22515.951,389.57,1107.9
24565,254904.16,107772.0,57854.66,26766.56,343.93,1107.9
24566,74906.72,51133.0,19642.42,9905.98,145.06999,1108.0
24567,86572.64,21336.0,262143.0,1100.28,1530.57,1108.0
24568,93490.88,65375.0,12167.09,11710.37,200.49,1108.1
24569,196549.92,91984.0,25602.27,19414.06,195.6,1108.1
24570,175110.88,59162.0,52194.1,21529.85,430.32,1108.1
24571,238921.77,107687.0,60184.97,13976.67,436.84,1108.2
24572,133101.92,85944.0,27314.97,8909.5,179.3,1108.2
24573,165673.77,91145.0,28410.06,9885.22,195.6,1108.3
24574,213533.6,100608.0,43903.94,11373.0205,342.3,1108.3
24575,217532.0,108317.0,50837.78,24527.94,365.12,1108.4
24576,225818.88,106670.0,61122.63,27209.44,431.95,1108.4
24577,213839.36,108259.0,29778.49,23860.16,356.97,1108.4
24578,149970.23,86449.0,25097.11,13900.55,244.5,1108.6
24579,77547.68,50065.0,25020.99,12760.48,259.17,1108.7
24580,217350.56,101072.0,43627.14,17196.2,353.71,1108.8
24581,214324.33,103740.0,27349.57,22303.16,324.37,1108.8
24582,88683.84,20665.0,155471.64,207.6,886.72,1108.8
24583,231358.4,107587.0,54629.94,19642.42,381.42,1108.8
24584,168040.33,87256.0,37276.31,9582.47,239.61,1108.9
24585,163826.88,92265.0,29332.15,8530.63,174.41,1109.0
24586,194522.72,99229.0,44775.86,27354.76,316.22,1109.0
24587,175222.88,84168.0,56873.75,33293.85,427.06,1109.1
24588,210919.52,101424.0,59171.19,30062.21,381.42,1109.2
24589,195162.23,95891.0,53183.66,19016.16,383.05,1109.3
24590,146109.6,79285.0,38720.86,11708.64,353.71,1109.4
24591,189392.0,96760.0,28489.64,19597.44,306.44,1109.4
24592,196739.2,99358.0,31915.041,12042.53,301.55,1109.5
24593,7365.12,5365.0,12471.57,55.36,76.61,1109.6
24594,193861.92,101152.0,22386.201,6904.43,221.68,1109.7
24595,197564.64,104310.0,31556.93,21152.71,207.01,1109.8
24596,177047.36,90605.0,17398.61,25870.42,340.67,1109.9
24597,160121.92,92157.0,28456.77,8028.93,202.12,1110.0
24598,120895.04,68259.0,32394.25,16089.0,295.03,1110.0
24599,196967.69,93152.0,44073.48,23261.58,383.05,1110.1
24600,53860.8,36657.0,24548.701,198.95,236.35,1110.1
24601,164699.36,95709.0,27934.31,4304.24,179.3,1110.1
24602,179733.12,84029.0,58755.992,16400.4,462.92,1110.2
24603,162768.48,90045.0,27538.14,10947.44,156.48,1110.2
24604,202468.0,104462.0,30420.32,19638.96,293.4,1110.3
24605,168766.08,91660.0,31582.88,8601.561,136.92,1110.3
24606,140857.92,83460.0,30778.43,12359.12,208.64,1110.3
24607,194059.05,104923.0,34880.26,9134.4,324.37,1110.3
24608,195341.44,97797.0,34527.34,21142.33,268.95,1110.4
24609,179277.28,99577.0,18125.21,12587.48,215.16,1110.4
24610,201410.72,104990.0,28273.39,14692.891,280.36,1110.4
24611,100250.08,66897.0,25237.24,7880.15,202.12,1110.4
24612,173409.6,93729.0,34179.61,15012.94,330.88998,1110.5
24613,198296.0,100381.0,40113.51,17448.78,347.19,1110.5
24614,179382.56,93757.0,47216.89,25259.73,255.91,1110.7
24615,83491.52,44136.0,35743.53,223.17,254.28,1110.7
24616,185311.84,97797.0,30942.781,25764.89,273.84,1110.7
24617,206487.69,98841.0,38634.36,22998.621,340.67,1110.7
24618,195916.0,102687.0,35733.152,15094.25,306.44,1110.8
24619,5949.44,5570.0,871.92,671.24,13.04,1110.9
24620,212667.84,99365.0,41282.992,10553.0,309.7,1110.9
24621,211528.8,103240.0,34058.51,22566.121,202.12,1110.9
24622,262143.0,103921.0,100423.04,35662.22,764.47,1111.0
24623,207936.95,103593.0,45587.23,26711.201,247.76,1111.0
24624,214726.4,102177.0,50531.57,20083.57,234.72,1111.1
24625,179039.84,96934.0,25908.48,7620.65,246.13,1111.1
24626,161500.64,90138.0,20934.73,6850.8003,154.85,1111.2
24627,213811.36,97320.0,46481.64,18623.451,340.67,1111.2
24628,185283.84,86445.0,34082.73,18699.57,327.63,1111.3
24629,198506.56,99345.0,31596.72,19933.06,319.48,1111.3
24630,196073.92,99697.0,62273.082,16967.84,348.82,1111.3
24631,262143.0,104100.0,85664.414,20050.701,702.52997,1111.4
24632,262143.0,110953.0,55071.09,57832.17,780.77,1111.5
24633,203881.44,94437.0,44089.05,14224.061,444.99,1111.5
24634,231305.77,95247.0,88506.805,22820.43,638.96,1111.6
24635,180353.6,100296.0,38850.61,7509.93,252.65,1111.7
24636,197161.44,99627.0,25524.42,20109.52,298.29,1111.7
24637,177157.12,90664.0,47613.06,16182.42,309.7,1111.8
24638,228746.56,108515.0,38239.92,8326.49,221.68,1111.8
24639,188546.4,101792.0,30932.4,21495.25,207.01,1111.9
24640,110768.0,65417.0,30579.48,10307.34,277.1,1111.9
24641,180522.72,98063.0,29700.64,15895.24,216.79,1111.9
24642,19110.56,11918.0,15922.92,51.9,177.67,1112.0
24643,145230.4,80385.0,25055.59,15704.94,244.5,1112.0
24644,237435.52,107512.0,55392.87,26642.0,244.5,1112.0
24645,167241.77,98060.0,27827.05,10187.97,236.35,1112.0
24646,179100.33,95980.0,26375.58,22252.99,272.21,1112.1
24647,176620.64,97213.0,23060.9,12196.5,132.03,1112.1
24648,184235.52,89952.0,21493.52,13810.59,226.56999,1112.2
24649,262143.0,101154.0,61940.92,24012.4,400.98,1112.2
24650,157923.36,93105.0,30563.91,8354.17,257.54,1112.2
24651,168072.8,90369.0,41533.84,29314.85,363.49,1112.2
24652,177576.0,87332.0,27970.64,11163.69,224.94,1112.3
24653,174802.88,99055.0,17412.45,12656.68,117.36,1112.3
24654,244003.2,95286.0,80486.52,32081.121,740.02,1112.3
24655,162640.8,95586.0,19545.541,5319.75,65.2,1112.3
24656,262143.0,93892.0,69236.33,48234.13,573.76,1112.5
24657,6882.4,6959.0,420.39,403.09,6.52,1112.6
24658,57407.84,39682.0,18604.42,89.96,118.99,1112.6
24659,202252.95,102484.0,50329.16,29792.33,361.86,1112.7
24660,213394.72,108577.0,42616.82,17391.69,326.0,1112.8
24661,187241.6,104993.0,37734.76,13798.48,198.86,1113.0
24662,262143.0,106326.0,69945.63,22287.59,516.71,1113.1
24663,164113.6,87624.0,31160.76,17189.28,213.53,1113.1
24664,181525.12,94137.0,43182.53,11203.48,272.21,1113.2
24665,93115.68,58190.0,30323.44,13184.33,229.83,1113.3
24666,186663.69,96841.0,42516.48,18836.24,387.94,1113.3
24667,170241.12,95295.0,27551.98,13090.91,198.86,1113.4
24668,195969.77,94559.0,40962.94,16483.44,285.25,1113.6
24669,199759.84,105804.0,31247.26,20611.22,288.51,1113.7
24670,101478.72,61561.0,53903.34,24488.15,444.99,1113.7
24671,102547.2,66132.0,35648.38,19874.24,278.73,1113.7
24672,8469.44,6961.0,8651.73,102.07,30.97,1113.8
24673,203299.05,88517.0,55496.67,26057.26,430.32,1113.9
24674,188587.84,93873.0,49382.85,21187.31,326.0,1113.9
24675,195385.12,87433.0,48490.17,21571.371,399.35,1113.9
24676,86176.164,37276.0,48929.59,332.16,446.62,1114.0
24677,84474.88,58262.0,49479.73,484.4,409.13,1114.1
24678,157717.28,93444.0,19538.621,13130.7,114.1,1114.4
24679,177003.69,93353.0,37688.05,12262.24,293.4,1114.4
24680,154412.16,96046.0,23126.64,13154.92,141.81,1114.5
24681,186138.4,105488.0,31897.74,12402.37,210.27,1114.5
24682,184304.95,101217.0,45056.12,28484.451,291.77,1114.5
24683,129195.36,76475.0,20055.89,11551.21,146.7,1114.5
24684,210726.88,96800.0,57365.07,16554.371,356.97,1114.6
24685,16238.88,5065.0,28617.66,70.93,203.75,1114.7
24686,181330.23,87788.0,31743.77,18599.23,224.94,1114.7
24687,165179.84,100084.0,18491.97,10348.86,114.1,1114.7
24688,246251.05,110364.0,33762.68,23623.15,224.94,1114.7
24689,157328.64,86005.0,34252.27,18967.72,215.16,1115.0
24690,188973.12,99776.0,25847.93,13628.94,257.54,1115.1
24691,200005.12,94413.0,47403.73,17583.72,361.86,1115.2
24692,198642.08,98608.0,25994.98,10080.71,174.41,1115.2
24693,231304.64,105616.0,59356.3,16568.21,412.38998,1115.4
24694,125064.8,77760.0,33115.66,15732.62,189.08,1115.5
24695,150646.72,94100.0,26827.11,16870.96,251.02,1115.5
24696,78337.28,39048.0,39866.12,112.450005,251.02,1115.6
24697,113764.0,68973.0,17360.55,15201.51,83.13,1115.6
24698,50225.28,34889.0,20806.71,5.19,132.03,1115.6
24699,175387.52,93809.0,27256.15,11229.43,136.92,1115.6
24700,173575.36,101080.0,19638.96,12092.7,133.66,1115.6
24701,190811.05,99021.0,39578.94,16109.76,275.47,1115.7
24702,198156.0,98498.0,36221.01,9828.13,251.02,1115.8
24703,212356.48,98670.0,24626.55,12763.94,218.42,1115.8
24704,221540.48,102056.0,68923.2,25702.61,510.19,1115.9
24705,200263.84,103172.0,37729.57,24453.55,410.76,1115.9
24706,185880.8,93938.0,46019.73,5926.98,286.88,1115.9
24707,262143.0,105904.0,72459.32,29750.81,477.59,1116.0
24708,220118.08,106762.0,36926.85,24856.64,484.11,1116.1
24709,197284.64,94123.0,50960.61,19882.89,459.66,1116.1
24710,201552.95,104179.0,30442.81,23424.201,347.19,1116.1
24711,201480.16,97781.0,49763.45,17045.69,392.83,1116.2
24712,216697.6,100124.0,30645.22,18381.25,246.13,1116.2
24713,205890.72,99713.0,32063.82,19261.82,254.28,1116.2
24714,223901.44,101277.0,46601.01,20412.27,422.17,1116.3
24715,262143.0,99033.0,67980.35,31980.781,412.38998,1116.3
24716,199176.33,93721.0,44647.84,38475.2,309.7,1116.3
24717,153799.52,97169.0,17056.07,7184.69,105.95,1116.5
24718,135879.52,82722.0,17322.49,9923.28,122.25,1116.6
24719,210913.92,103569.0,37933.71,15599.41,330.88998,1116.7
24720,36179.36,29864.0,1960.09,2818.17,3.26,1116.7
24721,221402.72,109013.0,81834.19,35283.35,847.6,1116.7
24722,204160.33,97692.0,26979.35,18215.17,207.01,1116.8
24723,163985.92,94545.0,18581.93,9229.55,198.86,1116.9
24724,216946.23,98643.0,48777.35,8670.76,290.13998,1116.9
24725,188807.36,100128.0,33944.332,24560.81,332.52,1117.0
24726,179500.16,101449.0,32882.11,13371.17,275.47,1117.0
24727,193845.12,101453.0,22439.83,26477.65,278.73,1117.0
24728,163634.23,91296.0,32825.02,18959.07,270.58,1117.1
24729,148540.0,81917.0,16934.97,8591.18,190.71,1117.1
24730,166855.36,101153.0,23372.3,18286.1,198.86,1117.1
24731,225267.84,107468.0,29342.531,19405.41,207.01,1117.2
24732,186613.28,105639.0,37039.3,14101.23,260.8,1117.2
24733,192813.6,97934.0,33380.35,15988.66,316.22,1117.2
24734,215866.56,97612.0,38499.42,20427.84,409.13,1117.3
24735,192977.12,94704.0,44085.59,16877.88,321.11,1117.3
24736,249857.44,103461.0,73168.62,18343.19,744.91,1117.4
24737,190010.23,95532.0,34745.32,17355.36,296.66,1117.4
24738,196266.56,96825.0,65887.05,16101.11,435.21,1117.5
24739,151755.52,85438.0,24393.0,24566.0,340.67,1117.5
24740,202547.52,104971.0,34606.92,8622.32,286.88,1117.5
24741,222542.88,101405.0,44038.88,11672.311,459.66,1117.5
24742,253385.44,99785.0,92160.56,43545.832,795.44,1117.5
24743,163260.16,82225.0,24808.201,5940.82,223.31,1117.5
24744,136743.05,89848.0,15971.36,16639.14,233.09,1117.6
24745,221711.84,108078.0,51882.7,19836.18,321.11,1117.6
24746,223321.28,107070.0,51123.23,26212.96,293.4,1117.6
24747,212045.12,97509.0,44179.01,22381.01,358.6,1117.7
24748,105300.164,64400.0,27273.451,15185.94,308.07,1117.7
24749,262143.0,82921.0,118022.33,31624.4,986.15,1117.8
24750,236340.16,89876.0,111685.34,40253.64,751.43,1117.9
24751,179962.72,101998.0,29804.44,19308.53,273.84,1117.9
24752,245448.0,102007.0,46831.1,38032.32,295.03,1118.0
24753,154897.12,86055.0,19156.291,16218.75,210.27,1118.0
24754,222804.97,113956.0,38381.78,9200.14,317.85,1118.0
24755,190700.16,101821.0,43374.56,12312.41,293.4,1118.1
24756,203945.28,95536.0,46768.82,14106.42,392.83,1118.1
24757,165840.64,97052.0,26166.25,2740.32,185.81999,1118.2
24758,212316.16,105152.0,49995.27,15858.91,399.35,1118.2
24759,105350.56,62513.0,31413.34,14244.82,295.03,1118.2
24760,202709.92,98268.0,30961.81,21003.93,182.56,1118.2
24761,204636.33,104160.0,32819.832,13731.01,293.4,1118.3
24762,177306.08,100240.0,37835.1,12784.7,197.23,1118.3
24763,184850.4,93757.0,39530.5,15784.5205,278.73,1118.3
24764,231451.36,94365.0,75222.13,14189.46,438.47,1118.3
24765,251092.8,103038.0,37736.492,15715.32,277.1,1118.4
24766,216014.4,101190.0,50709.76,24261.52,267.32,1118.4
24767,166237.12,94272.0,22060.96,9153.43,101.06,1118.4
24768,262143.0,105181.0,88800.9,33850.91,655.26,1118.5
24769,149317.28,83829.0,22630.13,17602.75,228.2,1118.5
24770,117072.484,63968.0,37636.152,16976.49,394.46,1118.6
24771,215958.4,108240.0,44121.92,17486.84,312.96,1118.6
24772,244252.97,110916.0,64461.53,13737.93,513.45,1118.6
24773,247020.48,103300.0,65655.234,35051.53,311.33,1118.6
24774,181280.95,96476.0,39784.81,13973.21,234.72,1118.7
24775,262143.0,109906.0,82190.57,27100.451,510.19,1118.7
24776,198152.64,82155.0,72800.13,34008.34,748.17,1118.8
24777,262143.0,104180.0,113574.5,67321.22,855.75,1118.8
24778,189652.95,97344.0,30283.65,10210.46,244.5,1118.8
24779,167737.92,89672.0,30814.76,15320.88,257.54,1118.9
24780,195554.23,101376.0,32736.791,12469.84,324.37,1118.9
24781,189510.72,91282.0,48529.96,21573.1,347.19,1118.9
24782,56695.52,13144.0,179887.12,557.06,815.0,1119.0
24783,132091.69,77700.0,37840.29,6712.4,317.85,1119.0
24784,168757.12,93705.0,33622.55,6494.42,246.13,1119.0
24785,164559.36,82156.0,31122.701,7618.92,324.37,1119.0
24786,211093.12,101500.0,42443.82,26773.48,301.55,1119.0
24787,190497.44,95664.0,44159.98,12663.601,244.5,1119.0
24788,224004.48,95986.0,73583.82,22097.291,480.85,1119.1
24789,180044.48,100909.0,28918.68,9613.61,163.0,1119.1
24790,177946.72,92478.0,23702.73,18936.58,366.75,1119.1
24791,143231.2,78255.0,30788.81,17338.06,249.39,1119.2
24792,165998.56,96229.0,26782.13,14237.9,251.02,1119.2
24793,158863.05,81936.0,46395.14,19576.68,365.12,1119.3
24794,36239.84,22151.0,22104.21,200.68001,189.08,1119.3
24795,168781.77,96968.0,42085.71,11321.12,277.1,1119.3
24796,192783.36,99373.0,24778.791,10362.7,281.99,1119.4
24797,262143.0,106128.0,85090.055,32113.99,655.26,1119.4
24798,201169.92,98680.0,55424.01,29280.25,391.2,1119.4
24799,13412.0,7773.0,17293.08,326.97,252.65,1119.4
24800,183267.84,102692.0,35501.332,13829.62,304.81,1119.5
24801,181165.6,102396.0,28214.57,8139.65,148.33,1119.5
24802,186661.44,99712.0,28749.14,11836.66,260.8,1119.5
24803,194601.12,95544.0,24652.5,31421.99,280.36,1119.6
24804,183187.2,100816.0,26949.94,14412.63,224.94,1119.6
24805,111770.4,64156.0,29259.49,15239.57,326.0,1119.6
24806,144448.64,84800.0,38328.152,12270.89,296.66,1119.6
24807,134033.77,79336.0,36219.28,20865.53,205.38,1119.6
24808,206296.16,100052.0,47286.09,15933.3,259.17,1119.6
24809,213988.33,105632.0,31044.85,18562.9,324.37,1119.6
24810,83849.92,34093.0,78355.164,403.09,847.6,1119.7
24811,217761.6,103056.0,66194.99,19090.55,376.53,1119.7
24812,228079.05,97384.0,48730.64,30340.74,350.45,1119.8
24813,203816.48,104720.0,37935.44,10745.03,153.22,1119.8
24814,120395.52,68757.0,18294.75,16954.0,122.25,1119.8
24815,191876.16,96132.0,30825.14,13026.9,226.56999,1119.8
24816,262143.0,97996.0,89548.26,42857.29,627.55,1119.8
24817,202802.88,104444.0,41962.88,16554.371,417.28,1119.8
24818,140366.23,91336.0,23252.93,9156.89,164.63,1119.8
24819,194950.56,93821.0,27742.281,20671.77,247.76,1119.9
24820,149843.69,90889.0,22560.93,15426.41,213.53,1119.9
24821,177170.56,92851.0,41670.51,13301.97,229.83,1119.9
24822,191608.48,105964.0,23029.76,20815.36,423.8,1119.9
24823,237170.08,101222.0,47197.86,12885.04,308.07,1119.9
24824,173206.88,90145.0,49689.062,26050.34,334.15,1119.9
24825,202160.0,98998.0,52801.332,13447.29,193.97,1119.9
24826,242745.44,108708.0,58025.93,21106.0,360.23,1119.9
24827,229259.52,102461.0,83116.12,48644.14,519.97,1120.0
24828,183799.84,55993.0,30904.72,15514.641,373.27,1120.1
24829,167818.56,91050.0,38592.84,12850.44,140.18,1120.2
24830,123152.96,70873.0,22365.44,9701.84,264.06,1120.2
24831,70543.2,37991.0,28432.55,212.79001,283.62,1120.2
24832,144169.77,85708.0,26628.16,10774.44,221.68,1120.3
24833,169228.64,98083.0,25285.68,13421.34,228.2,1120.3
24834,220100.16,97185.0,41315.86,20791.14,492.26,1120.4
24835,25259.36,22833.0,2991.17,1077.79,94.54,1120.5
24836,202955.2,107320.0,26219.88,8629.24,262.43,1120.5
24837,139249.6,79804.0,57842.55,18377.791,539.52997,1120.6
24838,158803.69,94862.0,26353.09,8215.7705,122.25,1120.6
24839,7320.32,5302.0,13551.09,79.58,27.71,1120.6
24840,262143.0,107233.0,39805.57,20221.97,301.55,1120.6
24841,224217.28,109515.0,34333.582,14874.54,239.61,1120.7
24842,199088.95,98825.0,36847.27,26344.44,275.47,1120.7
24843,194106.08,104586.0,26484.57,12047.72,257.54,1120.7
24844,205001.44,97808.0,37075.63,20939.92,314.59,1120.8
24845,128214.24,78548.0,34795.492,9163.811,435.21,1120.8
24846,166258.4,93173.0,27034.71,11037.4,224.94,1120.9
24847,208774.72,103417.0,36011.68,18296.48,293.4,1120.9
24848,191655.52,99964.0,27154.08,6826.58,254.28,1121.0
24849,204457.12,99841.0,40047.77,11191.37,358.6,1121.0
24850,160825.28,79968.0,39712.152,24680.18,391.2,1121.0
24851,34191.36,14815.0,2679.77,-77.85,24.45,1121.0
24852,170177.28,95314.0,21763.4,14665.21,228.2,1121.1
24853,210246.4,106476.0,51946.71,16997.25,399.35,1121.1
24854,190667.69,96425.0,26261.4,17201.39,192.34,1121.1
24855,199059.84,93024.0,55635.07,24934.49,345.56,1121.1
24856,214073.44,101800.0,42327.91,24029.701,308.07,1121.1
24857,215890.08,106985.0,40203.47,19858.67,347.19,1121.1
24858,189267.69,96193.0,32975.53,18211.71,246.13,1121.1
24859,177716.0,96193.0,32978.992,23986.451,306.44,1121.2
24860,262143.0,115080.0,91643.29,28558.84,634.07,1121.2
24861,262143.0,108965.0,86271.64,49329.22,805.22,1121.2
24862,262143.0,122521.0,90873.44,42658.34,743.27997,1121.2
24863,262143.0,105963.0,120902.78,14642.72,637.33,1121.3
24864,199372.33,95492.0,38873.1,16114.95,293.4,1121.3
24865,193465.44,96504.0,40251.91,14661.75,366.75,1121.3
24866,126534.24,81398.0,23846.32,11836.66,145.06999,1121.4
24867,262143.0,103634.0,63819.7,35978.81,635.7,1121.5
24868,255692.64,112476.0,85351.28,27558.9,614.51,1121.6
24869,146627.05,80572.0,32738.52,20220.24,286.88,1121.6
24870,226912.0,107870.0,59098.53,12101.351,254.28,1121.6
24871,189949.77,101361.0,25830.63,10895.54,156.48,1121.6
24872,228996.33,110360.0,58743.88,29517.26,497.15,1121.6
24873,220887.52,101172.0,34323.2,18756.66,327.63,1121.7
24874,193532.64,100113.0,35919.992,9989.0205,337.41,1121.7
24875,209184.64,106763.0,43142.742,19855.21,195.6,1121.8
24876,235091.36,105240.0,58904.77,19296.42,286.88,1121.8
24877,192598.56,98272.0,33390.73,18057.74,329.26,1121.8
24878,175493.92,89574.0,39407.67,18341.46,304.81,1121.8
24879,195099.52,92908.0,44481.76,17102.78,394.46,1121.8
24880,249474.4,109917.0,57401.402,22142.27,428.69,1121.8
24881,167725.6,85441.0,32688.35,16573.4,211.9,1121.9
24882,232988.0,104568.0,46504.13,19156.291,446.62,1121.9
24883,228460.97,103952.0,33665.8,41338.35,265.69,1121.9
24884,199319.69,100700.0,44172.09,15092.5205,280.36,1121.9
24885,154308.0,92756.0,30005.121,16341.58,299.92,1122.0
24886,135748.48,82708.0,25565.94,11952.57,272.21,1122.3
24887,183736.0,96619.0,29309.66,11125.63,290.13998,1122.5
24888,124022.08,76052.0,29467.09,16329.47,273.84,1122.5
24889,180774.72,99101.0,32415.01,16597.621,189.08,1122.5
24890,94152.8,50647.0,76099.24,6420.0303,635.7,1122.6
24891,50730.4,18641.0,56709.402,176.46,234.72,1122.7
24892,196797.44,93601.0,38009.832,14101.23,224.94,1122.9
24893,224355.05,85220.0,22064.42,13333.11,153.22,1123.0
24894,184894.08,96961.0,30385.72,12855.63,330.88998,1123.1
24895,213419.36,106916.0,56560.62,13947.26,371.63998,1123.2
24896,164988.33,92637.0,32491.13,16736.02,132.03,1123.2
24897,171784.48,95949.0,32935.742,5973.69,312.96,1123.3
24898,200707.36,98016.0,30422.05,15481.7705,231.46,1123.3
24899,167466.88,98259.0,22230.5,11712.101,195.6,1123.4
24900,224702.23,107793.0,47905.43,13333.11,443.36,1123.4
24901,204622.88,94225.0,38623.98,20438.22,257.54,1123.5
24902,177044.0,95157.0,22922.5,15853.72,203.75,1123.6
24903,168104.16,94169.0,30885.69,14002.62,290.13998,1123.6
24904,175237.44,96504.0,33601.79,13900.55,68.46,1123.6
24905,212024.95,102205.0,35113.81,29960.14,334.15,1123.7
24906,201180.0,100467.0,40793.402,22010.791,409.13,1123.7
24907,198205.28,99278.0,25095.38,11635.98,169.52,1123.8
24908,222985.28,102985.0,41376.41,9722.601,226.56999,1123.8
24909,164222.23,78479.0,34838.742,20133.74,218.42,1123.8
24910,155556.8,92513.0,31714.36,10136.07,180.93,1123.8
24911,170151.52,85081.0,39997.6,13921.311,246.13,1123.9
24912,181248.48,97745.0,37705.35,11248.46,290.13998,1123.9
24913,164260.33,95349.0,29520.72,9755.47,110.84,1123.9
24914,193511.36,102349.0,36041.09,12464.65,242.87,1124.0
24915,163764.16,94420.0,24905.08,10468.23,182.56,1124.0
24916,164828.16,85799.0,26770.02,10508.0205,218.42,1124.1
24917,230506.08,109622.0,46644.26,9402.55,371.63998,1124.1
24918,184191.84,91758.0,53571.18,29477.47,444.99,1124.1
24919,209370.56,107712.0,27404.93,19813.69,332.52,1124.1
24920,155075.2,89828.0,29522.451,8639.62,149.96,1124.2
24921,214735.36,99601.0,54759.69,9066.93,508.56,1124.2
24922,199811.36,93820.0,43533.72,13831.351,456.4,1124.2
24923,185175.2,101173.0,29359.83,20552.4,123.88,1124.3
24924,239019.2,106412.0,43042.402,35150.14,366.75,1124.3
24925,262143.0,122493.0,163784.3,82602.31,1432.77,1124.3
24926,215087.05,109920.0,52984.71,5831.83,337.41,1124.6
24927,39707.36,5956.0,110380.92,389.25,544.42,1124.6
24928,99024.8,62241.0,33525.67,21650.951,283.62,1124.7
24929,181031.2,102169.0,27176.57,15737.811,221.68,1124.8
24930,188629.28,91971.0,51140.53,10578.95,374.9,1124.8
24931,19415.2,17644.0,949.77,1468.77,44.01,1125.0
24932,176078.56,92545.0,26880.74,11815.9,229.83,1125.7
24933,174959.69,95920.0,22867.14,18446.99,290.13998,1125.8
24934,174405.28,90244.0,28250.9,32664.13,198.86,1126.1
24935,146823.05,89869.0,21415.67,14075.28,63.57,1126.2
24936,36002.4,28257.0,9264.15,211.06,343.93,1126.2
24937,127550.08,77513.0,25261.46,14684.24,133.66,1126.2
24938,171342.08,97614.0,25934.43,11312.47,193.97,1126.4
24939,186130.56,92708.0,25723.371,11829.74,268.95,1126.4
24940,215806.08,94223.0,40428.37,19384.65,257.54,1126.5
24941,126482.72,72213.0,44002.55,13300.24,207.01,1126.6
24942,179653.6,97828.0,33575.84,12025.23,193.97,1126.6
24943,162659.84,95403.0,28915.22,8605.0205,125.51,1126.6
24944,134861.44,75445.0,20253.11,21868.93,169.52,1126.7
24945,177727.2,100428.0,20535.1,14554.49,233.09,1126.7
24946,201288.64,101799.0,35956.32,21374.15,379.79,1126.8
24947,236180.0,107940.0,35447.7,29484.39,352.08,1126.8
24948,170039.52,92775.0,35119.0,14782.851,179.3,1126.9
24949,140299.05,78308.0,22268.56,11909.32,288.51,1126.9
24950,194912.48,99018.0,37362.81,8224.42,285.25,1126.9
24951,237282.08,105901.0,39196.61,19920.951,306.44,1127.0
24952,215344.64,102635.0,48853.47,22676.84,321.11,1127.1
24953,23972.48,16411.0,5202.11,13.84,35.86,1127.1
24954,57069.6,31460.0,40798.59,425.58002,267.32,1127.2
24955,199440.64,101085.0,36304.05,16831.17,220.05,1127.4
24956,160901.44,92817.0,21121.57,14419.55,197.23,1127.4
24957,180230.4,103805.0,26379.041,11334.96,172.78,1127.4
24958,255511.2,94618.0,56372.05,22280.67,449.88,1127.5
24959,262143.0,110975.0,72258.64,26923.99,536.27,1127.6
24960,181132.0,98436.0,38497.69,9540.95,237.98,1127.6
24961,134519.84,73516.0,28394.49,23481.291,418.91,1127.7
24962,174910.4,102089.0,31191.9,13374.63,135.29,1127.8
24963,219770.88,102678.0,38219.16,10326.37,312.96,1127.9
24964,179674.88,98762.0,28519.05,14336.51,208.64,1128.0
24965,180890.08,91050.0,36165.652,16483.44,244.5,1128.1
24966,153672.95,87516.0,16019.8,6658.77,65.2,1128.2
24967,173902.4,99390.0,18075.041,13843.46,211.9,1128.3
24968,153624.8,87540.0,30240.4,12291.65,220.05,1128.4
24969,205036.16,95664.0,34734.94,20469.36,265.69,1128.4
24970,190714.72,102528.0,33494.53,10103.2,231.46,1128.5
24971,108631.04,69853.0,22041.93,14308.83,128.77,1128.5
24972,173690.72,96991.0,17787.86,3806.0,50.53,1128.5
24973,214372.48,97358.0,35008.28,18464.291,198.86,1128.6
24974,179297.44,93943.0,33947.79,12672.25,176.04,1128.6
24975,109262.72,72917.0,25785.65,14613.311,257.54,1128.6
24976,220141.6,106675.0,22118.05,18919.28,211.9,1128.7
24977,139269.77,67199.0,49713.28,82361.84,534.64,1128.7
24978,160227.2,91480.0,25894.64,18100.99,182.56,1128.8
24979,196582.4,98208.0,42777.71,16426.35,353.71,1128.8
24980,215909.12,110529.0,30525.85,21874.121,264.06,1128.8
24981,165306.4,93377.0,30257.701,15597.68,247.76,1128.9
24982,201566.4,103841.0,44076.94,10502.83,443.36,1128.9
24983,110289.76,70600.0,22479.621,10561.65,295.03,1128.9
24984,207720.8,99595.0,30261.16,17255.02,211.9,1128.9
24985,173343.52,103393.0,19119.96,5525.62,153.22,1128.9
24986,94566.08,46682.0,44834.68,294.1,435.21,1129.0
24987,157291.69,89355.0,24963.9,15507.72,330.88998,1129.0
24988,262076.64,106464.0,35919.992,16104.57,304.81,1129.2
24989,198816.8,100501.0,34821.44,6485.77,285.25,1129.2
24990,185264.8,94661.0,38312.582,8025.47,213.53,1129.3
24991,213424.95,96312.0,40753.61,13295.05,286.88,1129.4
24992,179878.72,94053.0,35141.492,10779.63,127.14,1129.4
24993,176527.69,97700.0,32458.26,17315.57,133.66,1129.5
24994,194079.2,97159.0,41499.242,20446.871,224.94,1129.5
24995,75949.44,40589.0,47869.1,228.36,475.96,1129.6
24996,187229.28,101782.0,25515.77,11478.55,304.81,1129.6
24997,207410.56,107813.0,49938.18,17523.17,363.49,1129.6
24998,186808.16,97609.0,27437.8,15955.79,304.81,1129.6
24999,219011.52,99964.0,45891.71,18737.63,308.07,1129.6
25000,183785.28,101905.0,36482.242,17095.86,252.65,1129.7
25001,164385.77,94487.0,25880.8,9227.82,241.24,1129.8
25002,174379.52,88196.0,29036.32,16313.9,265.69,1129.8
25003,169805.44,97497.0,25802.951,12327.98,123.88,1129.8
25004,74595.36,16420.0,152876.64,207.6,604.73,1129.9
25005,178142.72,95809.0,37461.42,12727.61,308.07,1129.9
25006,181913.77,104920.0,20865.53,18299.94,187.45,1129.9
25007,174100.64,91434.0,57404.86,27081.42,521.6,1130.0
25008,228828.33,108089.0,28813.15,6257.41,337.41,1130.0
25009,119583.52,74652.0,43519.88,16448.84,193.97,1130.1
25010,195886.88,100776.0,33645.04,15381.43,208.64,1130.1
25011,225004.64,108736.0,44324.332,32577.63,422.17,1130.2
25012,224244.16,106236.0,52363.64,31889.09,449.88,1130.2
25013,26435.36,23904.0,4113.94,1657.34,55.42,1130.2
25014,163653.28,93104.0,18948.69,12618.62,242.87,1130.2
25015,186214.56,101988.0,17621.78,16173.7705,255.91,1130.2
25016,189019.05,101057.0,39770.97,12011.39,166.26,1130.3
25017,170811.2,92664.0,32352.73,14277.69,308.07,1130.3
25018,189542.08,101781.0,22784.1,10096.28,242.87,1130.3
25019,218366.4,115487.0,32871.73,14871.08,366.75,1130.3
25020,154178.08,84088.0,28240.52,14272.5,210.27,1130.3
25021,178166.23,95263.0,25221.67,24932.76,262.43,1130.4
25022,167238.4,83496.0,31155.57,10547.811,343.93,1130.4
25023,147332.64,84284.0,29115.9,21443.35,365.12,1130.4
25024,203411.05,101636.0,34312.82,14992.18,291.77,1130.5
25025,200217.92,100775.0,57230.13,18445.26,368.38,1130.5
25026,190358.56,105891.0,27460.291,17047.42,202.12,1130.5
25027,232044.97,107367.0,50599.04,20626.791,244.5,1130.5
25028,158527.05,92568.0,35984.0,10250.25,281.99,1130.5
25029,185194.23,100171.0,37776.28,18396.82,205.38,1130.5
25030,109070.08,61739.0,55827.1,655.67,533.01,1130.5
25031,207020.8,105833.0,40137.73,16557.83,180.93,1130.6
25032,222188.97,102153.0,43800.14,12992.3,193.97,1130.6
25033,213626.56,104757.0,31098.48,17678.871,229.83,1130.6
25034,185172.95,99029.0,33807.66,13898.82,172.78,1130.6
25035,128219.84,69592.0,48298.14,25593.621,311.33,1130.6
25036,262143.0,108876.0,124373.164,62586.21,942.14,1130.7
25037,241945.77,96212.0,87102.04,59186.76,726.98,1130.7
25038,140679.84,77171.0,48725.45,20298.09,288.51,1130.7
25039,197585.92,103133.0,32100.15,19969.39,322.74,1130.7
25040,262143.0,94256.0,72403.96,63300.7,1000.82,1130.7
25041,262143.0,101112.0,42756.95,23699.27,560.72,1130.7
25042,179616.64,98924.0,37724.38,23282.34,360.23,1130.7
25043,170046.23,95301.0,28612.47,10800.39,133.66,1130.8
25044,162983.52,97841.0,26600.48,8092.94,203.75,1130.8
25045,183275.69,97377.0,23197.57,14675.59,151.59,1130.8
25046,211874.88,107420.0,36641.402,12179.2,387.94,1130.8
25047,262143.0,102409.0,52463.98,35445.97,273.84,1130.8
25048,70141.12,44736.0,45422.88,271.61002,549.31,1130.8
25049,119841.12,71258.0,23559.14,16535.34,169.52,1130.9
25050,40407.36,6163.0,106330.99,204.14,1232.28,1130.9
25051,127537.76,74815.0,28579.6,11487.2,340.67,1130.9
25052,188556.48,96180.0,23943.201,9246.851,207.01,1130.9
25053,197967.84,96174.0,36847.27,17723.85,228.2,1131.0
25054,262143.0,111333.0,51894.812,30070.86,575.39,1131.0
25055,165940.33,97833.0,17128.73,12796.811,138.55,1131.0
25056,224469.28,108684.0,41030.41,17524.9,353.71,1131.0
25057,180211.36,99291.0,24669.8,12919.641,127.14,1131.0
25058,99202.88,64260.0,34639.79,11618.68,467.81,1131.0
25059,147962.08,83065.0,38812.55,8504.68,316.22,1131.1
25060,234959.2,104653.0,57584.78,33958.17,436.84,1131.1
25061,262143.0,98508.0,57167.85,30027.61,648.74,1131.1
25062,190674.4,107417.0,33517.02,19171.86,249.39,1131.1
25063,106993.6,55565.0,55231.98,9854.08,402.61,1131.3
25064,229337.92,84791.0,88392.62,25673.201,728.61,1131.4
25065,156726.08,79492.0,39708.69,24398.19,321.11,1131.4
25066,256373.6,107688.0,51455.39,15879.67,312.96,1131.4
25067,251891.36,107640.0,57987.87,20126.82,381.42,1131.4
25068,240722.72,104414.0,59506.812,24418.951,528.12,1131.5
25069,192271.52,107232.0,36833.43,19635.5,221.68,1131.5
25070,207094.72,94289.0,59532.76,22477.89,415.65,1131.5
25071,12640.32,8508.0,22194.17,20.76,89.65,1131.5
25072,262143.0,127036.0,146620.97,76829.305,1212.72,1131.6
25073,174904.8,90718.0,34894.1,12895.42,229.83,1131.7
25074,196779.52,101609.0,22311.81,11879.91,120.62,1131.8
25075,256477.77,110041.0,71665.25,22374.09,609.62,1131.9
25076,224901.6,98416.0,40627.32,15547.51,454.77,1131.9
25077,205580.48,100921.0,48334.47,14412.63,244.5,1132.0
25078,193486.72,98577.0,28911.76,8691.5205,378.16,1132.0
25079,262143.0,31323.0,180240.05,112.450005,1422.99,1132.1
25080,189610.4,96610.0,31871.791,12158.44,241.24,1132.1
25081,200805.92,94985.0,57024.26,23920.71,412.38998,1132.2
25082,14738.08,5961.0,51816.96,81.31,440.1,1132.2
25083,193402.72,98120.0,37599.82,16713.53,189.08,1132.2
25084,78292.48,50665.0,36708.87,880.57,213.53,1132.3
25085,217188.16,107936.0,40284.78,15871.0205,384.68,1132.3
25086,135391.2,75953.0,33726.35,4669.27,280.36,1132.4
25087,236971.84,109262.0,45158.19,6847.34,308.07,1132.4
25088,185348.8,93085.0,27801.1,14826.101,215.16,1132.5
25089,11615.5205,11001.0,3010.2,830.4,60.31,1132.5
25090,180872.16,86039.0,39781.35,19844.83,378.16,1132.6
25091,139223.84,77547.0,33587.95,18424.5,319.48,1132.6
25092,178799.05,99481.0,37864.51,4390.74,223.31,1132.6
25093,37261.28,15036.0,40459.51,544.95,384.68,1132.7
25094,174264.16,64085.0,27083.15,12923.101,251.02,1132.7
25095,252349.44,109647.0,71923.02,35516.902,462.92,1132.7
25096,208270.72,102923.0,38942.3,12708.58,257.54,1132.8
25097,175218.4,100138.0,39120.492,12573.641,195.6,1132.8
25098,224520.8,104969.0,51329.1,7080.89,281.99,1132.9
25099,231208.33,96406.0,75267.11,32861.35,541.16,1132.9
25100,262143.0,83172.0,81194.09,55913.6,625.92,1133.0
25101,201528.33,103028.0,36544.52,11670.58,228.2,1133.0
25102,206164.0,105304.0,30837.25,9592.851,242.87,1133.1
25103,239751.69,117345.0,39492.44,7945.89,330.88998,1133.1
25104,187695.2,98867.0,40886.82,13848.65,332.52,1133.2
25105,179453.12,87742.0,46713.46,10239.87,277.1,1133.2
25106,260480.64,113639.0,30152.17,14007.811,311.33,1133.2
25107,199078.88,105236.0,31577.69,11281.33,301.55,1133.2
25108,223920.48,110489.0,68572.01,25671.47,500.41,1133.3
25109,178485.44,96869.0,39777.89,11457.79,200.49,1133.3
25110,218932.0,103582.0,61558.59,17171.98,444.99,1133.4
25111,229355.84,106485.0,32122.64,18059.47,208.64,1133.4
25112,157617.6,88523.0,34366.45,15606.33,281.99,1133.4
25113,79469.6,50305.0,30861.47,107.26,179.3,1133.4
25114,171564.95,90049.0,25879.07,7466.68,207.01,1133.4
25115,175840.0,100805.0,32840.59,15736.08,262.43,1133.5
25116,165781.28,90071.0,27354.76,3527.47,203.75,1133.5
25117,158419.52,88660.0,32046.52,4212.55,207.01,1133.5
25118,183221.92,101109.0,39710.42,16182.42,324.37,1133.7
25119,148461.6,78261.0,38151.69,27164.46,327.63,1133.8
25120,210904.95,103784.0,38930.19,16435.0,228.2,1133.8
25121,159109.44,82489.0,39217.37,14206.76,418.91,1133.9
25122,159953.92,90524.0,33207.35,12004.47,285.25,1134.0
25123,7790.72,6918.0,1050.11,429.04,-19.56,1134.0
25124,182882.56,100932.0,37371.46,12085.78,228.2,1134.0
25125,8649.76,8801.0,2238.62,738.71,-19.56,1134.0
25126,137389.28,79624.0,17057.8,23176.81,202.12,1134.1
25127,90751.36,55932.0,26768.291,4394.2,283.62,1134.1
25128,225394.4,107551.0,30432.43,19585.33,270.58,1134.2
25129,27918.24,15265.0,3331.98,-98.61,-9.78,1134.2
25130,178719.52,86883.0,30166.01,21090.43,251.02,1134.2
25131,190452.64,101657.0,21600.78,18050.82,298.29,1134.3
25132,195862.23,103005.0,36817.86,12753.561,273.84,1134.3
25133,114244.484,68252.0,25448.3,8155.22,159.74,1134.4
25134,45868.48,22244.0,43881.45,122.83,130.4,1134.4
25135,231847.84,110917.0,21656.14,21265.16,303.18,1134.5
25136,196505.12,104244.0,27446.451,18287.83,218.42,1134.5
25137,184974.72,100866.0,44566.53,13803.67,236.35,1134.5
25138,174087.2,80203.0,49007.44,47370.86,402.61,1134.6
25139,197817.77,97417.0,33190.05,16675.47,177.67,1134.6
25140,240251.2,106307.0,39918.02,10651.61,337.41,1134.7
25141,204957.77,98841.0,30774.97,15639.2,368.38,1134.7
25142,143043.05,95173.0,18808.56,7733.1,158.11,1134.7
25143,149608.48,93008.0,19478.07,6945.95,192.34,1134.7
25144,153158.88,80797.0,43871.07,23899.951,493.88998,1134.7
25145,194097.12,99589.0,38649.93,6686.45,394.46,1134.8
25146,262143.0,107155.0,46694.43,25214.75,391.2,1134.8
25147,72134.72,39024.0,26337.52,185.11,278.73,1134.8
25148,195723.36,106288.0,32774.85,19908.84,260.8,1134.9
25149,201480.16,103592.0,40732.85,19744.49,224.94,1134.9
25150,161003.36,93837.0,24245.951,11120.44,299.92,1134.9
25151,209988.8,102041.0,32056.9,22036.74,374.9,1134.9
25152,200510.23,101613.0,51182.05,8871.44,444.99,1135.0
25153,208940.48,104305.0,44815.652,21375.88,283.62,1135.0
25154,216358.23,97312.0,43779.38,20386.32,410.76,1135.0
25155,39104.8,9409.0,104017.984,480.94,536.27,1135.0
25156,177574.88,94814.0,23415.55,9703.57,223.31,1135.1
25157,150041.92,77449.0,39796.92,22057.5,409.13,1135.2
25158,194382.72,98908.0,32970.34,23060.9,226.56999,1135.2
25159,111316.8,60297.0,45258.53,340.81,458.03,1135.2
25160,21620.48,16504.0,3549.96,29.41,11.41,1135.3
25161,203526.4,101044.0,50336.082,10399.03,303.18,1135.3
25162,253813.28,94792.0,118915.01,32655.48,875.31,1135.3
25163,222203.52,99705.0,51088.63,35925.18,438.47,1135.3
25164,113974.56,74815.0,28591.71,5766.09,68.46,1135.3
25165,195659.52,90288.0,37672.48,11808.98,283.62,1135.3
25166,191273.6,95765.0,34404.51,12468.11,441.73,1135.3
25167,262143.0,82509.0,77701.22,21801.46,648.74,1135.4
25168,199662.4,101809.0,42253.52,18969.451,275.47,1135.4
25169,204066.23,100549.0,30652.14,14836.48,176.04,1135.4
25170,231966.56,89838.0,49092.21,11443.95,479.22,1135.5
25171,262143.0,95770.0,171659.25,59885.68,1406.69,1135.5
25172,151421.77,86669.0,31345.871,9802.18,215.16,1135.6
25173,190733.77,99273.0,24261.52,10743.3,200.49,1135.6
25174,189782.88,99688.0,23597.201,14123.72,197.23,1135.7
25175,128617.44,75734.0,30162.55,28228.41,379.79,1135.7
25176,203303.52,104865.0,43772.46,22566.121,350.45,1135.7
25177,181797.28,90988.0,33743.65,10630.851,251.02,1135.7
25178,121348.64,70890.0,28169.59,18647.67,231.46,1135.7
25179,222793.77,108049.0,30058.75,11172.34,239.61,1135.7
25180,204440.33,105881.0,37336.86,17543.93,251.02,1135.8
25181,180224.8,94714.0,41089.23,18858.73,290.13998,1135.8
25182,188497.12,93549.0,38682.8,21183.85,334.15,1135.8
25183,203695.52,105395.0,36812.67,19713.35,153.22,1135.8
25184,178476.48,94631.0,34724.56,17325.95,324.37,1135.8
25185,202670.72,107999.0,42957.63,10838.45,365.12,1135.9
25186,172373.6,89724.0,37893.92,14666.94,229.83,1135.9
25187,197863.69,101081.0,30155.63,20588.73,239.61,1135.9
25188,89382.72,55233.0,34338.77,12795.08,308.07,1136.0
25189,182124.33,95273.0,19580.14,17829.38,153.22,1136.0
25190,208099.36,94389.0,54458.67,21389.72,387.94,1136.0
25191,152149.77,82761.0,32793.88,38648.2,236.35,1136.0
25192,190532.16,100536.0,36672.54,14352.08,329.26,1136.0
25193,262143.0,103853.0,57275.11,33096.63,542.79,1136.0
25194,262143.0,86293.0,54847.92,40184.44,586.8,1136.0
25195,234279.36,106753.0,42250.06,15199.78,291.77,1136.0
25196,157690.4,90269.0,20330.96,13369.44,141.81,1136.0
25197,262143.0,106057.0,114159.24,59193.68,801.96,1136.1
25198,262143.0,109036.0,104144.27,40018.36,638.96,1136.1
25199,155154.72,88940.0,28645.34,11438.76,109.21,1136.1
25200,195692.0,95485.0,40739.77,19727.19,281.99,1136.1
25201,149076.48,81072.0,17552.58,15341.641,167.89,1136.1
25202,209065.92,100872.0,44203.23,29159.15,400.98,1136.2
25203,203053.77,104229.0,27967.18,18678.81,319.48,1136.2
25204,199437.28,32080.0,262143.0,925.55,3110.04,1136.3
25205,255673.6,99696.0,74104.555,35215.88,420.54,1136.3
25206,177013.77,89200.0,27707.68,25626.49,237.98,1136.4
25207,175507.36,91176.0,35158.79,14952.391,316.22,1136.4
25208,169108.8,86001.0,46249.82,12717.23,312.96,1136.4
25209,194915.84,99103.0,52387.86,11303.82,371.63998,1136.4
25210,222552.97,109749.0,53725.152,16524.96,399.35,1136.6
25211,213939.05,97772.0,45592.42,27987.94,234.72,1136.6
25212,86981.44,44744.0,61973.79,401.36002,456.4,1136.7
25213,179284.0,99640.0,28046.76,18758.39,270.58,1136.7
25214,200987.36,102808.0,46505.86,22704.52,301.55,1136.7
25215,206027.36,101336.0,52832.47,13860.76,391.2,1136.7
25216,10097.92,7689.0,1055.3,0.0,-32.6,1136.8
25217,189745.92,92628.0,40333.22,19182.24,278.73,1136.9
25218,262143.0,113029.0,68674.08,18611.34,1189.9,1136.9
25219,200904.48,101528.0,43397.05,10251.98,309.7,1136.9
25220,90648.32,54040.0,34549.832,173.0,339.04,1136.9
25221,169765.12,100065.0,31979.05,11750.16,198.86,1136.9
25222,187216.95,100898.0,23348.08,17092.4,290.13998,1136.9
25223,13605.76,7478.0,17562.96,377.14,252.65,1136.9
25224,219783.2,98799.0,41788.152,8418.18,272.21,1136.9
25225,192249.12,99011.0,34952.92,21640.57,251.02,1136.9
25226,192259.2,100759.0,31714.36,18216.9,326.0,1137.0
25227,174641.6,87397.0,34380.29,20102.6,281.99,1137.0
25228,150877.44,86600.0,31278.4,18462.56,231.46,1137.0
25229,136291.69,74384.0,28410.06,8086.02,342.3,1137.0
25230,178763.2,90733.0,36053.2,14037.22,376.53,1137.0
25231,262143.0,101384.0,110645.61,56081.41,785.66,1137.0
25232,190785.28,102456.0,20593.92,14075.28,122.25,1137.1
25233,262143.0,111076.0,84541.64,19260.09,647.11,1137.2
25234,154840.0,80804.0,62608.7,14213.68,391.2,1137.2
25235,165627.84,87432.0,37509.86,13801.94,383.05,1137.2
25236,213228.95,100849.0,51299.69,21690.74,433.58,1137.3
25237,191570.4,103460.0,33023.97,9559.98,293.4,1137.3
25238,222876.64,102955.0,52683.69,20398.43,352.08,1137.3
25239,207630.08,96515.0,37919.87,26103.97,321.11,1137.3
25240,194921.44,100286.0,29543.21,12142.87,112.47,1137.3
25241,226863.84,94623.0,84185.26,26972.43,513.45,1137.4
25242,197805.44,97837.0,53559.07,16324.28,376.53,1137.4
25243,240885.12,95475.0,101658.26,22730.47,969.85,1137.4
25244,262143.0,109568.0,126231.18,94200.234,1264.88,1137.5
25245,262143.0,99460.0,72917.77,16801.76,550.94,1137.5
25246,175605.92,91606.0,25055.59,10454.39,236.35,1137.6
25247,21357.28,7149.0,30383.99,22.49,154.85,1137.6
25248,260454.88,117261.0,64894.03,39914.56,568.87,1137.6
25249,178185.28,98872.0,16140.9,14732.68,184.19,1137.6
25250,262143.0,93916.0,47834.5,25856.58,374.9,1137.6
25251,179445.28,98401.0,35120.73,16066.51,299.92,1137.6
25252,197466.08,78540.0,51351.59,25012.34,373.27,1137.6
25253,180635.84,89069.0,46697.89,20002.26,316.22,1137.7
25254,139229.44,70579.0,34617.3,9044.44,285.25,1137.7
25255,158615.52,93070.0,22669.92,6990.93,122.25,1137.7
25256,186950.4,94299.0,24956.98,14450.69,180.93,1137.7
25257,6099.52,6126.0,4650.24,276.8,8.15,1137.9
25258,184335.2,98424.0,40040.85,12540.7705,311.33,1138.2
25259,181111.84,100857.0,27868.57,8572.15,58.68,1138.2
25260,247315.05,111609.0,51659.53,24386.08,531.38,1138.3
25261,215438.72,106765.0,50856.812,15587.3,316.22,1138.3
25262,242170.88,105606.0,69523.51,11945.65,352.08,1138.4
25263,262143.0,107761.0,76348.36,44680.71,438.47,1138.4
25264,262143.0,90921.0,70635.9,44187.66,495.52,1138.4
25265,167956.33,95434.0,29072.65,15587.3,223.31,1138.4
25266,181588.95,87633.0,65760.76,10020.16,537.9,1138.4
25267,68972.96,42504.0,29084.76,245.66,322.74,1138.6
25268,137590.88,75685.0,27031.25,11390.32,345.56,1138.6
25269,222219.2,102536.0,34662.28,28226.68,319.48,1138.7
25270,216891.36,104381.0,34876.8,10950.9,281.99,1138.7
25271,199123.69,101196.0,33252.332,27301.13,291.77,1138.8
25272,176691.2,94574.0,27406.66,11495.851,254.28,1138.9
25273,113428.0,72753.0,31231.69,20907.05,291.77,1138.9
25274,191785.44,100577.0,38056.54,8506.41,281.99,1139.0
25275,176490.72,99389.0,28548.46,15462.74,176.04,1139.0
25276,168936.33,89084.0,23311.75,8942.37,208.64,1139.1
25277,168172.48,86468.0,32821.56,15445.44,267.32,1139.1
25278,146000.95,89338.0,24450.09,13381.55,259.17,1139.2
25279,238814.23,99593.0,47633.82,23906.871,381.42,1139.2
25280,182870.23,99840.0,26451.701,33015.32,350.45,1139.2
25281,173988.64,79307.0,68163.734,28814.88,542.79,1139.3
25282,163511.05,86001.0,23346.35,22554.01,270.58,1139.3
25283,161623.84,89433.0,20050.701,9165.54,210.27,1139.4
25284,157939.05,91549.0,20694.26,16860.58,224.94,1139.4
25285,177586.08,90153.0,38361.02,24328.99,337.41,1139.4
25286,208909.12,106532.0,29347.72,24905.08,316.22,1139.4
25287,217050.4,100782.0,31197.09,18741.09,264.06,1139.5
25288,172300.8,96568.0,32849.242,9753.74,224.94,1139.5
25289,197247.69,101040.0,29243.92,19232.41,153.22,1139.5
25290,211655.36,105429.0,36169.11,15364.13,223.31,1139.5
25291,181362.72,98712.0,32764.47,6357.75,86.39,1139.5
25292,157172.95,77683.0,47087.14,20645.82,449.88,1139.7
25293,194747.84,103220.0,30624.46,14428.2,288.51,1139.7
25294,176257.77,95529.0,24643.85,11118.71,223.31,1139.7
25295,227082.23,90681.0,48367.34,8347.25,472.7,1139.8
25296,207519.2,100449.0,39928.402,17436.67,239.61,1139.9
25297,232538.88,108989.0,37724.38,17045.69,479.22,1139.9
25298,116455.36,78328.0,21112.92,15753.38,211.9,1139.9
25299,134220.8,78808.0,28062.33,32918.44,337.41,1140.1
25300,199116.95,101208.0,44144.41,21166.55,312.96,1140.1
25301,214079.05,95648.0,93442.49,65784.984,733.5,1140.1
25302,77411.04,39617.0,68025.33,138.4,508.56,1140.1
25303,262143.0,114188.0,88165.99,41679.16,622.66,1140.2
25304,190632.95,101889.0,34935.62,18886.41,314.59,1140.3
25305,196328.16,99233.0,28759.52,2819.9001,140.18,1140.4
25306,191906.4,98555.0,22342.951,14165.24,171.15,1140.4
25307,163822.4,92228.0,18491.97,8848.95,66.83,1140.4
25308,24665.76,24092.0,3062.1,534.57,29.34,1140.6
25309,127770.72,70681.0,25349.69,21516.01,283.62,1140.7
25310,149626.4,84241.0,44070.02,15741.2705,311.33,1140.7
25311,230855.52,103215.0,53164.63,28669.56,414.02,1140.8
25312,176666.56,98146.0,38087.68,4461.67,278.73,1141.0
25313,198050.72,99672.0,38995.93,16339.851,296.66,1141.1
25314,200829.44,111109.0,45414.23,20356.91,348.82,1141.2
25315,204868.16,105749.0,30607.16,25884.26,324.37,1141.2
25316,204813.28,102877.0,33148.53,18466.02,265.69,1141.4
25317,230416.48,101967.0,43661.742,19100.93,304.81,1141.5
25318,190766.23,96097.0,34321.47,18242.85,290.13998,1141.5
25319,142213.12,88316.0,14988.72,5646.72,148.33,1141.6
25320,9810.08,6753.0,911.71,19.03,66.83,1141.6
25321,197845.77,93385.0,46272.31,17540.47,412.38998,1141.9
25322,172417.28,102776.0,22894.82,14781.12,216.79,1141.9
25323,135504.33,83984.0,23368.84,12836.601,135.29,1142.0
25324,138390.56,80883.0,20998.74,4847.46,141.81,1142.0
25325,158139.52,95461.0,21619.81,12459.46,207.01,1142.0
25326,172555.05,93983.0,32923.63,15659.96,262.43,1142.0
25327,184310.56,100060.0,26083.21,12613.43,135.29,1142.1
25328,155229.77,86332.0,31150.38,14786.311,164.63,1142.1
25329,175995.69,92716.0,27520.84,19206.46,185.81999,1142.2
25330,187642.56,98541.0,36489.16,17132.19,293.4,1142.3
25331,183525.44,96808.0,37118.88,14307.101,316.22,1142.4
25332,238713.44,109793.0,46917.6,9822.94,448.25,1142.4
25333,173044.48,94429.0,20984.9,18779.15,174.41,1142.5
25334,27590.08,22828.0,1370.16,2904.67,4.89,1142.5
25335,217253.12,110244.0,38186.29,18303.4,265.69,1142.6
25336,199485.44,100633.0,32861.35,9867.92,373.27,1142.6
25337,71844.64,48360.0,24939.68,202.41,192.34,1142.6
25338,188205.92,89159.0,35302.38,9618.8,233.09,1142.7
25339,186504.64,104813.0,18962.53,11296.9,223.31,1142.8
25340,176902.88,94140.0,32041.33,21870.66,145.06999,1142.8
25341,17956.96,12780.0,7982.22,96.880005,99.43,1142.9
25342,172447.52,84459.0,31404.69,17836.3,311.33,1143.0
25343,101288.32,60300.0,43608.11,128.02,244.5,1143.1
25344,161605.92,95157.0,21737.451,16670.28,223.31,1143.1
25345,21451.36,15609.0,6343.91,38.06,17.93,1143.1
25346,183471.69,100402.0,27256.15,10758.87,176.04,1143.2
25347,215727.69,101733.0,48410.59,18594.041,277.1,1143.3
25348,166164.33,89089.0,34624.22,9518.46,260.8,1143.3
25349,172232.48,95340.0,26398.07,9077.311,101.06,1143.3
25350,180650.4,93664.0,35743.53,20984.9,356.97,1143.3
25351,217019.05,100648.0,35298.92,10155.101,308.07,1143.3
25352,221998.56,100853.0,51076.52,26382.5,384.68,1143.4
25353,130980.64,85372.0,19069.791,14881.46,128.77,1143.5
25354,65108.96,39704.0,20104.33,122.83,114.1,1143.5
25355,134245.44,77885.0,36359.41,12774.32,281.99,1143.5
25356,114513.28,72472.0,18505.81,14383.22,118.99,1143.5
25357,222127.36,101660.0,63188.25,11305.55,386.31,1143.6
25358,262143.0,116437.0,71208.53,31243.8,547.68,1143.7
25359,174949.6,82680.0,30529.31,22462.32,378.16,1143.7
25360,217157.92,112356.0,35702.01,33416.68,358.6,1143.8
25361,192364.48,97270.0,32302.56,12869.47,102.69,1143.9
25362,47206.88,35273.0,19514.4,126.29,159.74,1144.0
25363,5624.64,5973.0,577.82,273.34,16.3,1144.0
25364,169772.95,89156.0,39333.28,19661.451,363.49,1144.0
25365,199361.12,106016.0,34060.242,14621.96,360.23,1144.1
25366,187815.05,106135.0,20644.09,19867.32,163.0,1144.1
25367,114944.484,77275.0,17191.01,10469.96,156.48,1144.3
25368,152471.2,92701.0,29083.031,13026.9,218.42,1144.3
25369,164006.08,90165.0,28109.041,7866.31,223.31,1144.4
25370,156503.2,94473.0,28188.621,17504.14,267.32,1144.4
25371,225363.05,110629.0,46822.45,15692.83,270.58,1144.5
25372,200991.84,100669.0,29285.44,11563.32,226.56999,1144.5
25373,161919.52,94191.0,30596.781,4999.7,198.86,1144.6
25374,175593.6,96458.0,20119.9,9643.0205,264.06,1144.6
25375,177656.64,98021.0,35475.38,9914.63,327.63,1144.7
25376,73027.36,51452.0,27012.22,5729.7603,255.91,1144.7
25377,181246.23,96052.0,53507.17,18889.871,363.49,1144.8
25378,196756.0,97613.0,29397.89,36736.55,257.54,1144.8
25379,224925.12,101945.0,50080.04,27091.8,319.48,1144.8
25380,24118.08,9889.0,76246.29,124.56,568.87,1144.9
25381,124909.12,77295.0,40547.742,9713.95,215.16,1144.9
25382,55932.8,34471.0,28543.27,223.17,264.06,1144.9
25383,166246.08,95145.0,22109.4,13641.05,251.02,1144.9
25384,206556.0,93280.0,52638.71,24685.371,598.21,1145.0
25385,208914.72,101655.0,36049.742,34819.71,430.32,1145.0
25386,172540.48,95998.0,24353.21,9667.24,195.6,1145.1
25387,143984.95,87609.0,14942.01,7774.62,136.92,1145.1
25388,256602.08,106112.0,41912.71,30551.8,241.24,1145.1
25389,151004.0,93637.0,21372.42,6842.15,171.15,1145.1
25390,169910.72,96859.0,31693.6,12670.5205,220.05,1145.2
25391,166774.72,89358.0,43905.67,35658.76,376.53,1145.2
25392,169611.69,92845.0,27659.24,10990.69,172.78,1145.3
25393,176298.08,99190.0,34072.35,11153.311,267.32,1145.3
25394,166304.33,86675.0,34555.02,9952.69,317.85,1145.4
25395,174390.72,101204.0,15313.96,14135.83,233.09,1145.4
25396,157068.8,93112.0,30486.06,12639.38,198.86,1145.4
25397,191966.88,94477.0,47028.32,17628.7,368.38,1145.4
25398,159704.16,88196.0,37803.96,14564.87,221.68,1145.4
25399,187696.33,100148.0,31622.67,21706.31,224.94,1145.5
25400,138395.05,72089.0,58935.91,21535.041,493.88998,1145.5
25401,255207.69,107836.0,35819.652,24199.24,329.26,1145.6
25402,188254.08,94164.0,32662.4,5117.34,207.01,1145.6
25403,178407.05,102026.0,26316.76,12516.55,120.62,1145.7
25404,183980.16,93666.0,41314.13,9518.46,376.53,1145.7
25405,262143.0,107435.0,25652.44,18433.15,265.69,1145.7
25406,234647.84,104990.0,35394.07,19943.44,348.82,1145.7
25407,156608.48,91139.0,25538.26,14602.93,221.68,1145.7
25408,169617.28,85301.0,54496.73,33157.18,397.72,1145.7
25409,166704.16,97091.0,32556.871,13153.19,257.54,1145.8
25410,262143.0,112944.0,37044.492,10779.63,208.64,1145.8
25411,248026.23,107420.0,34378.56,28652.26,234.72,1145.8
25412,199344.33,98424.0,45509.38,22040.201,356.97,1145.9
25413,242478.88,101419.0,49739.23,33222.92,343.93,1145.9
25414,184748.48,102645.0,34290.332,12737.99,221.68,1146.0
25415,208897.92,104614.0,21403.56,16085.54,193.97,1146.1
25416,238565.6,105967.0,54801.21,20405.35,414.02,1146.1
25417,164973.77,91380.0,35544.582,21464.11,360.23,1146.2
25418,187672.8,99900.0,40007.98,15135.7705,299.92,1146.3
25419,207042.08,97324.0,52081.652,24899.89,335.78,1146.3
25420,60531.52,40473.0,28882.35,164.35,339.04,1146.4
25421,161511.84,94334.0,25060.781,19078.44,171.15,1146.7
25422,181927.2,94004.0,26906.69,24929.3,293.4,1146.9
25423,171653.44,97829.0,18277.451,5205.57,138.55,1146.9
25424,190980.16,93275.0,43902.21,18280.91,247.76,1147.0
25425,216582.23,96514.0,41634.18,20958.951,255.91,1147.1
25426,185233.44,93248.0,29010.371,33655.42,356.97,1147.2
25427,229313.28,107515.0,38665.5,15917.73,264.06,1147.3
25428,173886.72,100219.0,14324.4,20702.91,169.52,1147.3
25429,211442.56,95581.0,42362.51,31742.041,431.95,1147.3
25430,160858.88,92829.0,27463.75,17614.86,254.28,1147.4
25431,142720.48,85524.0,34255.73,15815.66,254.28,1147.4
25432,143792.33,86081.0,24213.08,12329.71,166.26,1147.4
25433,221497.92,103100.0,57967.11,19154.56,339.04,1147.5
25434,260181.6,112023.0,54514.03,21394.91,469.44,1147.6
25435,164906.56,95836.0,32887.3,11850.5,92.909996,1147.6
25436,234520.16,108932.0,37861.05,24619.63,383.05,1147.7
25437,223401.92,105669.0,92582.68,36613.72,847.6,1147.8
25438,187072.48,100692.0,18758.39,18523.11,203.75,1147.8
25439,177097.77,97661.0,22946.72,12487.141,187.45,1148.0
25440,147039.2,71870.0,34897.56,11566.78,454.77,1148.1
25441,177614.08,84677.0,36042.82,19218.57,409.13,1148.2
25442,222303.2,104872.0,42867.67,19969.39,363.49,1148.3
25443,118730.08,74162.0,29356.371,8210.58,133.66,1148.4
25444,188095.05,100465.0,33539.51,13393.66,255.91,1148.5
25445,182048.16,88164.0,46050.87,16345.04,293.4,1148.7
25446,126968.8,75283.0,54725.09,21227.1,477.59,1148.8
25447,5473.44,5536.0,307.94,467.1,39.12,1148.8
25448,200789.12,87991.0,58861.52,36342.11,493.88998,1148.9
25449,217059.36,108477.0,56269.98,9253.7705,265.69,1148.9
25450,165275.05,87324.0,49237.53,22829.08,389.57,1148.9
25451,160049.12,94380.0,30224.83,13506.11,149.96,1149.0
25452,194874.4,98960.0,23688.89,14025.11,151.59,1149.1
25453,207967.2,97815.0,36611.992,22022.9,340.67,1149.1
25454,173952.8,95967.0,33492.8,15078.68,316.22,1149.1
25455,194656.0,102504.0,50932.93,15585.57,371.63998,1149.2
25456,157800.16,84246.0,33930.492,3198.77,252.65,1149.3
25457,188140.95,103608.0,37442.39,16810.41,228.2,1149.3
25458,203950.88,96708.0,35352.55,20137.201,286.88,1149.3
25459,96444.32,49745.0,36267.72,416.93,268.95,1149.4
25460,192472.0,99195.0,17438.4,12883.311,94.54,1149.5
25461,189012.33,100302.0,33127.77,12552.88,295.03,1149.6
25462,203721.28,100672.0,33747.11,10084.17,275.47,1149.6
25463,196237.44,99416.0,47739.35,20197.75,326.0,1149.6
25464,191639.84,93161.0,33259.25,22128.43,247.76,1149.7
25465,200818.23,97212.0,48313.71,27190.41,383.05,1149.7
25466,192458.56,106357.0,17199.66,11357.45,182.56,1149.7
25467,188428.8,102824.0,28062.33,19709.89,285.25,1149.8
25468,185334.23,100248.0,18367.41,14310.561,171.15,1149.8
25469,144921.28,84875.0,26043.42,13113.4,236.35,1149.9
25470,128969.12,85021.0,11694.8,10234.68,27.71,1149.9
25471,163341.92,95834.0,25645.52,13410.96,260.8,1149.9
25472,171226.72,95322.0,30847.63,16203.181,184.19,1149.9
25473,118380.64,71497.0,26780.4,12255.32,198.86,1149.9
25474,171327.52,95544.0,28122.88,20190.83,267.32,1149.9
25475,196388.64,96857.0,35227.992,23375.76,370.01,1150.0
25476,186469.92,93093.0,25657.63,10194.89,197.23,1150.0
25477,233236.64,103000.0,27723.25,21720.15,265.69,1150.1
25478,139588.95,84790.0,26320.22,13058.04,303.18,1150.1
25479,157077.77,90285.0,24591.951,8200.2,159.74,1150.1
25480,202364.95,93336.0,50218.44,10841.91,448.25,1150.2
25481,205356.48,99864.0,38592.84,19042.11,207.01,1150.2
25482,190402.23,96898.0,18602.69,19078.44,213.53,1150.2
25483,199860.64,97017.0,25965.57,10525.32,236.35,1150.3
25484,150788.95,85701.0,28901.38,8034.12,205.38,1150.4
25485,191479.69,96709.0,38966.52,14620.23,332.52,1150.4
25486,5425.28,5584.0,52706.18,-8.65,84.76,1150.4
25487,184892.95,91748.0,41224.17,20690.8,441.73,1150.5
25488,163298.23,90752.0,32809.45,5572.33,257.54,1150.5
25489,162834.56,95138.0,21195.96,9681.08,177.67,1150.5
25490,224187.05,94899.0,48592.242,24062.57,485.74,1150.5
25491,233293.77,104632.0,40127.35,15512.91,453.13998,1150.6
25492,169822.23,90202.0,28865.05,8437.21,265.69,1150.6
25493,216550.88,94013.0,34406.242,7956.27,268.95,1150.6
25494,192140.48,91737.0,37243.44,14262.12,259.17,1150.6
25495,28844.48,8345.0,12611.7,695.46,1986.97,1150.7
25496,157190.88,82477.0,28031.19,22910.39,453.13998,1150.7
25497,202575.52,104321.0,38700.1,20891.48,260.8,1150.7
25498,163908.64,95944.0,25392.94,14165.24,241.24,1150.7
25499,163636.48,100204.0,33567.19,12456.0,270.58,1150.7
25500,176843.52,94708.0,32309.48,12459.46,213.53,1150.8
25501,64224.16,13607.0,95938.88,186.84,655.26,1150.8
25502,253336.16,96932.0,94148.33,37020.27,725.35,1150.8
25503,227444.0,111880.0,31415.07,43028.56,422.17,1150.8
25504,95462.08,62653.0,17158.14,15561.351,215.16,1151.0
25505,61651.52,41178.0,28692.05,254.31,205.38,1151.0
25506,207206.72,107245.0,40679.22,13111.67,291.77,1151.1
25507,213990.56,100845.0,24225.19,19713.35,247.76,1151.1
25508,184168.33,92653.0,58387.5,15781.061,414.02,1151.2
25509,234736.33,113170.0,44701.47,17815.541,309.7,1151.2
25510,148392.16,90409.0,16322.55,15509.45,290.13998,1151.2
25511,62658.4,43320.0,37798.77,268.15,322.74,1151.3
25512,184354.23,96357.0,46834.56,16704.88,314.59,1151.3
25513,182873.6,95067.0,26750.99,15528.48,216.79,1151.4
25514,141420.16,89760.0,12122.11,7253.89,86.39,1151.4
25515,258002.08,104033.0,57358.152,39492.44,568.87,1151.4
25516,46696.16,9077.0,116660.82,423.85,645.48,1151.5
25517,12122.88,5560.0,19557.65,64.01,187.45,1151.5
25518,173724.33,91788.0,21875.85,21149.25,166.26,1151.5
25519,179906.72,89749.0,24005.48,14841.67,272.21,1151.6
25520,9110.08,7148.0,8319.57,50.170002,122.25,1151.6
25521,222794.88,105578.0,44395.26,19709.89,379.79,1151.6
25522,182258.72,97174.0,29273.33,8698.44,172.78,1151.7
25523,206314.08,104676.0,41232.82,18497.16,317.85,1151.8
25524,206026.23,103244.0,51701.05,14762.09,391.2,1151.8
25525,176256.64,95171.0,34880.26,13511.3,218.42,1151.8
25526,191793.28,96092.0,26797.701,19426.17,226.56999,1151.9
25527,236988.64,110493.0,70701.64,23713.11,428.69,1151.9
25528,243626.88,108976.0,25356.61,21320.52,296.66,1151.9
25529,255241.28,109006.0,45917.66,33735.0,397.72,1152.0
25530,176652.0,82108.0,58259.48,30543.15,510.19,1152.0
25531,214244.8,106405.0,39572.02,20709.83,242.87,1152.0
25532,149994.88,90640.0,23656.02,6203.7803,207.01,1152.1
25533,178440.64,93597.0,34231.51,5856.0503,306.44,1152.1
25534,177132.48,90299.0,26636.81,16722.18,423.8,1152.1
25535,226074.23,107990.0,53448.35,20839.58,355.34,1152.2
25536,262143.0,105017.0,78586.984,26223.34,601.47,1152.2
25537,207757.77,100636.0,26313.3,23226.98,226.56999,1152.3
25538,174502.72,102005.0,32415.01,12791.62,352.08,1152.3
25539,205757.44,95024.0,25285.68,8259.0205,298.29,1152.4
25540,202139.84,90920.0,38355.832,16569.94,257.54,1152.4
25541,222304.33,97212.0,43187.72,20843.041,337.41,1152.4
25542,216730.08,94481.0,41179.19,15698.0205,389.57,1152.5
25543,190205.12,94394.0,29320.041,15907.351,239.61,1152.5
25544,248672.48,110387.0,69353.97,18234.201,420.54,1152.6
25545,208187.84,106267.0,19054.22,19189.16,193.97,1152.6
25546,167476.95,98546.0,22043.66,7503.0103,164.63,1152.6
25547,206678.08,104421.0,30762.86,10978.58,268.95,1152.6
25548,200523.69,103152.0,40129.082,17803.43,391.2,1152.7
25549,187339.05,95477.0,51554.0,22543.63,472.7,1152.7
25550,52400.32,32846.0,20407.08,58.82,185.81999,1152.8
25551,149312.8,88206.0,23728.68,11445.68,247.76,1152.8
25552,192166.23,93556.0,44793.16,19675.291,365.12,1152.8
25553,198609.6,97744.0,38347.18,15154.8,337.41,1152.9
25554,219998.23,104601.0,45915.93,21962.35,446.62,1152.9
25555,247110.08,108773.0,46739.41,12706.851,356.97,1152.9
25556,262143.0,101553.0,22652.621,15436.79,303.18,1153.0
25557,161409.92,90873.0,26422.291,20234.08,244.5,1153.1
25558,143003.84,75117.0,34037.75,21792.81,339.04,1153.1
25559,198723.84,103549.0,28728.38,15054.46,291.77,1153.1
25560,182245.28,81372.0,64364.652,43087.38,500.41,1153.3
25561,34177.92,10105.0,60797.39,110.72,392.83,1153.3
25562,161616.0,96103.0,15213.62,19177.05,154.85,1153.3
25563,257886.72,109225.0,37729.57,21394.91,277.1,1153.4
25564,140026.88,84229.0,22329.11,12507.9,185.81999,1153.4
25565,205593.92,101785.0,41032.14,9613.61,203.75,1153.5
25566,223041.28,94856.0,70539.02,22490.0,702.52997,1153.6
25567,169190.56,84609.0,55697.35,25370.451,440.1,1153.6
25568,175013.44,102927.0,22794.48,6933.84,133.66,1153.7
25569,49701.12,26820.0,36622.37,633.18,397.72,1153.8
25570,7977.7603,5052.0,7506.47,6.92,37.49,1153.8
25571,177988.16,94751.0,40933.53,6022.13,343.93,1153.8
25572,178062.08,97579.0,27453.371,17294.81,301.55,1153.9
25573,208976.33,99488.0,38598.03,12153.25,244.5,1154.0
25574,197021.44,106340.0,41282.992,16315.63,353.71,1154.0
25575,196697.77,101381.0,40028.742,13950.72,414.02,1154.1
25576,185561.6,97340.0,20946.84,17554.31,273.84,1154.1
25577,139053.6,79262.0,22766.8,18965.99,226.56999,1154.2
25578,141428.0,86803.0,22140.541,9777.96,118.99,1154.2
25579,237431.05,92016.0,61139.93,10772.71,335.78,1154.3
25580,40626.88,23953.0,23564.33,140.13,215.16,1154.4
25581,182650.72,92455.0,39762.32,22979.59,149.96,1154.4
25582,230979.84,111918.0,30607.16,14160.05,461.29,1154.5
25583,140428.95,85681.0,27313.24,15732.62,154.85,1154.7
25584,164273.77,97822.0,22346.41,11322.851,202.12,1154.9
25585,174036.8,90608.0,20054.16,12883.311,241.24,1155.2
25586,189147.84,98328.0,21159.63,18568.09,257.54,1155.2
25587,143618.72,90177.0,25193.99,5463.34,145.06999,1155.3
25588,126484.96,75149.0,50502.16,14741.33,208.64,1155.5
25589,191504.33,103400.0,19215.11,27621.18,255.91,1155.5
25590,183631.84,97663.0,36357.68,13037.28,247.76,1155.6
25591,205792.16,96949.0,32958.23,22005.6,326.0,1155.6
25592,162781.92,84069.0,27467.21,18614.8,267.32,1155.7
25593,205016.0,92357.0,23733.871,22038.47,306.44,1155.7
25594,36280.16,8188.0,75587.164,205.87,572.13,1155.7
25595,163509.92,94296.0,26001.9,14199.84,241.24,1155.8
25596,198647.69,100965.0,39886.88,15628.82,438.47,1155.9
25597,165280.64,96153.0,20012.64,13134.16,167.89,1156.0
25598,176424.64,85680.0,49396.69,36957.992,378.16,1156.0
25599,262143.0,102248.0,71360.77,25688.77,565.61,1156.1
25600,171534.72,90580.0,29427.3,12366.04,218.42,1156.1
25601,177852.64,96092.0,34444.3,31063.88,326.0,1156.3
25602,167494.88,99226.0,26050.34,10905.92,158.11,1156.4
25603,186490.08,96300.0,43007.8,5674.4,312.96,1156.5
25604,97041.28,60664.0,37476.992,479.21,281.99,1156.6
25605,137068.95,73376.0,40302.082,22104.21,342.3,1156.6
25606,180544.0,98962.0,40537.36,20600.84,360.23,1156.7
25607,236052.33,110693.0,48926.13,14211.95,249.39,1156.7
25608,172221.28,92020.0,28711.08,5179.62,190.71,1156.7
25609,214727.52,103617.0,73528.46,6868.1,580.27997,1156.7
25610,179846.23,93664.0,31051.77,18351.84,311.33,1156.8
25611,198856.0,104100.0,29058.81,16208.37,286.88,1156.8
25612,145638.08,83249.0,57591.7,403.09,241.24,1156.8
25613,170384.48,90312.0,24356.67,16609.73,257.54,1156.8
25614,184509.92,97680.0,29134.93,17990.27,268.95,1156.9
25615,173321.12,91368.0,63274.75,15703.21,431.95,1156.9
25616,185168.48,100380.0,35056.72,14668.67,301.55,1156.9
25617,224651.84,108252.0,36421.69,22697.6,435.21,1156.9
25618,156887.36,91217.0,23856.701,7511.66,303.18,1157.0
25619,174118.56,93595.0,38347.18,17978.16,265.69,1157.0
25620,225772.97,106104.0,40525.25,16435.0,224.94,1157.0
25621,218392.16,106604.0,37013.35,18365.68,226.56999,1157.1
25622,210762.72,98417.0,36662.16,15711.86,218.42,1157.1
25623,201367.05,96133.0,32643.371,23579.9,433.58,1157.1
25624,262143.0,103024.0,40905.85,28783.74,397.72,1157.1
25625,159826.23,89398.0,25515.77,17068.18,164.63,1157.1
25626,222174.4,103552.0,64442.5,19154.56,361.86,1157.2
25627,180761.28,90369.0,35440.78,22678.57,422.17,1157.2
25628,172510.23,93195.0,33613.9,16782.73,343.93,1157.2
25629,224680.97,106508.0,41208.6,17002.44,275.47,1157.2
25630,148627.36,93593.0,17443.59,3783.51,133.66,1157.2
25631,206413.77,104700.0,28001.781,16177.23,265.69,1157.2
25632,158886.56,89272.0,38556.51,21830.871,244.5,1157.3
25633,176510.88,92389.0,32349.27,23265.041,202.12,1157.3
25634,196250.88,80223.0,28148.83,5023.92,252.65,1157.3
25635,239949.92,101645.0,48995.332,27842.621,462.92,1157.3
25636,262143.0,105860.0,138611.06,44076.94,1217.61,1157.3
25637,194276.33,99501.0,26930.91,12009.66,376.53,1157.3
25638,223690.88,98470.0,42340.02,26069.371,360.23,1157.4
25639,243388.33,99430.0,61427.11,75312.09,774.25,1157.4
25640,203264.33,92837.0,51147.45,24097.17,350.45,1157.4
25641,140117.6,90493.0,25289.14,13175.68,171.15,1157.4
25642,183452.64,92452.0,38784.87,13843.46,242.87,1157.5
25643,223511.69,97819.0,53207.88,26211.23,492.26,1157.5
25644,172889.92,95920.0,31498.11,12648.03,381.42,1157.5
25645,193411.69,99492.0,49490.11,3646.84,402.61,1157.6
25646,213688.16,111981.0,47239.38,22105.94,306.44,1157.6
25647,182375.2,103528.0,39568.56,21550.61,190.71,1157.6
25648,219073.12,106633.0,41518.27,31366.63,412.38998,1157.7
25649,191142.56,90848.0,40338.41,22142.27,340.67,1157.7
25650,171631.05,96568.0,26038.23,9945.7705,202.12,1157.7
25651,253217.44,109752.0,72682.49,20984.9,474.33,1157.8
25652,262143.0,102234.0,123968.34,21728.8,1100.25,1157.8
25653,194140.8,98155.0,32390.791,21460.65,153.22,1157.8
25654,203825.44,102754.0,39556.45,20791.14,410.76,1157.8
25655,208606.72,100388.0,27731.9,14642.72,254.28,1157.8
25656,233144.8,108384.0,35169.17,32449.611,309.7,1157.8
25657,171572.8,84976.0,45832.89,9013.3,454.77,1157.9
25658,235131.69,102549.0,52813.44,20680.42,306.44,1157.9
25659,241128.16,108186.0,58622.78,16313.9,503.67,1157.9
25660,173035.52,95753.0,37412.98,9094.61,229.83,1157.9
25661,208607.84,99056.0,34321.47,22974.4,306.44,1158.0
25662,188239.52,107131.0,20938.19,14063.17,198.86,1158.0
25663,240943.36,106285.0,46613.12,18139.05,363.49,1158.0
25664,214123.84,95925.0,41632.45,17523.17,304.81,1158.0
25665,122980.484,74617.0,26629.89,14872.811,288.51,1158.1
25666,199612.0,97060.0,38175.91,13293.32,255.91,1158.1
25667,211673.28,105533.0,35944.21,22361.98,356.97,1158.2
25668,152959.52,83275.0,18822.4,10087.63,293.4,1158.2
25669,244978.72,106919.0,48474.6,30515.47,480.85,1158.2
25670,190971.2,93158.0,33909.73,11447.41,293.4,1158.2
25671,262143.0,101296.0,181179.44,29278.52,1462.11,1158.3
25672,226860.48,104404.0,43125.44,13964.561,405.87,1158.3
25673,185520.16,85832.0,63800.67,34191.72,552.57,1158.3
25674,187387.2,98224.0,28510.4,11860.88,246.13,1158.3
25675,202611.36,97657.0,59581.2,22915.58,471.07,1158.4
25676,183856.95,98490.0,25280.49,9018.49,218.42,1158.4
25677,112265.44,68992.0,27223.281,11578.89,296.66,1158.4
25678,164436.16,91049.0,27453.371,12122.11,216.79,1158.5
25679,183279.05,96401.0,31131.35,6570.54,275.47,1158.5
25680,262143.0,113897.0,56233.652,42253.52,433.58,1158.5
25681,206290.56,103356.0,22000.41,18099.26,298.29,1158.5
25682,96325.6,59517.0,32006.73,7637.95,255.91,1158.5
25683,157582.88,92484.0,14445.5,11618.68,19.56,1158.5
25684,39112.64,9434.0,85532.93,178.19,402.61,1158.6
25685,155218.56,91290.0,24131.77,17457.43,195.6,1158.6
25686,164979.36,99563.0,27403.201,10236.41,151.59,1158.6
25687,226808.97,110840.0,30664.25,23117.99,295.03,1158.6
25688,149282.56,86805.0,33641.582,10194.89,207.01,1158.6
25689,149873.92,87109.0,18040.44,4534.33,195.6,1158.6
25690,214468.8,105397.0,36651.78,20308.47,189.08,1158.7
25691,180633.6,102565.0,39805.57,13376.36,255.91,1158.7
25692,177087.69,101177.0,20977.98,11973.33,102.69,1158.7
25693,262143.0,116097.0,77571.47,32003.27,720.46,1158.7
25694,197380.95,97164.0,27917.01,10708.7,233.09,1158.7
25695,175418.88,88374.0,39404.21,24098.9,404.24,1158.8
25696,221756.64,103453.0,37852.402,10483.8,379.79,1158.8
25697,262143.0,112148.0,47118.28,29006.91,489.0,1158.8
25698,35033.6,15747.0,34584.43,323.51,262.43,1158.8
25699,198504.33,100020.0,35859.44,19784.28,368.38,1158.9
25700,184344.16,101525.0,35672.6,6982.2803,247.76,1158.9
25701,238033.6,104943.0,50557.52,9909.44,528.12,1158.9
25702,56295.68,16290.0,155720.77,627.99,740.02,1159.0
25703,186217.92,98466.0,36034.17,18049.09,208.64,1159.0
25704,198365.44,103603.0,45057.85,16691.041,326.0,1159.0
25705,180060.16,87461.0,42180.86,13853.84,223.31,1159.0
25706,172658.08,91949.0,30999.871,14263.851,275.47,1159.1
25707,132257.44,72976.0,31645.16,15082.141,205.38,1159.1
25708,215983.05,101643.0,28190.35,14294.99,366.75,1159.1
25709,188761.44,97670.0,23450.15,15760.3,236.35,1159.1
25710,262143.0,106414.0,132524.92,24332.451,1224.13,1159.1
25711,158210.08,85848.0,23211.41,26930.91,213.53,1159.1
25712,160266.4,76805.0,34549.832,27259.61,314.59,1159.2
25713,156722.72,81325.0,49422.64,8625.78,283.62,1159.2
25714,224862.4,97849.0,49690.79,13710.25,343.93,1159.2
25715,164007.2,93225.0,31821.621,14064.9,246.13,1159.2
25716,230069.28,103122.0,39229.48,19953.82,335.78,1159.4
25717,243652.64,103480.0,31695.33,22609.371,339.04,1159.4
25718,23002.56,8993.0,31318.19,233.55,110.84,1159.5
25719,54710.88,32396.0,25399.86,224.90001,312.96,1159.5
25720,262143.0,93307.0,41675.7,27794.18,599.84,1159.6
25721,161082.88,93997.0,40321.11,12499.25,244.5,1159.6
25722,162988.0,87372.0,22604.18,24873.94,304.81,1159.6
25723,262143.0,98105.0,57034.64,45580.31,785.66,1159.7
25724,171348.8,92035.0,35349.09,15801.82,321.11,1159.7
25725,220784.48,107027.0,61380.402,16000.7705,425.43,1159.7
25726,171311.84,95839.0,26150.68,20029.94,202.12,1159.8
25727,171998.4,93521.0,31077.72,10876.51,161.37,1159.8
25728,169277.92,92441.0,31693.6,9570.36,285.25,1160.0
25729,211876.0,98712.0,36520.3,13499.19,242.87,1160.1
25730,188798.4,100022.0,24377.43,17227.34,304.81,1160.1
25731,215034.4,105410.0,35266.05,22171.68,205.38,1160.2
25732,18607.68,18508.0,2588.08,456.72,27.71,1160.3
25733,129993.92,78716.0,21026.42,14502.59,180.93,1160.4
25734,188616.95,95628.0,33731.54,14476.641,290.13998,1160.5
25735,159955.05,87258.0,25129.98,12116.92,241.24,1160.6
25736,40225.92,12453.0,71319.25,273.34,246.13,1160.6
25737,120137.92,70152.0,41326.242,17874.36,381.42,1160.9
25738,10958.08,8277.0,2076.0,-20.76,0.0,1161.1
25739,13881.28,5557.0,33439.17,-1.73,145.06999,1161.2
25740,186010.72,98157.0,36876.68,12322.79,220.05,1161.3
25741,191274.72,106084.0,33107.01,20811.9,252.65,1161.5
25742,139875.69,85549.0,16919.4,19265.28,172.78,1161.6
25743,146574.4,84507.0,22579.96,14848.59,239.61,1161.7
25744,170552.48,87401.0,40231.152,17829.38,220.05,1161.8
25745,178273.77,95072.0,37241.71,24505.451,420.54,1161.9
25746,207180.95,104925.0,51403.492,15602.87,343.93,1161.9
25747,170905.28,96455.0,16787.92,11805.5205,207.01,1162.0
25748,188781.6,101885.0,22396.58,14269.04,92.909996,1162.0
25749,162956.64,93036.0,33030.89,7627.5703,280.36,1162.0
25750,210670.88,109248.0,41106.53,17858.791,306.44,1162.2
25751,114469.6,67125.0,39855.742,22839.46,308.07,1162.3
25752,198526.72,104601.0,32937.47,15890.05,255.91,1162.3
25753,136338.72,86233.0,19983.23,19895.0,180.93,1162.4
25754,192459.69,88484.0,35579.18,22422.53,296.66,1162.4
25755,150672.48,87184.0,75102.76,11445.68,422.17,1162.5
25756,187872.16,92173.0,31473.89,7660.44,252.65,1162.5
25757,145340.16,89884.0,17338.06,12082.32,273.84,1162.5
25758,200051.05,90645.0,44569.992,14900.49,370.01,1162.6
25759,183731.52,83101.0,36714.06,14824.37,312.96,1162.6
25760,206889.77,103213.0,39931.86,19427.9,329.26,1162.7
25761,262143.0,93400.0,49330.95,34262.65,365.12,1162.7
25762,28136.64,21814.0,1072.6,3662.4102,-3.26,1162.8
25763,199913.28,98033.0,38926.73,15898.7,122.25,1162.9
25764,187687.36,99317.0,21922.56,20497.041,312.96,1163.0
25765,184266.88,92857.0,33691.75,16068.24,342.3,1163.0
25766,146397.44,88977.0,26107.43,14753.44,249.39,1163.0
25767,251585.6,77000.0,85468.92,36437.26,831.3,1163.0
25768,97087.2,59955.0,46654.64,11518.34,208.64,1163.1
25769,189719.05,99517.0,30411.67,17592.371,334.15,1163.1
25770,183736.0,100138.0,17521.44,16488.63,202.12,1163.1
25771,187501.44,86436.0,47922.73,17075.1,430.32,1163.2
25772,181333.6,93565.0,28878.89,15014.67,262.43,1163.2
25773,152499.2,85620.0,39200.07,20507.42,236.35,1163.3
25774,224292.33,98053.0,52024.562,4830.16,322.74,1163.3
25775,176342.88,95120.0,39584.13,11843.58,309.7,1163.4
25776,262143.0,95615.0,63337.03,22320.46,392.83,1163.4
25777,162197.28,89424.0,22652.621,13926.5,153.22,1163.5
25778,106357.44,68651.0,16298.33,9681.08,141.81,1163.5
25779,245882.56,107111.0,50412.2,27311.51,431.95,1163.6
25780,175285.6,92283.0,32854.43,12442.16,295.03,1163.6
25781,162744.95,92661.0,25657.63,10743.3,210.27,1163.7
25782,7548.8,5451.0,9675.89,48.440002,65.2,1163.7
25783,193152.95,92693.0,49069.72,19623.39,340.67,1163.7
25784,225347.36,102497.0,25126.52,15025.05,265.69,1163.8
25785,131043.36,73296.0,23126.64,9047.9,246.13,1163.9
25786,183263.36,96899.0,38101.52,9239.93,296.66,1163.9
25787,194838.56,103505.0,29941.11,10663.72,234.72,1163.9
25788,172848.48,86609.0,22424.26,15988.66,228.2,1164.0
25789,211883.84,101962.0,38727.78,27425.69,441.73,1164.0
25790,177170.56,90878.0,46908.95,16400.4,342.3,1164.1
25791,204861.44,104973.0,34401.05,15732.62,259.17,1164.1
25792,200239.2,100520.0,37374.92,16282.76,337.41,1164.2
25793,138416.33,92108.0,26946.48,12094.43,102.69,1164.2
25794,177046.23,92015.0,27655.781,13385.01,223.31,1164.2
25795,29775.2,13515.0,31961.75,29.41,190.71,1164.2
25796,167347.05,98670.0,25913.67,10921.49,267.32,1164.3
25797,206528.0,106721.0,36400.93,8357.63,394.46,1164.3
25798,146250.72,83689.0,19267.01,15550.97,231.46,1164.3
25799,144338.88,86288.0,24657.69,15865.83,275.47,1164.4
25800,187439.84,101156.0,33122.582,9608.42,244.5,1164.4
25801,173601.12,97632.0,28584.791,16500.74,309.7,1164.4
25802,222867.69,107164.0,50657.86,9072.12,384.68,1164.5
25803,161622.72,84401.0,53616.16,25783.92,348.82,1164.6
25804,188951.84,98753.0,48151.09,15492.15,273.84,1164.6
25805,234665.77,113548.0,47609.6,20896.67,335.78,1164.6
25806,192513.44,101238.0,30503.36,17367.47,283.62,1164.6
25807,199487.69,102987.0,35887.12,14492.21,262.43,1164.7
25808,195874.56,99737.0,35122.46,19083.63,330.88998,1164.8
25809,247795.52,109200.0,44184.2,15542.32,433.58,1164.9
25810,211755.05,100189.0,41831.402,12347.01,386.31,1164.9
25811,197208.48,103592.0,25237.24,20365.56,236.35,1164.9
25812,240489.77,106598.0,45405.582,8430.29,312.96,1164.9
25813,207096.95,108973.0,32359.65,16832.9,252.65,1164.9
25814,128571.52,17866.0,262143.0,1380.54,1877.76,1165.0
25815,166798.23,85857.0,47322.42,11232.89,285.25,1165.0
25816,246013.6,115220.0,48190.88,19016.16,412.38998,1165.0
25817,191387.84,94059.0,40454.32,14281.15,378.16,1165.0
25818,15252.16,8983.0,1928.9501,22.49,8.15,1165.0
25819,186839.52,103153.0,32333.701,9435.42,278.73,1165.1
25820,241566.08,105525.0,63136.35,36970.1,519.97,1165.1
25821,204818.88,96614.0,46990.26,10582.41,387.94,1165.2
25822,161911.69,82939.0,41262.23,28235.33,492.26,1165.2
25823,227459.69,103649.0,81981.24,11206.94,661.77997,1165.3
25824,221051.05,111305.0,57897.91,16507.66,448.25,1165.3
25825,165267.2,91364.0,47293.01,11333.23,391.2,1165.3
25826,218460.48,102532.0,22650.89,16597.621,285.25,1165.3
25827,191544.64,101400.0,29524.18,13566.66,141.81,1165.4
25828,142572.64,84378.0,35452.89,8906.04,252.65,1165.4
25829,204116.64,99630.0,41255.31,7978.7603,326.0,1165.4
25830,244847.69,106050.0,40696.52,26432.67,306.44,1165.5
25831,5227.04,5307.0,292.37,631.45,4.89,1165.5
25832,174025.6,85233.0,31601.91,19536.89,303.18,1165.5
25833,193214.56,99963.0,34202.1,12623.811,202.12,1165.5
25834,157694.88,91992.0,21083.51,14260.391,321.11,1165.5
25835,206334.23,103201.0,36824.78,10279.66,172.78,1165.6
25836,187568.64,96442.0,35522.09,14850.32,378.16,1165.6
25837,162463.84,91832.0,30280.19,13182.601,247.76,1165.6
25838,104771.52,66059.0,24579.84,8233.07,257.54,1165.6
25839,186104.8,101869.0,26640.27,5100.04,177.67,1165.7
25840,225328.33,112517.0,49765.18,17064.72,396.09,1165.7
25841,155445.92,91589.0,28359.89,14961.04,184.19,1165.7
25842,129503.36,81607.0,22746.041,5174.43,141.81,1165.8
25843,169524.33,79614.0,42239.68,21453.73,286.88,1165.8
25844,164563.84,90057.0,34705.53,22687.22,281.99,1165.8
25845,169388.8,95084.0,25411.97,17528.36,259.17,1165.8
25846,248223.36,111450.0,56833.96,30102.0,577.02,1165.8
25847,201943.84,104527.0,38191.48,15826.04,332.52,1165.9
25848,177412.48,95045.0,21469.3,21908.72,193.97,1165.9
25849,258609.12,92005.0,49464.16,25735.48,267.32,1165.9
25850,213812.48,106212.0,36900.902,18014.49,179.3,1166.0
25851,167399.69,96446.0,26424.02,7525.5,151.59,1166.0
25852,181296.64,94997.0,23633.53,4876.87,280.36,1166.1
25853,180746.72,96669.0,20234.08,12201.69,109.21,1166.1
25854,199777.77,94725.0,79818.74,45230.85,682.97,1166.1
25855,178701.6,100549.0,31366.63,12890.23,330.88998,1166.1
25856,198894.08,101559.0,47241.11,18054.28,391.2,1166.2
25857,238820.97,111844.0,52548.75,34985.79,414.02,1166.2
25858,185351.05,95027.0,22628.4,14983.53,285.25,1166.2
25859,77154.56,46809.0,33987.582,190.3,400.98,1166.2
25860,146575.52,95033.0,21170.01,10701.78,132.03,1166.3
25861,146526.23,78851.0,46869.16,27455.1,387.94,1166.3
25862,185562.72,90556.0,53427.59,20818.82,197.23,1166.3
25863,173993.12,97921.0,22145.73,15704.94,247.76,1166.3
25864,192624.33,98049.0,30877.041,12765.67,265.69,1166.3
25865,212985.92,101701.0,24761.49,37892.19,387.94,1166.4
25866,124289.76,68984.0,30245.59,14673.86,249.39,1166.4
25867,131491.36,77896.0,32959.96,20043.78,252.65,1166.5
25868,176800.95,95476.0,30659.06,11040.86,366.75,1166.5
25869,210819.84,101475.0,28705.89,35759.1,378.16,1166.5
25870,216491.52,103370.0,42488.8,32849.242,303.18,1166.5
25871,189070.56,102609.0,33856.1,14203.3,171.15,1166.5
25872,220437.28,99973.0,35762.56,21112.92,342.3,1166.6
25873,185274.88,95678.0,33207.35,18995.4,407.5,1166.6
25874,131293.12,78688.0,16056.13,13867.68,146.7,1166.6
25875,165000.64,91501.0,19547.27,16123.601,285.25,1166.6
25876,184740.64,103860.0,19237.6,22190.71,166.26,1166.6
25877,160344.8,75665.0,27596.96,30761.13,290.13998,1166.7
25878,132857.77,75529.0,33266.17,26813.27,249.39,1166.7
25879,174942.88,95896.0,23408.63,20317.121,241.24,1166.7
25880,262143.0,108328.0,76090.59,39568.56,581.91,1166.8
25881,187630.23,98668.0,22268.56,12462.92,221.68,1166.8
25882,208828.48,106708.0,34127.71,10777.9,370.01,1166.8
25883,199058.72,97907.0,33586.22,16915.94,301.55,1166.8
25884,262143.0,118309.0,89141.71,16633.95,836.19,1166.8
25885,170358.72,95868.0,38348.91,11385.13,228.2,1166.8
25886,206296.16,100071.0,40893.742,10584.14,334.15,1166.9
25887,195138.72,101169.0,22228.77,21650.951,304.81,1166.9
25888,262143.0,114739.0,45739.47,47073.3,617.77,1166.9
25889,188210.4,101700.0,37108.5,28451.58,303.18,1167.0
25890,230305.6,110656.0,36362.87,23140.48,304.81,1167.0
25891,193715.2,97956.0,33036.082,15012.94,286.88,1167.1
25892,152568.64,83273.0,28557.11,8008.17,202.12,1167.1
25893,233815.69,97909.0,49303.27,30510.281,407.5,1167.1
25894,150759.84,88340.0,29935.92,12196.5,104.32,1167.1
25895,208727.69,98020.0,49922.61,17452.24,474.33,1167.3
25896,190646.4,84935.0,36849.0,23443.23,327.63,1167.3
25897,179420.64,104368.0,24934.49,14416.09,246.13,1167.4
25898,192254.72,98418.0,28273.39,25712.99,339.04,1167.4
25899,159550.72,83444.0,44516.36,16983.41,275.47,1167.5
25900,141701.28,77409.0,31617.48,26034.77,228.2,1167.5
25901,177224.33,99888.0,34184.8,14493.94,208.64,1167.5
25902,168847.84,88997.0,34364.72,13372.9,267.32,1167.5
25903,200928.0,99301.0,31095.02,12824.49,202.12,1167.6
25904,189250.88,100660.0,41777.77,17735.96,218.42,1167.6
25905,178865.12,98211.0,41078.85,21379.34,264.06,1167.7
25906,262143.0,113576.0,58345.98,31146.92,562.35,1167.7
25907,122926.72,72133.0,53546.96,12601.32,423.8,1167.8
25908,204631.84,108506.0,36336.92,6477.12,233.09,1167.8
25909,190538.88,94441.0,41544.22,13504.38,295.03,1167.9
25910,160180.16,91481.0,34188.26,14192.92,371.63998,1167.9
25911,168302.4,91463.0,32347.541,12199.96,275.47,1167.9
25912,193268.33,99074.0,39262.35,26892.85,306.44,1167.9
25913,110087.04,67884.0,27154.08,12558.07,221.68,1168.0
25914,183146.88,97305.0,34195.18,14251.74,290.13998,1168.0
25915,158751.05,90951.0,20782.49,10309.07,190.71,1168.0
25916,170207.52,94524.0,26643.73,15616.71,272.21,1168.0
25917,144670.4,84101.0,27652.32,15625.36,195.6,1168.0
25918,162943.2,87350.0,33880.32,18581.93,229.83,1168.0
25919,159177.77,93807.0,18668.43,8321.3,177.67,1168.1
25920,204622.88,97936.0,36286.75,20597.38,435.21,1168.1
25921,218790.88,103072.0,43113.332,24640.39,392.83,1168.1
25922,262143.0,103093.0,84979.33,30029.34,666.67,1168.2
25923,5462.24,5380.0,5482.37,38.06,65.2,1168.2
25924,218616.16,95720.0,32527.46,15954.061,299.92,1168.2
25925,175222.88,91765.0,29475.74,10694.86,228.2,1168.3
25926,225654.23,98665.0,47837.96,7515.12,208.64,1168.3
25927,229307.69,107280.0,47035.242,26661.031,255.91,1168.3
25928,225940.97,102275.0,57949.812,37471.8,526.49,1168.3
25929,176555.69,83881.0,74767.14,26084.94,749.8,1168.3
25930,179322.08,97582.0,35191.66,13706.79,373.27,1168.4
25931,151204.48,86921.0,29031.13,16571.67,231.46,1168.4
25932,186217.92,100266.0,37284.96,14878.0,234.72,1168.4
25933,203551.05,101550.0,43225.78,24273.63,361.86,1168.4
25934,262143.0,100091.0,66091.19,67336.79,640.59,1168.4
25935,159070.23,85545.0,31159.031,11120.44,237.98,1168.5
25936,262143.0,85897.0,74450.555,52955.3,712.31,1168.5
25937,230685.28,107569.0,52201.02,8350.71,500.41,1168.5
25938,55762.56,28620.0,19218.57,190.3,205.38,1168.6
25939,242747.69,111273.0,56032.97,32005.0,317.85,1168.6
25940,182521.92,97131.0,31342.41,12734.53,198.86,1168.6
25941,47527.2,10248.0,57249.16,105.53,343.93,1168.6
25942,19904.64,6769.0,33290.39,65.74,153.22,1168.6
25943,210143.36,100497.0,40281.32,19818.88,272.21,1168.6
25944,262143.0,116882.0,81721.74,34466.79,559.09,1168.6
25945,76577.76,43936.0,39819.41,160.89,260.8,1168.6
25946,167886.88,89625.0,41673.97,7660.44,166.26,1168.7
25947,179873.12,95816.0,39539.152,18197.871,366.75,1168.7
25948,202857.77,96282.0,30558.72,14990.45,159.74,1168.7
25949,144480.0,81025.0,35544.582,13212.01,277.1,1168.8
25950,181156.64,102152.0,25299.52,12447.351,224.94,1168.8
25951,190341.77,98620.0,47543.86,17509.33,422.17,1168.9
25952,199519.05,100265.0,40575.42,14365.92,236.35,1168.9
25953,233209.77,94535.0,57738.75,17725.58,506.93,1168.9
25954,163182.88,94321.0,30340.74,10997.61,179.3,1168.9
25955,193376.95,105605.0,27022.6,13987.05,185.81999,1168.9
25956,234085.6,100773.0,36940.69,21919.1,396.09,1168.9
25957,251777.12,105356.0,74964.36,41803.72,681.34,1169.0
25958,218619.52,99753.0,42954.17,17391.69,303.18,1169.0
25959,237345.92,108312.0,56500.07,15867.561,293.4,1169.0
25960,179817.12,99777.0,19313.72,16903.83,280.36,1169.1
25961,207792.48,99417.0,46753.25,18014.49,371.63998,1169.1
25962,101213.28,62488.0,56529.48,294.1,500.41,1169.1
25963,88345.6,41217.0,31982.51,304.48,365.12,1169.2
25964,161650.72,96543.0,20619.871,7634.49,118.99,1169.2
25965,148552.33,80159.0,36933.77,17504.14,340.67,1169.3
25966,202321.28,96832.0,35857.71,17052.61,324.37,1169.4
25967,193196.64,98476.0,30911.64,15204.97,218.42,1169.4
25968,154796.33,90425.0,33835.34,9620.53,179.3,1169.5
25969,203081.77,102185.0,44774.13,12943.86,368.38,1169.6
25970,139662.88,87101.0,20232.35,15613.25,226.56999,1169.6
25971,204762.88,102578.0,44391.8,18021.41,254.28,1169.6
25972,51554.72,34091.0,23451.88,89.96,166.26,1169.7
25973,155276.8,81727.0,19687.4,9575.55,285.25,1169.7
25974,176548.95,94435.0,27441.26,10800.39,216.79,1169.8
25975,182901.6,85949.0,38656.85,19528.24,335.78,1169.8
25976,190902.88,100749.0,34734.94,11962.95,265.69,1169.9
25977,21855.68,7016.0,4340.57,152.24,277.1,1170.0
25978,215483.52,99814.0,53112.73,20206.4,291.77,1170.0
25979,162058.4,93460.0,24998.5,10457.851,192.34,1170.0
25980,190471.69,104749.0,22144.0,5087.93,200.49,1170.1
25981,11618.88,8621.0,11059.89,100.340004,99.43,1170.1
25982,262143.0,95861.0,70480.2,30079.51,542.79,1170.1
25983,181454.56,96482.0,27041.63,11845.311,140.18,1170.1
25984,179240.33,91113.0,44355.47,13888.44,329.26,1170.2
25985,229238.23,107104.0,46758.44,10181.05,472.7,1170.3
25986,149602.88,91179.0,26337.52,7672.5503,262.43,1170.3
25987,262143.0,100229.0,51607.63,22003.871,526.49,1170.4
25988,159324.48,97732.0,26972.43,16151.28,205.38,1170.4
25989,188177.92,95029.0,29200.67,20422.65,272.21,1170.5
25990,188727.84,96951.0,39419.78,19057.68,363.49,1170.6
25991,157523.52,93869.0,27641.94,10828.07,158.11,1170.7
25992,196960.95,108746.0,29043.24,18133.86,120.62,1170.7
25993,55874.56,40238.0,11732.86,91.69,132.03,1170.7
25994,36630.72,20457.0,11307.28,88.23,190.71,1170.7
25995,178870.72,93133.0,43701.53,25244.16,327.63,1170.8
25996,186402.72,103562.0,20635.44,9499.43,189.08,1170.8
25997,181564.33,99577.0,27031.25,12914.45,255.91,1170.9
25998,145715.36,86013.0,25674.93,13082.26,270.58,1170.9
25999,174936.16,98668.0,32188.38,13649.7,163.0,1171.0
26000,193305.28,93388.0,54065.96,21125.03,339.04,1171.0
26001,176602.72,97319.0,28595.17,13218.93,171.15,1171.1
26002,190716.95,100585.0,26754.451,16665.09,280.36,1171.1
26003,160740.16,96896.0,22801.4,12054.64,185.81999,1171.2
26004,199923.36,104749.0,38971.71,9347.19,334.15,1171.2
26005,168904.95,97270.0,27562.36,14445.5,295.03,1171.2
26006,163982.56,81808.0,44793.16,20270.41,288.51,1171.3
26007,207802.56,94721.0,52221.78,17659.84,360.23,1171.3
26008,179266.08,95129.0,30484.33,10322.91,264.06,1171.3
26009,151568.48,78609.0,40540.82,12500.98,311.33,1171.4
26010,243598.88,101543.0,47929.652,28911.76,459.66,1171.4
26011,231099.69,104926.0,49874.17,28070.98,371.63998,1171.4
26012,262143.0,105637.0,43333.04,24794.36,431.95,1171.4
26013,174070.4,100522.0,26366.93,11437.03,239.61,1171.5
26014,262143.0,102080.0,51834.26,25425.81,298.29,1171.5
26015,159435.36,90275.0,34767.81,17566.42,218.42,1171.6
26016,262143.0,102540.0,63226.312,33935.68,528.12,1171.6
26017,149580.48,88941.0,23377.49,9634.37,187.45,1171.6
26018,156996.0,96788.0,21130.22,10809.04,161.37,1171.6
26019,262143.0,111437.0,83757.95,37630.96,777.51,1171.6
26020,195339.2,105364.0,34119.06,7722.72,356.97,1171.6
26021,178699.36,98601.0,16393.48,12281.2705,224.94,1171.7
26022,262143.0,96118.0,69701.7,82602.31,671.56,1171.7
26023,174713.28,101921.0,17519.71,14685.97,221.68,1171.7
26024,172839.52,99079.0,29451.52,18151.16,239.61,1171.7
26025,139714.4,85984.0,19299.88,9622.26,252.65,1171.7
26026,183609.44,98396.0,30631.38,14096.04,280.36,1171.8
26027,156347.52,81097.0,70677.42,10217.38,718.83,1171.8
26028,262143.0,95985.0,52733.86,21121.57,467.81,1171.8
26029,167948.48,96293.0,28370.27,18446.99,254.28,1171.8
26030,229484.64,103810.0,60942.71,28027.73,381.42,1171.8
26031,219159.36,96099.0,40840.11,15580.38,308.07,1171.8
26032,198057.44,84471.0,91907.984,37845.48,607.99,1171.8
26033,195752.48,98717.0,41400.63,17395.15,268.95,1171.9
26034,109801.44,69793.0,30537.96,21932.94,190.71,1171.9
26035,170363.2,94720.0,30693.66,16151.28,267.32,1171.9
26036,203331.52,91134.0,36368.06,19557.65,335.78,1171.9
26037,47660.48,26776.0,24064.3,121.1,264.06,1171.9
26038,151180.95,81873.0,32435.77,20720.21,283.62,1172.0
26039,262143.0,110419.0,88743.81,41904.06,536.27,1172.0
26040,124586.56,77828.0,36765.96,12334.9,246.13,1172.0
26041,174895.84,94905.0,25200.91,15649.58,242.87,1172.0
26042,200529.28,102741.0,36963.18,21017.77,303.18,1172.0
26043,9054.08,9405.0,1823.42,837.32,4.89,1172.0
26044,200384.8,104128.0,27750.93,11085.84,246.13,1172.0
26045,262143.0,97786.0,78061.06,28053.68,391.2,1172.1
26046,222645.92,98406.0,67651.65,33703.86,448.25,1172.1
26047,262143.0,114660.0,168740.73,107040.29,1465.37,1172.2
26048,174067.05,99592.0,27231.93,11040.86,159.74,1172.2
26049,157319.69,89164.0,20926.08,9649.94,275.47,1172.2
26050,248169.6,106594.0,63734.93,10136.07,412.38998,1172.2
26051,140486.08,69898.0,44144.41,26193.93,443.36,1172.3
26052,211149.12,98296.0,55169.7,18374.33,456.4,1172.4
26053,234524.64,110592.0,28750.871,9160.351,298.29,1172.5
26054,193424.0,96001.0,26297.73,21029.88,167.89,1172.6
26055,224950.88,102135.0,45941.88,20106.06,299.92,1172.7
26056,47583.2,24788.0,24898.16,252.58,482.48,1172.7
26057,62508.32,24117.0,127443.914,166.08,653.63,1172.8
26058,262143.0,109163.0,75457.414,16346.7705,549.31,1172.8
26059,129185.28,71290.0,23399.98,17715.2,234.72,1172.8
26060,243181.12,105805.0,108924.26,16654.71,792.18,1172.9
26061,195958.56,98421.0,29209.32,13641.05,291.77,1172.9
26062,4847.36,5061.0,446.34,411.74,14.67,1172.9
26063,165598.72,74319.0,26730.23,19708.16,163.0,1173.0
26064,197468.33,100806.0,25420.621,13395.391,148.33,1173.0
26065,189715.69,96046.0,38691.45,18237.66,236.35,1173.0
26066,137912.33,80616.0,27875.49,5510.0503,172.78,1173.1
26067,157688.16,81873.0,38255.492,29403.08,299.92,1173.1
26068,242766.72,103201.0,42878.05,11276.14,436.84,1173.1
26069,179508.0,97453.0,31347.6,15620.17,233.09,1173.1
26070,234383.52,104721.0,70362.56,16052.67,529.75,1173.2
26071,186312.0,100317.0,25162.85,25095.38,218.42,1173.3
26072,254087.69,96812.0,49491.84,39317.71,480.85,1173.3
26073,252496.16,115047.0,31845.84,28128.07,264.06,1173.3
26074,175581.28,99486.0,27406.66,9156.89,135.29,1173.4
26075,146194.72,75311.0,21945.05,16082.08,265.69,1173.4
26076,181349.28,98656.0,22874.06,14478.37,316.22,1173.4
26077,206489.92,102576.0,35030.77,14314.0205,321.11,1173.5
26078,66582.88,19634.0,17642.541,27.68,339.04,1173.5
26079,18523.68,5340.0,54078.07,183.38,277.1,1173.5
26080,103312.164,67424.0,19770.44,6162.2603,105.95,1173.6
26081,201847.52,107516.0,22424.26,9771.04,208.64,1173.7
26082,183755.05,94791.0,34051.59,16405.59,259.17,1173.8
26083,254133.6,114417.0,56178.29,27923.93,529.75,1173.8
26084,163797.77,96908.0,20512.61,12798.54,159.74,1173.9
26085,171144.95,101681.0,16902.1,12513.09,229.83,1174.0
26086,206727.36,96277.0,51512.48,17938.371,423.8,1174.0
26087,169569.12,94840.0,30349.39,12360.851,202.12,1174.1
26088,159610.08,89484.0,32771.39,12430.05,193.97,1174.2
26089,211498.56,102012.0,24119.66,12215.53,216.79,1174.3
26090,141942.08,74928.0,49029.93,27370.33,420.54,1174.3
26091,181024.48,90277.0,50301.48,17668.49,361.86,1174.4
26092,193002.88,105864.0,43459.332,16708.34,342.3,1174.4
26093,210324.8,103960.0,30479.14,10078.98,268.95,1174.4
26094,202004.33,99261.0,45672.0,20555.86,386.31,1174.4
26095,244773.77,103153.0,42691.21,23299.64,293.4,1174.5
26096,184252.33,100814.0,40110.05,18256.69,335.78,1174.5
26097,196599.2,99650.0,27558.9,26562.42,267.32,1174.5
26098,213377.92,110808.0,40826.27,13135.891,216.79,1174.5
26099,172737.6,98416.0,24109.28,12846.98,114.1,1174.6
26100,188221.6,91535.0,35155.332,20306.74,268.95,1174.6
26101,195827.52,90516.0,68665.43,23420.74,565.61,1174.6
26102,214266.08,94128.0,51777.17,32376.951,590.06,1174.6
26103,223848.8,103112.0,49813.62,11686.15,334.15,1174.7
26104,178617.6,93141.0,29612.41,11990.63,105.95,1174.7
26105,186544.95,93266.0,30477.41,15192.86,293.4,1174.7
26106,191524.48,96340.0,38890.402,16516.31,275.47,1174.7
26107,214271.69,109846.0,41203.41,14080.47,215.16,1174.7
26108,198046.23,93124.0,40305.54,6852.5303,397.72,1174.7
26109,146498.23,86608.0,19542.08,16448.84,255.91,1174.7
26110,193275.05,106032.0,28373.73,11281.33,291.77,1174.8
26111,227036.33,106521.0,38774.492,13241.42,339.04,1174.8
26112,220880.8,112158.0,29453.25,14294.99,345.56,1174.9
26113,200194.4,81995.0,55212.95,49126.81,506.93,1174.9
26114,184810.08,93851.0,20507.42,21976.19,286.88,1174.9
26115,185825.92,100692.0,32714.3,20619.871,330.88998,1174.9
26116,179976.16,98824.0,30818.22,7798.84,306.44,1174.9
26117,188067.05,97769.0,36731.36,16317.36,418.91,1175.0
26118,198446.08,105004.0,26742.34,23790.96,293.4,1175.0
26119,245519.69,107764.0,50021.22,23585.09,451.51,1175.0
26120,220608.64,104988.0,52773.652,25749.32,405.87,1175.0
26121,192877.44,105296.0,26086.67,12623.811,187.45,1175.0
26122,216539.69,94380.0,60119.23,91579.28,769.36,1175.0
26123,160849.92,89513.0,22834.27,7473.6,290.13998,1175.0
26124,224678.72,93707.0,74191.055,33262.71,658.52,1175.0
26125,169321.6,90265.0,32351.0,19945.17,324.37,1175.0
26126,188684.16,104742.0,36842.082,10186.24,326.0,1175.0
26127,156172.8,83889.0,37679.402,21675.17,405.87,1175.0
26128,250770.23,98289.0,49561.04,16026.72,304.81,1175.1
26129,181044.64,95333.0,31866.6,13222.391,311.33,1175.1
26130,240643.2,106724.0,47820.66,22073.07,316.22,1175.1
26131,198204.16,100817.0,39620.46,19453.85,295.03,1175.1
26132,240048.48,94172.0,102578.625,39142.98,782.4,1175.1
26133,189750.4,97234.0,53296.11,20256.57,285.25,1175.1
26134,179095.84,96357.0,35023.85,11926.62,345.56,1175.1
26135,194087.05,83989.0,27278.64,19244.52,128.77,1175.2
26136,105451.36,67604.0,14352.08,21261.701,153.22,1175.2
26137,196796.33,101429.0,37290.152,27373.791,365.12,1175.2
26138,262143.0,120639.0,105407.17,28603.82,862.27,1175.2
26139,207198.88,99885.0,38412.92,14549.3,221.68,1175.3
26140,196090.72,88888.0,61741.97,20780.76,255.91,1175.3
26141,262143.0,103273.0,131907.31,55292.53,1110.03,1175.4
26142,231982.23,82926.0,219358.81,10769.25,1447.44,1175.4
26143,164916.64,94941.0,27823.59,8985.62,208.64,1175.6
26144,25343.36,18238.0,4773.07,-12.110001,42.38,1175.6
26145,40016.48,6454.0,72640.97,335.62,423.8,1175.6
26146,50561.28,32032.0,23998.56,195.49,239.61,1175.7
26147,168222.88,79320.0,52688.88,10011.51,332.52,1175.8
26148,189035.84,102852.0,42878.05,20810.17,528.12,1175.9
26149,262143.0,117703.0,91058.555,29775.031,697.64,1175.9
26150,247857.12,104713.0,53770.13,23728.68,396.09,1176.0
26151,152299.84,93750.0,36489.16,11180.99,190.71,1176.1
26152,183099.84,99762.0,36497.81,16315.63,197.23,1176.3
26153,190482.88,98023.0,36772.88,13722.36,229.83,1176.5
26154,71314.88,46401.0,31338.951,304.48,365.12,1176.6
26155,105992.32,59712.0,34920.05,16355.42,332.52,1176.7
26156,190479.52,101145.0,25868.69,10982.04,312.96,1176.8
26157,194358.08,88381.0,48038.64,3854.44,340.67,1176.8
26158,168658.56,93584.0,28873.701,12284.73,171.15,1177.0
26159,167315.69,88141.0,33653.69,10367.89,262.43,1177.0
26160,92039.36,51001.0,45052.66,313.13,324.37,1177.0
26161,175385.28,93220.0,30811.3,16791.38,273.84,1177.2
26162,153672.95,84794.0,25951.73,15992.12,190.71,1177.2
26163,262143.0,111322.0,59928.93,51194.16,594.95,1177.3
26164,169412.33,95467.0,28866.781,13203.36,189.08,1177.3
26165,165383.69,92399.0,41814.1,9758.93,259.17,1177.3
26166,204722.56,97166.0,49407.07,20803.25,405.87,1177.4
26167,190426.88,91604.0,44931.56,24963.9,324.37,1177.4
26168,202714.4,100426.0,45530.14,19170.13,329.26,1177.5
26169,262143.0,102001.0,78062.79,31582.88,606.36,1177.5
26170,184950.08,103990.0,36871.492,23202.76,254.28,1177.6
26171,169704.64,99043.0,28282.041,17497.22,189.08,1177.6
26172,204653.12,103084.0,29057.08,18151.16,242.87,1177.7
26173,164768.8,91245.0,24382.621,15692.83,228.2,1177.7
26174,203912.8,110513.0,35587.832,21618.08,347.19,1177.7
26175,175076.16,98952.0,33100.09,9905.98,215.16,1177.8
26176,182207.2,99740.0,27974.1,9746.82,228.2,1177.8
26177,212885.12,100218.0,33402.84,22105.94,340.67,1177.9
26178,212280.33,103035.0,24005.48,14755.17,231.46,1177.9
26179,128195.2,77702.0,23585.09,12032.15,149.96,1177.9
26180,128196.32,76251.0,19507.48,8854.14,107.58,1177.9
26181,10012.8,6638.0,21384.53,32.87,63.57,1177.9
26182,104642.72,66534.0,37961.39,12551.15,322.74,1178.0
26183,13106.24,11473.0,3174.55,-27.68,-9.78,1178.1
26184,246041.6,106984.0,46187.54,21445.08,298.29,1178.1
26185,177410.23,94005.0,30044.91,14343.43,143.44,1178.1
26186,224566.72,102596.0,46163.32,8618.86,270.58,1178.1
26187,5783.68,6029.0,5890.65,19.03,-26.08,1178.2
26188,188067.05,102073.0,24851.451,16336.391,246.13,1178.2
26189,262143.0,110861.0,41630.72,26320.22,487.37,1178.3
26190,197289.12,102539.0,31458.32,16018.07,396.09,1178.4
26191,202846.56,97072.0,38336.8,12326.25,249.39,1178.5
26192,244286.56,98082.0,93632.79,47564.62,880.2,1178.7
26193,15444.8,13653.0,11876.45,358.11002,167.89,1178.8
26194,197124.48,103393.0,40101.402,10677.561,208.64,1178.9
26195,136071.05,81537.0,35802.35,26463.81,404.24,1178.9
26196,181633.77,102093.0,23135.291,14890.11,223.31,1179.0
26197,166053.44,91334.0,26690.44,15395.2705,220.05,1179.1
26198,177421.44,93847.0,29678.15,7817.87,298.29,1179.1
26199,157702.72,93978.0,27423.96,11770.92,110.84,1179.3
26200,212545.77,102068.0,46035.3,21837.791,327.63,1179.4
26201,205620.8,90017.0,63828.35,8393.96,534.64,1179.6
26202,145467.84,83505.0,31295.701,20742.701,373.27,1180.1
26203,188995.52,86684.0,46362.27,11828.01,387.94,1180.2
26204,18827.2,15970.0,1171.21,1650.42,22.82,1180.3
26205,160564.33,93176.0,31074.26,10722.54,391.2,1180.4
26206,210414.4,106309.0,29152.23,15071.76,293.4,1180.4
26207,189305.77,102248.0,26159.33,13146.2705,244.5,1180.5
26208,169520.95,95550.0,30077.781,10665.45,190.71,1180.6
26209,200278.4,98480.0,59441.07,12848.71,472.7,1180.8
26210,240497.6,106797.0,53348.01,24749.38,368.38,1180.8
26211,128427.04,79213.0,30039.72,8895.66,179.3,1180.9
26212,184996.0,92969.0,38039.242,18133.86,273.84,1180.9
26213,192339.84,95494.0,36061.85,15172.101,350.45,1180.9
26214,171820.33,98082.0,23590.28,12170.55,224.94,1181.0
26215,222642.56,101186.0,59240.39,43632.332,456.4,1181.0
26216,142010.4,88688.0,22244.34,7833.44,283.62,1181.0
26217,262143.0,97044.0,63340.492,33849.18,642.22,1181.1
26218,67650.24,36377.0,38288.36,366.76,464.55,1181.2
26219,177712.64,96667.0,27038.17,15272.44,218.42,1181.2
26220,146810.72,84555.0,26050.34,23515.89,319.48,1181.2
26221,262143.0,119788.0,43184.26,39511.47,500.41,1181.2
26222,209625.92,103244.0,46137.37,15211.891,231.46,1181.3
26223,199053.12,93459.0,34515.23,9252.04,241.24,1181.3
26224,65260.16,11891.0,105699.54,102.07,446.62,1181.3
26225,205863.84,98606.0,34402.78,14981.8,277.1,1181.4
26226,169449.28,96013.0,32575.9,11687.88,208.64,1181.4
26227,189349.44,98552.0,44073.48,8966.59,317.85,1181.4
26228,181231.69,99505.0,28825.26,16066.51,107.58,1181.5
26229,262143.0,82255.0,57916.94,28794.121,466.18,1181.5
26230,153860.0,92720.0,29129.74,6707.21,304.81,1181.6
26231,115562.72,71144.0,44981.73,6625.9,435.21,1181.6
26232,221872.0,107570.0,41279.53,14154.86,216.79,1181.6
26233,166036.64,91473.0,34195.18,9388.71,322.74,1181.7
26234,163727.2,93587.0,27809.75,10393.84,396.09,1181.8
26235,193504.64,96360.0,36693.3,10705.24,378.16,1181.9
26236,194541.77,101900.0,51787.55,10954.36,340.67,1182.0
26237,70688.8,44863.0,27038.17,294.1,265.69,1182.0
26238,194472.33,97443.0,21166.55,24853.18,218.42,1182.1
26239,166570.88,95712.0,34030.832,9134.4,198.86,1182.1
26240,165961.6,93254.0,31100.21,16063.05,311.33,1182.2
26241,153306.72,85309.0,52868.8,16583.78,358.6,1182.2
26242,177562.56,96316.0,25065.97,26565.88,267.32,1182.3
26243,232169.28,102934.0,44673.79,22752.96,371.63998,1182.3
26244,105206.08,46557.0,67089.4,736.98,549.31,1182.4
26245,201998.72,100297.0,32209.14,26309.84,412.38998,1182.4
26246,163159.36,95437.0,35849.06,13974.94,189.08,1182.4
26247,16438.24,6296.0,55984.53,145.32,431.95,1182.5
26248,262143.0,114857.0,60911.57,33330.18,477.59,1182.5
26249,65824.64,40100.0,28683.4,212.79001,234.72,1182.7
26250,175155.69,97599.0,24441.44,21346.47,404.24,1182.7
26251,175377.44,97406.0,18273.99,8371.47,239.61,1182.8
26252,175409.92,97812.0,38437.14,7369.8003,335.78,1182.9
26253,226647.69,106187.0,39054.75,19685.67,391.2,1183.0
26254,8151.36,7108.0,2319.93,840.78,26.08,1183.0
26255,144354.56,87267.0,17618.32,7073.97,133.66,1183.0
26256,171348.8,96889.0,36110.29,11803.79,237.98,1183.0
26257,189863.52,94836.0,29095.14,17073.371,347.19,1183.1
26258,139442.23,85777.0,35684.71,15109.82,291.77,1183.1
26259,180881.12,85057.0,62555.07,21206.34,405.87,1183.2
26260,250192.33,103751.0,52003.8,14239.63,350.45,1183.2
26261,30409.121,8974.0,64362.92,243.93001,402.61,1183.3
26262,184634.23,101940.0,19159.75,19199.541,202.12,1183.3
26263,145860.95,87649.0,25062.51,12336.63,267.32,1183.3
26264,164569.44,87916.0,29366.75,9440.61,177.67,1183.3
26265,190597.12,96797.0,47218.62,30046.64,343.93,1183.3
26266,237924.97,108975.0,66852.39,26650.65,358.6,1183.3
26267,165258.23,99056.0,31958.291,7118.95,350.45,1183.3
26268,182376.33,97200.0,35115.54,11440.49,262.43,1183.4
26269,141204.0,81684.0,21387.99,23220.06,306.44,1183.5
26270,199156.16,101528.0,38613.6,23534.92,285.25,1183.5
26271,213273.77,105677.0,47718.59,20785.951,386.31,1183.5
26272,151828.33,86114.0,37560.03,17727.31,330.88998,1183.6
26273,221244.8,107346.0,62873.39,18595.77,332.52,1183.6
26274,140526.4,77691.0,28456.77,16689.31,180.93,1183.6
26275,207287.36,103308.0,24420.68,13168.76,117.36,1183.6
26276,188185.77,103848.0,34584.43,28377.19,252.65,1183.6
26277,195516.16,107051.0,31492.92,16701.42,255.91,1183.7
26278,175881.44,94908.0,26752.72,12125.57,120.62,1183.7
26279,186233.6,98832.0,42255.25,9008.11,169.52,1183.7
26280,203758.23,102559.0,35596.48,24692.291,314.59,1183.8
26281,187079.2,92847.0,34541.18,15213.62,277.1,1183.8
26282,223154.4,112344.0,41481.94,10296.96,231.46,1183.8
26283,201634.72,100128.0,37224.41,19467.69,366.75,1183.8
26284,203423.36,102520.0,42232.76,18500.621,371.63998,1183.9
26285,262143.0,108355.0,72656.54,27110.83,542.79,1183.9
26286,199112.48,98284.0,36037.63,15952.33,268.95,1183.9
26287,262143.0,104964.0,78157.94,31762.8,663.41,1183.9
26288,227280.48,100075.0,41936.93,24747.65,337.41,1183.9
26289,235652.48,101339.0,65165.64,25837.55,482.48,1184.0
26290,206996.16,93734.0,42634.12,24673.26,356.97,1184.0
26291,178697.12,89669.0,26453.43,9883.49,73.35,1184.0
26292,198565.92,96590.0,69674.02,8885.28,361.86,1184.0
26293,192874.08,79417.0,140268.4,1821.6901,1096.99,1184.0
26294,96538.4,50033.0,72032.01,562.25,635.7,1184.0
26295,193656.95,87645.0,35053.26,11004.53,192.34,1184.1
26296,185393.6,91077.0,42940.332,30674.63,275.47,1184.1
26297,262143.0,104528.0,98795.11,23794.42,850.86,1184.2
26298,214941.44,23349.0,262143.0,705.84,3095.3699,1184.3
26299,242772.33,107558.0,62157.17,17675.41,591.69,1184.3
26300,262143.0,120447.0,107273.84,44220.53,920.95,1184.3
26301,14988.96,7461.0,23140.48,147.05,158.11,1184.4
26302,262143.0,114232.0,82176.734,34259.19,700.9,1184.4
26303,262143.0,102517.0,81970.86,50377.6,780.77,1184.5
26304,262143.0,100281.0,126326.33,68367.87,1142.63,1184.5
26305,236041.12,106108.0,59404.742,29640.09,459.66,1184.6
26306,178634.4,98930.0,29470.55,12551.15,220.05,1184.7
26307,262143.0,115786.0,79714.94,26489.76,648.74,1184.7
26308,182272.16,85494.0,64471.91,14471.45,436.84,1184.7
26309,70827.68,44003.0,36682.92,261.23,291.77,1184.8
26310,192485.44,88384.0,49121.62,18613.07,484.11,1184.9
26311,262143.0,115153.0,81735.58,26887.66,700.9,1185.0
26312,167228.33,81053.0,58548.39,20559.32,461.29,1185.1
26313,165294.08,80809.0,46308.64,15310.5,402.61,1185.2
26314,262143.0,127464.0,77204.71,46798.23,761.21,1185.3
26315,207294.08,104561.0,32669.32,13395.391,197.23,1185.3
26316,249801.44,116277.0,58574.34,21616.35,340.67,1185.3
26317,163793.28,87280.0,27596.96,17791.32,234.72,1185.4
26318,163638.72,86933.0,41071.93,16673.74,384.68,1185.5
26319,197441.44,103616.0,28327.02,18805.1,224.94,1185.6
26320,209824.16,106557.0,30494.71,18882.951,215.16,1185.6
26321,208824.0,108317.0,30166.01,12539.04,220.05,1185.6
26322,141939.84,83009.0,25505.39,11738.05,161.37,1185.6
26323,194061.28,93351.0,25470.791,9857.54,234.72,1185.6
26324,239081.92,104644.0,38930.19,9376.601,343.93,1185.7
26325,223362.72,102817.0,38893.86,17680.6,332.52,1185.8
26326,168056.0,95384.0,37015.082,6139.77,229.83,1185.9
26327,177964.64,91767.0,32209.14,14658.29,312.96,1186.0
26328,40405.12,13875.0,92233.22,178.19,510.19,1186.0
26329,12864.32,12757.0,1422.06,245.66,-3.26,1186.1
26330,37329.6,33708.0,539.76,2221.32,3.26,1186.1
26331,162338.4,80153.0,46364.0,16507.66,423.8,1186.1
26332,164515.69,97982.0,23631.8,6807.5503,192.34,1186.2
26333,180560.8,101466.0,29700.64,12359.12,298.29,1186.3
26334,236432.0,110161.0,62299.03,27596.96,511.82,1186.4
26335,190523.2,89560.0,47087.14,20865.53,417.28,1186.5
26336,170392.33,98124.0,27062.39,28299.34,290.13998,1186.5
26337,189347.2,97361.0,39186.23,21784.16,291.77,1186.5
26338,171520.16,102324.0,25678.39,18922.74,192.34,1186.6
26339,151110.4,92390.0,28200.73,15121.93,130.4,1186.6
26340,227623.2,107889.0,32415.01,8395.69,242.87,1186.7
26341,179430.72,92804.0,51379.27,22015.98,340.67,1186.7
26342,176983.52,99197.0,33812.85,19872.51,277.1,1186.8
26343,202326.88,107185.0,37797.04,12430.05,326.0,1186.8
26344,90584.48,48840.0,47057.73,207.6,339.04,1186.8
26345,163233.28,94445.0,22195.9,9464.83,171.15,1187.0
26346,119937.44,68706.0,26903.23,8208.85,174.41,1187.0
26347,177184.0,97749.0,29077.84,13077.07,285.25,1187.0
26348,149581.6,86709.0,33437.44,8866.25,260.8,1187.0
26349,183001.28,93432.0,29908.24,10068.601,314.59,1187.1
26350,192547.05,104628.0,33174.48,20450.33,352.08,1187.1
26351,161594.72,90944.0,24235.57,10065.14,195.6,1187.1
26352,185802.4,102549.0,19555.92,16492.09,231.46,1187.2
26353,94913.28,58501.0,30638.3,9182.84,202.12,1187.2
26354,173447.69,96369.0,28891.0,13125.51,167.89,1187.3
26355,151290.72,85349.0,21464.11,13097.83,216.79,1187.3
26356,120098.72,72523.0,15403.92,14663.48,220.05,1187.4
26357,186592.0,95670.0,36895.71,12295.11,185.81999,1187.4
26358,162142.4,94970.0,27313.24,11860.88,179.3,1187.5
26359,224938.56,105924.0,39149.902,19751.41,386.31,1187.6
26360,262143.0,116980.0,107218.484,38701.832,766.1,1187.6
26361,236140.8,110756.0,50638.832,28700.701,477.59,1187.7
26362,122333.12,67085.0,38885.21,20908.78,435.21,1187.9
26363,190878.23,93048.0,37566.95,22012.52,425.43,1188.0
26364,137486.72,80293.0,51718.35,27299.4,347.19,1188.0
26365,187136.33,102414.0,35838.68,6376.7803,334.15,1188.2
26366,166651.52,98275.0,15397.0,13272.561,163.0,1188.2
26367,132642.72,74789.0,13628.94,19514.4,224.94,1188.3
26368,179544.95,93463.0,34466.79,12436.97,203.75,1188.4
26369,242085.77,117380.0,31280.13,20666.58,255.91,1188.4
26370,160698.72,88700.0,24979.47,23086.85,270.58,1188.5
26371,197654.23,94433.0,71800.19,39450.92,498.78,1188.5
26372,51328.48,28902.0,22860.22,157.43001,241.24,1188.6
26373,163798.88,87136.0,41634.18,22496.92,293.4,1188.7
26374,229056.8,103033.0,56347.832,21085.24,394.46,1188.7
26375,195871.2,94957.0,29501.69,11962.95,293.4,1188.8
26376,176619.52,93160.0,35361.2,13250.07,293.4,1189.0
26377,169237.6,87448.0,36482.242,17910.69,412.38998,1189.1
26378,233815.69,103620.0,43789.76,12859.09,290.13998,1189.1
26379,5538.4,5744.0,214.52,435.96,9.78,1189.2
26380,262143.0,114209.0,60003.32,24403.38,533.01,1189.2
26381,148083.05,91379.0,19533.43,16059.59,153.22,1189.7
26382,146485.92,73224.0,38456.17,10373.08,334.15,1189.8
26383,143557.12,84449.0,31541.36,11390.32,145.06999,1189.9
26384,191680.16,101853.0,21083.51,13142.811,264.06,1189.9
26385,262143.0,101133.0,43826.09,21932.94,440.1,1190.0
26386,212197.44,103082.0,28370.27,12156.71,268.95,1190.0
26387,6847.68,6857.0,1031.08,444.61002,30.97,1190.1
26388,182241.92,103516.0,27899.71,11165.42,177.67,1190.2
26389,125231.68,79563.0,25894.64,11130.82,205.38,1190.2
26390,189480.48,101277.0,42796.742,7345.58,262.43,1190.3
26391,211924.16,103960.0,31871.791,13492.2705,252.65,1190.4
26392,16133.6,12734.0,6058.46,93.42,1.63,1190.4
26393,160156.64,91794.0,27159.27,13556.28,234.72,1190.4
26394,262143.0,104660.0,57835.63,42089.17,360.23,1190.5
26395,44726.082,29615.0,13514.76,57.09,63.57,1190.5
26396,138187.84,78684.0,39905.91,8366.28,425.43,1190.6
26397,206028.48,100830.0,52877.45,8489.11,422.17,1190.6
26398,112952.0,65612.0,26617.781,6840.42,303.18,1190.7
26399,170821.28,94681.0,64233.17,10200.08,405.87,1190.7
26400,182926.23,100836.0,24751.11,12014.851,260.8,1190.8
26401,231042.56,108504.0,38598.03,21585.21,392.83,1190.8
26402,156212.0,89781.0,35217.61,12957.7,145.06999,1190.8
26403,173920.33,92810.0,44851.98,20062.81,316.22,1190.9
26404,213077.77,104762.0,36354.22,19365.621,324.37,1191.1
26405,176830.08,90661.0,29167.8,9144.78,224.94,1191.1
26406,122700.484,72748.0,42293.31,20893.21,352.08,1191.2
26407,195413.12,99526.0,45644.32,37784.93,249.39,1191.2
26408,151066.72,97136.0,23083.39,10262.36,237.98,1191.2
26409,190004.64,102368.0,44220.53,14393.601,273.84,1191.2
26410,156759.69,89105.0,32032.68,12018.311,295.03,1191.3
26411,202205.92,102456.0,34376.832,11319.39,193.97,1191.3
26412,154461.44,90109.0,27550.25,7151.8203,132.03,1191.4
26413,194377.12,103973.0,38449.25,12763.94,177.67,1191.4
26414,119237.44,69281.0,33835.34,32953.04,260.8,1191.5
26415,198133.6,95953.0,50709.76,28749.14,337.41,1191.5
26416,198985.92,101796.0,26597.02,14694.62,128.77,1191.5
26417,106366.4,64739.0,29956.68,12199.96,293.4,1191.6
26418,188602.4,92506.0,70571.89,44800.082,733.5,1191.6
26419,170229.92,92096.0,42731.0,19284.31,324.37,1191.7
26420,223231.69,98784.0,35262.59,9056.55,330.88998,1191.8
26421,232881.6,109857.0,49673.492,18760.121,410.76,1191.8
26422,187768.0,100804.0,30915.1,11066.811,260.8,1191.9
26423,155276.8,90781.0,24534.86,11374.75,321.11,1191.9
26424,197106.56,93220.0,56263.062,11866.07,523.23,1191.9
26425,109210.08,63950.0,25733.75,14938.55,223.31,1192.1
26426,205147.05,99974.0,27607.34,17914.15,166.26,1192.1
26427,214369.12,98315.0,52559.13,24576.38,422.17,1192.2
26428,225471.69,106456.0,43597.73,15139.23,213.53,1192.2
26429,158170.88,94157.0,29811.36,13461.13,184.19,1192.3
26430,188599.05,103697.0,33280.01,14916.061,210.27,1192.3
26431,138144.16,74043.0,39724.26,19490.18,304.81,1192.3
26432,141214.08,77966.0,39918.02,28287.23,453.13998,1192.3
26433,192469.77,98297.0,41485.402,13628.94,270.58,1192.4
26434,132065.92,80289.0,23633.53,19760.06,140.18,1192.4
26435,224305.77,97661.0,81903.39,28235.33,546.05,1192.5
26436,237012.16,108262.0,49159.68,32826.75,381.42,1192.5
26437,147208.33,74754.0,50865.46,29605.49,389.57,1192.5
26438,165947.05,94570.0,18199.6,11482.01,176.04,1192.6
26439,82160.96,51297.0,11802.061,6831.77,97.8,1192.6
26440,172133.92,96093.0,22422.53,10213.92,159.74,1192.6
26441,228483.36,106304.0,50955.42,4909.74,334.15,1192.6
26442,229016.48,114839.0,41231.09,19796.39,342.3,1192.7
26443,210406.56,101591.0,23316.94,20132.01,254.28,1192.7
26444,212287.05,93981.0,45672.0,19529.97,304.81,1192.8
26445,33238.24,15421.0,2304.36,-24.220001,66.83,1192.8
26446,184307.2,97185.0,26484.57,19055.951,237.98,1192.9
26447,258166.72,105448.0,59048.36,13954.18,444.99,1192.9
26448,262143.0,110008.0,91065.47,54252.8,609.62,1193.0
26449,150485.44,93213.0,32788.69,8840.3,241.24,1193.0
26450,197818.88,102987.0,41077.12,19891.541,163.0,1193.1
26451,71710.24,35871.0,57994.79,368.49,612.88,1193.1
26452,207860.8,106386.0,33027.43,6615.52,223.31,1193.1
26453,152998.72,83937.0,51365.43,11840.12,286.88,1193.2
26454,249561.77,95356.0,61043.05,31698.791,533.01,1193.3
26455,175525.28,91626.0,30697.121,11786.49,281.99,1193.3
26456,160342.56,92388.0,31643.43,12269.16,293.4,1193.3
26457,197904.0,90320.0,37156.94,13724.09,417.28,1193.3
26458,262143.0,105644.0,110143.914,34482.36,686.23,1193.4
26459,210916.16,93743.0,52849.77,15947.141,508.56,1193.4
26460,205910.88,96726.0,42175.67,12706.851,366.75,1193.5
26461,183656.48,94525.0,41065.01,16211.83,283.62,1193.5
26462,232150.23,106908.0,37679.402,13013.061,392.83,1193.5
26463,188759.2,98975.0,44550.96,21033.34,436.84,1193.6
26464,134556.8,83461.0,28070.98,13246.61,210.27,1193.6
26465,188984.33,101869.0,30437.621,13424.8,239.61,1193.6
26466,217109.77,86837.0,45860.57,35292.0,469.44,1193.6
26467,257918.08,100373.0,44767.21,20682.15,440.1,1193.7
26468,186273.92,98213.0,34145.01,15713.59,231.46,1193.8
26469,176800.95,97613.0,34134.63,24950.06,260.8,1193.8
26470,181302.23,101048.0,27510.46,8608.48,251.02,1193.9
26471,210750.4,94556.0,36463.21,20879.371,281.99,1193.9
26472,150256.95,89437.0,40561.582,10956.09,110.84,1193.9
26473,169079.69,100577.0,32465.18,9954.42,244.5,1193.9
26474,176411.2,89480.0,24074.68,18986.75,197.23,1194.0
26475,101638.88,64480.0,31987.701,10838.45,236.35,1194.0
26476,233486.4,105635.0,52630.062,22277.21,384.68,1194.0
26477,181419.84,96308.0,21597.32,12608.24,182.56,1194.1
26478,262143.0,119537.0,110870.51,56167.91,982.89,1194.1
26479,182052.64,97261.0,34527.34,14118.53,179.3,1194.1
26480,223855.52,102380.0,46436.66,18896.791,682.97,1194.1
26481,167945.12,96822.0,32216.06,8456.24,237.98,1194.2
26482,217527.52,108205.0,43070.082,14096.04,383.05,1194.3
26483,153097.28,91517.0,21877.58,8996.0,189.08,1194.4
26484,201425.28,95209.0,44976.54,24761.49,267.32,1194.4
26485,152099.36,79540.0,37513.32,20465.9,324.37,1194.4
26486,185907.69,98612.0,28972.31,11111.79,176.04,1194.5
26487,129939.04,74640.0,27441.26,5703.81,360.23,1194.5
26488,146755.84,85809.0,36741.742,8885.28,311.33,1194.5
26489,175816.48,96497.0,20299.82,8553.12,221.68,1194.5
26490,159242.72,85054.0,25214.75,22825.621,267.32,1194.6
26491,233959.05,105502.0,30759.4,17159.871,281.99,1194.6
26492,152055.69,84017.0,35241.832,9919.82,295.03,1194.6
26493,198120.16,100350.0,26287.35,9731.25,301.55,1194.6
26494,176471.69,97781.0,40632.51,13397.12,319.48,1194.6
26495,223320.16,105531.0,38689.72,23763.28,316.22,1194.7
26496,214676.0,113453.0,44282.81,21943.32,273.84,1194.7
26497,192783.36,102712.0,30498.17,12445.62,190.71,1194.7
26498,215513.77,105165.0,35625.89,12367.7705,358.6,1194.7
26499,169206.23,95162.0,27949.88,14355.54,167.89,1194.8
26500,188569.92,103280.0,21472.76,14589.09,185.81999,1194.8
26501,168812.0,94508.0,33025.7,23396.52,205.38,1194.8
26502,202335.84,94403.0,57903.1,21858.55,436.84,1194.8
26503,161259.84,94880.0,22405.23,9440.61,148.33,1194.9
26504,262143.0,103448.0,76955.59,26636.81,554.2,1194.9
26505,160231.69,89841.0,35153.6,16599.35,192.34,1194.9
26506,247299.36,102930.0,69864.32,30138.33,528.12,1194.9
26507,236307.69,109882.0,55493.21,33709.05,529.75,1195.0
26508,174997.77,91062.0,39101.46,16905.56,433.58,1195.0
26509,137323.2,87813.0,23033.22,18125.21,221.68,1195.0
26510,179005.12,97900.0,38252.03,13092.641,361.86,1195.1
26511,193765.6,104121.0,40746.69,17594.1,321.11,1195.1
26512,89803.84,58117.0,24377.43,19505.75,192.34,1195.1
26513,154441.28,82440.0,40788.21,17033.58,172.78,1195.2
26514,118546.4,22727.0,262143.0,868.46,1421.36,1195.2
26515,154525.28,86644.0,20891.48,12428.32,169.52,1195.2
26516,246833.44,101685.0,58749.07,17253.291,462.92,1195.2
26517,262143.0,108189.0,112768.32,25046.94,718.83,1195.3
26518,194628.0,92213.0,35356.01,22668.19,311.33,1195.4
26519,231731.36,91905.0,67584.18,32489.4,459.66,1195.4
26520,193547.2,104125.0,28340.86,12404.101,236.35,1195.4
26521,169812.16,96424.0,30138.33,18673.621,197.23,1195.4
26522,157603.05,88723.0,22766.8,9423.311,244.5,1195.4
26523,55049.12,15680.0,88207.51,5.19,353.71,1195.4
26524,170664.48,98380.0,22015.98,7134.52,115.73,1195.4
26525,200562.88,93413.0,66975.22,30570.83,436.84,1195.5
26526,206246.88,100748.0,55212.95,10689.67,366.75,1195.5
26527,206523.52,99015.0,40322.84,25109.22,290.13998,1195.6
26528,215477.92,106065.0,20683.88,19415.791,159.74,1195.6
26529,47391.68,11076.0,102969.6,261.23,1036.68,1195.6
26530,175950.88,91972.0,38433.68,11603.11,229.83,1195.6
26531,54032.16,28589.0,34100.03,340.81,373.27,1195.7
26532,194704.16,103108.0,24522.75,22998.621,218.42,1195.7
26533,172028.64,84228.0,26299.46,10006.32,101.06,1195.8
26534,152714.23,89685.0,15507.72,6624.17,91.28,1195.9
26535,214923.52,107077.0,31077.72,13755.23,260.8,1195.9
26536,155655.36,89981.0,31300.89,4039.55,174.41,1196.0
26537,225308.16,100321.0,47419.3,25631.68,366.75,1196.1
26538,222132.97,104854.0,43243.082,15512.91,332.52,1196.1
26539,159468.95,94912.0,18173.65,14035.49,101.06,1196.1
26540,212469.6,98385.0,57721.45,14751.71,226.56999,1196.2
26541,171356.64,87240.0,49971.05,16284.49,418.91,1196.2
26542,199104.64,100634.0,29259.49,11511.42,251.02,1196.3
26543,195037.92,102384.0,70350.45,27252.69,655.26,1196.4
26544,190423.52,100656.0,28297.61,15135.7705,226.56999,1196.4
26545,236816.16,97238.0,36667.35,20581.81,430.32,1196.4
26546,165301.92,92220.0,24566.0,15595.95,314.59,1196.4
26547,188995.52,96256.0,54079.8,12577.101,348.82,1196.5
26548,183130.08,98219.0,30992.951,11078.92,304.81,1196.5
26549,168422.23,94455.0,23431.121,6952.87,102.69,1196.5
26550,212948.95,100988.0,39552.992,17692.71,461.29,1196.5
26551,249780.16,115684.0,48216.832,13606.45,435.21,1196.5
26552,229722.08,105965.0,61039.59,18530.03,330.88998,1196.5
26553,177139.2,99213.0,35681.25,14312.29,229.83,1196.5
26554,221559.52,105377.0,53604.05,23133.56,391.2,1196.7
26555,214925.77,100644.0,47509.26,6627.63,308.07,1196.7
26556,204783.05,99508.0,29596.84,27507.0,205.38,1196.8
26557,200883.2,104622.0,24161.18,17127.0,267.32,1196.8
26558,169665.44,94791.0,33376.89,7836.9,224.94,1196.9
26559,148761.77,82481.0,32998.02,18824.13,293.4,1197.0
26560,181469.12,100337.0,27763.041,6868.1,195.6,1197.1
26561,213062.08,102351.0,35139.76,25482.9,332.52,1197.1
26562,133128.8,77035.0,15905.62,15518.101,228.2,1197.1
26563,192739.69,94808.0,19671.83,23721.76,246.13,1197.2
26564,182358.4,93941.0,23709.65,14459.34,135.29,1197.2
26565,206174.08,102508.0,41009.652,17286.16,402.61,1197.3
26566,182526.4,97856.0,38136.12,15907.351,283.62,1197.4
26567,175010.08,90413.0,40309.0,14554.49,448.25,1197.5
26568,203510.72,95832.0,58326.95,24687.1,500.41,1197.6
26569,105752.64,43183.0,99852.14,145.32,526.49,1197.6
26570,199567.2,98192.0,25738.94,8795.32,159.74,1197.7
26571,204893.92,90960.0,42398.84,21106.0,607.99,1197.8
26572,91521.92,57685.0,20701.18,9829.86,335.78,1197.8
26573,138332.33,74020.0,33466.85,13030.36,312.96,1197.9
26574,166593.28,95641.0,20735.78,7591.24,231.46,1197.9
26575,180895.69,88456.0,44115.0,20569.701,469.44,1198.1
26576,218789.77,108441.0,36380.17,13907.47,280.36,1198.1
26577,23969.12,5812.0,69016.62,140.13,485.74,1198.2
26578,217119.84,101645.0,25015.8,22135.35,273.84,1198.2
26579,190263.36,96549.0,37821.26,8580.8,275.47,1198.2
26580,194942.72,104764.0,28557.11,13203.36,130.4,1198.3
26581,20126.4,6588.0,39589.32,247.39,365.12,1198.4
26582,185106.88,105182.0,26974.16,12890.23,319.48,1198.5
26583,186521.44,94389.0,44865.82,13829.62,335.78,1198.5
26584,195876.8,94345.0,40916.23,8606.75,317.85,1198.6
26585,231894.88,102941.0,51100.742,29321.77,510.19,1198.7
26586,157576.16,93964.0,17462.621,11535.64,189.08,1198.7
26587,127687.84,78481.0,14232.71,19990.15,140.18,1198.8
26588,214467.69,101693.0,39338.47,19177.05,361.86,1198.8
26589,136766.56,75208.0,42000.94,22244.34,286.88,1198.9
26590,157450.72,93952.0,18336.27,4229.85,174.41,1199.0
26591,154717.92,82056.0,25394.67,10021.89,189.08,1199.0
26592,178590.72,102665.0,24548.701,12014.851,312.96,1199.0
26593,202675.2,104201.0,39905.91,11639.44,352.08,1199.1
26594,160062.56,94534.0,19983.23,13900.55,159.74,1199.1
26595,163819.05,89528.0,34440.84,13167.03,262.43,1199.2
26596,188268.64,94786.0,29325.23,5862.97,268.95,1199.3
26597,166586.56,86736.0,26199.121,11438.76,174.41,1199.4
26598,224781.77,116096.0,41163.62,15988.66,383.05,1199.4
26599,176046.08,100093.0,19651.07,12142.87,270.58,1199.4
26600,94213.28,62033.0,29339.07,21829.14,184.19,1199.5
26601,179852.95,84568.0,40765.72,19216.84,285.25,1199.5
26602,235289.6,109993.0,47500.61,20649.28,420.54,1199.6
26603,187579.84,94373.0,52052.242,15038.891,391.2,1199.7
26604,198180.64,101368.0,38075.57,13032.09,174.41,1199.7
26605,152496.95,84946.0,37843.75,21547.15,193.97,1199.7
26606,127861.44,80200.0,22045.39,19600.9,220.05,1199.8
26607,191022.72,100853.0,43412.62,21182.121,246.13,1199.8
26608,179544.95,95027.0,27199.06,25337.58,321.11,1199.8
26609,180096.0,89268.0,30984.3,16974.76,275.47,1199.8
26610,166032.16,84137.0,25991.52,12852.17,174.41,1199.8
26611,179615.52,97996.0,25751.05,18588.85,233.09,1199.8
26612,206468.64,82628.0,64676.05,64634.53,510.19,1199.8
26613,162860.33,101567.0,31027.55,11585.811,192.34,1199.9
26614,200368.0,104587.0,20663.121,6696.83,200.49,1199.9
26615,246721.44,106370.0,40232.88,23723.49,399.35,1199.9
26616,166757.92,93705.0,21323.98,4729.82,198.86,1199.9
26617,147657.44,86171.0,23427.66,7445.92,262.43,1199.9
26618,186084.64,94041.0,47472.93,22204.55,337.41,1200.0
26619,193583.05,100988.0,28925.6,16367.53,303.18,1200.0
26620,132017.77,79521.0,25237.24,16331.2,252.65,1200.0
26621,135695.84,86001.0,26597.02,10841.91,291.77,1200.1
26622,136153.92,84748.0,23842.86,5529.08,60.31,1200.1
26623,218981.28,108453.0,34620.76,17846.68,330.88998,1200.1
26624,196310.23,103336.0,25827.17,12430.05,216.79,1200.2
26625,163749.6,96356.0,19922.68,16960.92,122.25,1200.2
26626,196596.95,94589.0,45165.11,17042.23,482.48,1200.2
26627,183983.52,105581.0,41144.59,7707.15,296.66,1200.2
26628,234085.6,110362.0,52320.39,9644.75,322.74,1200.3
26629,233727.2,108806.0,45796.56,31771.451,353.71,1200.3
26630,201081.44,107804.0,32998.02,10290.04,195.6,1200.3
26631,213223.36,100498.0,53410.29,8899.12,327.63,1200.3
26632,175913.92,94160.0,23887.84,24048.73,180.93,1200.3
26633,188761.44,102488.0,30847.63,13345.22,229.83,1200.3
26634,178096.8,95732.0,16215.29,11829.74,234.72,1200.4
26635,175650.72,96341.0,21690.74,18076.77,138.55,1200.4
26636,187195.69,103073.0,22477.89,6570.54,192.34,1200.4
26637,166635.84,93129.0,27451.64,7336.93,102.69,1200.4
26638,196891.52,104449.0,29961.871,12779.51,216.79,1200.4
26639,183273.44,102461.0,27692.11,14305.37,259.17,1200.4
26640,181539.69,96797.0,34963.3,13013.061,281.99,1200.5
26641,221984.0,101921.0,49247.91,18485.05,384.68,1200.5
26642,199158.4,96763.0,34603.46,15042.351,239.61,1200.5
26643,198802.23,91580.0,44222.26,11959.49,391.2,1200.5
26644,190643.05,102245.0,32108.8,16068.24,301.55,1200.5
26645,217953.12,107777.0,40089.29,24002.02,237.98,1200.6
26646,262143.0,101676.0,101146.18,9016.76,604.73,1200.6
26647,139938.4,82468.0,29885.75,9855.811,176.04,1200.6
26648,116832.8,70719.0,24659.42,12049.45,185.81999,1200.6
26649,168689.92,93518.0,31242.07,23441.5,304.81,1200.7
26650,148859.2,89239.0,16538.8,17713.47,91.28,1200.7
26651,79064.164,45761.0,37395.68,223.17,259.17,1200.7
26652,190981.28,97963.0,36949.34,14727.49,179.3,1200.7
26653,262143.0,88948.0,83792.555,18689.19,443.36,1200.7
26654,185893.12,99140.0,25005.42,6255.68,164.63,1200.7
26655,179570.72,84505.0,40165.41,25815.06,335.78,1200.7
26656,190974.56,100800.0,23797.88,6224.54,334.15,1200.7
26657,212147.05,102536.0,31887.36,28169.59,422.17,1200.7
26658,229341.28,95403.0,55015.73,37238.25,480.85,1200.8
26659,223658.4,78781.0,60548.27,15374.51,503.67,1200.8
26660,191437.12,84077.0,44059.64,19858.67,326.0,1200.8
26661,262143.0,104955.0,47149.42,47812.01,513.45,1200.8
26662,235178.72,109739.0,64260.85,23114.53,585.17,1200.8
26663,158200.0,88057.0,28171.32,18464.291,285.25,1200.8
26664,128859.36,73705.0,25003.69,11921.43,171.15,1200.8
26665,160704.33,89858.0,26896.31,16204.91,247.76,1200.8
26666,144673.77,87485.0,14653.101,15237.84,99.43,1200.9
26667,175190.4,100993.0,22621.48,8205.39,156.48,1201.0
26668,171101.28,90217.0,37013.35,17300.0,308.07,1201.1
26669,171522.4,81573.0,53868.742,13608.18,397.72,1201.1
26670,262143.0,100753.0,53894.69,16078.62,444.99,1201.2
26671,249945.92,110121.0,81412.07,27846.08,554.2,1201.2
26672,172838.4,96341.0,24370.51,8729.58,187.45,1201.2
26673,209342.56,94912.0,39769.242,24619.63,474.33,1201.3
26674,154294.56,93812.0,23531.46,7234.86,130.4,1201.3
26675,95127.2,55529.0,17057.8,13210.28,167.89,1201.4
26676,146142.08,90450.0,16602.81,14734.41,158.11,1201.4
26677,262143.0,98140.0,58484.38,35594.75,529.75,1201.4
26678,166258.4,90157.0,22588.61,17554.31,239.61,1201.5
26679,53913.44,30001.0,29674.69,183.38,314.59,1201.5
26680,208465.6,98621.0,38362.75,18850.08,285.25,1201.5
26681,131660.48,80425.0,30556.99,13379.82,197.23,1201.6
26682,123723.04,71036.0,24846.26,13258.72,220.05,1201.6
26683,65074.242,30784.0,57261.27,415.2,669.93,1201.6
26684,197232.0,101347.0,38374.86,11485.47,308.07,1201.7
26685,186855.2,97336.0,35217.61,11353.99,334.15,1201.7
26686,204274.56,102297.0,39421.51,17607.94,259.17,1201.7
26687,151775.69,88532.0,23424.201,14260.391,293.4,1201.7
26688,156968.0,85609.0,42111.66,17251.56,277.1,1201.7
26689,180960.64,100384.0,35864.63,16490.36,226.56999,1201.7
26690,149520.0,60641.0,36752.12,26545.121,189.08,1201.8
26691,189815.36,93606.0,29524.18,18915.82,247.76,1201.8
26692,184402.4,100307.0,48434.81,11895.48,378.16,1201.8
26693,101371.2,62906.0,27721.52,19761.791,190.71,1201.8
26694,157794.56,87476.0,24285.74,13781.18,192.34,1201.8
26695,193922.4,94712.0,47301.66,23851.51,492.26,1201.9
26696,165654.72,95909.0,22770.26,13756.96,252.65,1201.9
26697,169291.36,87404.0,40127.35,10786.55,334.15,1201.9
26698,196936.33,92453.0,40584.07,24012.4,370.01,1202.0
26699,213635.52,100838.0,30657.33,10226.03,322.74,1202.0
26700,161546.56,93591.0,33321.53,12068.48,228.2,1202.0
26701,226395.69,97531.0,42431.71,15928.11,379.79,1202.1
26702,171874.08,95949.0,42000.94,8731.311,265.69,1202.1
26703,181544.16,102984.0,21157.9,8542.74,146.7,1202.1
26704,206710.56,106560.0,24918.92,13869.41,236.35,1202.1
26705,244903.69,110166.0,41660.13,19197.81,410.76,1202.1
26706,157825.92,92764.0,19723.73,6205.5103,239.61,1202.1
26707,156420.33,85999.0,18607.88,18152.89,350.45,1202.1
26708,230715.52,112318.0,48893.26,31361.44,415.65,1202.2
26709,173088.16,85371.0,41855.62,19414.06,446.62,1202.2
26710,202470.23,92704.0,50471.02,23851.51,420.54,1202.2
26711,224678.72,99688.0,45044.01,27686.92,497.15,1202.2
26712,262143.0,99241.0,79214.97,40893.742,583.54,1202.2
26713,187094.88,94060.0,45485.16,13859.03,370.01,1202.2
26714,156032.8,92552.0,40070.26,18618.26,343.93,1202.2
26715,183879.36,96576.0,31759.34,14032.03,374.9,1202.3
26716,219408.0,91637.0,56602.14,24868.75,510.19,1202.3
26717,147271.05,53204.0,262143.0,1261.17,4079.89,1202.3
26718,48817.44,15568.0,51301.42,1456.66,772.62,1202.3
26719,143200.95,64455.0,69769.17,608.96,519.97,1202.3
26720,187905.77,97592.0,37573.87,16217.0205,324.37,1202.3
26721,169357.44,97485.0,29607.22,7179.5,251.02,1202.4
26722,192278.23,105780.0,30691.93,10381.73,241.24,1202.4
26723,169785.28,95957.0,24564.27,11987.17,218.42,1202.4
26724,159695.2,93174.0,23112.8,11826.28,198.86,1202.4
26725,184817.92,89441.0,54443.1,29285.44,485.74,1202.4
26726,182716.8,102036.0,43519.88,19237.6,275.47,1202.4
26727,83282.08,30465.0,41582.28,2001.61,544.42,1202.5
26728,232206.23,101784.0,54228.582,20493.58,400.98,1202.5
26729,248647.84,104948.0,64477.1,30364.96,458.03,1202.5
26730,226542.4,104735.0,44300.11,18927.93,427.06,1202.5
26731,262143.0,110915.0,42632.39,20536.83,304.81,1202.6
26732,166841.92,92526.0,27423.96,12443.891,156.48,1202.6
26733,213874.08,94616.0,41122.1,30567.371,177.67,1202.6
26734,191684.64,94143.0,30729.99,17248.1,132.03,1202.6
26735,232318.23,102976.0,31627.86,12895.42,303.18,1202.6
26736,237039.05,100501.0,46343.242,17438.4,286.88,1202.6
26737,231910.56,94507.0,82202.68,13658.351,691.12,1202.7
26738,80608.64,42765.0,31980.781,280.26,370.01,1202.7
26739,183602.72,94997.0,36698.492,10239.87,330.88998,1202.7
26740,210489.44,98893.0,28169.59,14732.68,220.05,1202.8
26741,233477.44,99652.0,42997.42,34648.44,459.66,1202.8
26742,188404.16,93189.0,42691.21,21483.14,379.79,1202.8
26743,237975.36,103696.0,49178.71,21249.59,317.85,1202.8
26744,162701.28,93268.0,31946.18,7226.21,179.3,1202.8
26745,201808.33,100660.0,25181.88,10893.811,187.45,1202.9
26746,235858.56,102266.0,52266.76,24268.44,356.97,1202.9
26747,206159.52,103858.0,32183.19,12952.51,285.25,1202.9
26748,210698.88,102110.0,31299.16,12063.29,241.24,1202.9
26749,199753.12,104032.0,50505.62,18379.52,311.33,1203.0
26750,100692.48,55388.0,48289.492,866.73,414.02,1203.0
26751,166458.88,84436.0,41736.25,15957.5205,259.17,1203.0
26752,214733.12,107186.0,46708.27,20197.75,239.61,1203.0
26753,198186.23,91269.0,38504.61,12071.94,288.51,1203.1
26754,179193.28,99927.0,41879.84,37758.98,299.92,1203.1
26755,221030.88,102569.0,41878.11,16305.25,326.0,1203.1
26756,168526.4,88644.0,68962.99,32769.66,417.28,1203.1
26757,171093.44,96926.0,24261.52,14789.7705,203.75,1203.1
26758,206629.92,102648.0,33989.31,11264.03,365.12,1203.1
26759,169603.84,91001.0,31930.611,12964.62,167.89,1203.1
26760,161529.77,87420.0,25294.33,12187.851,174.41,1203.1
26761,225429.12,104924.0,45185.87,31985.97,409.13,1203.1
26762,194596.64,93241.0,29553.59,26015.74,332.52,1203.2
26763,209173.44,105788.0,49599.1,18514.46,386.31,1203.2
26764,156920.95,83149.0,40514.87,31380.47,374.9,1203.2
26765,262143.0,97400.0,63378.55,29811.36,427.06,1203.2
26766,185759.84,94709.0,32390.791,6653.58,177.67,1203.3
26767,185010.56,96587.0,26915.34,19147.64,158.11,1203.3
26768,262143.0,95467.0,145063.97,53335.902,1108.4,1203.4
26769,232513.12,101629.0,36855.92,19856.94,226.56999,1203.4
26770,204068.48,105757.0,26271.781,30252.51,247.76,1203.4
26771,211452.64,101617.0,48336.2,17173.71,337.41,1203.4
26772,227181.92,101493.0,67757.18,14066.63,684.6,1203.5
26773,196161.28,99098.0,32475.56,7719.2603,234.72,1203.5
26774,191298.23,100612.0,27183.49,11874.72,285.25,1203.5
26775,188517.28,100532.0,48787.73,18786.07,373.27,1203.5
26776,207559.52,100521.0,30953.16,9919.82,288.51,1203.5
26777,190097.6,97873.0,37828.18,14199.84,314.59,1203.5
26778,173204.64,93269.0,31131.35,14033.76,161.37,1203.5
26779,184023.84,74993.0,37058.332,10373.08,303.18,1203.6
26780,227423.84,107712.0,37326.48,21614.621,345.56,1203.6
26781,168829.92,86977.0,29861.531,10527.05,340.67,1203.6
26782,262143.0,104180.0,76993.65,49621.59,699.27,1203.6
26783,154519.69,86169.0,24780.52,15104.63,117.36,1203.6
26784,217743.69,109089.0,41058.09,6439.06,433.58,1203.7
26785,159681.77,91503.0,28086.55,14327.86,92.909996,1203.8
26786,217780.64,108055.0,43554.48,20803.25,374.9,1203.9
26787,80140.48,14860.0,219447.05,972.26,1432.77,1203.9
26788,183174.88,97230.0,17038.77,12909.26,273.84,1204.0
26789,82751.2,49992.0,29859.8,10407.68,368.38,1204.0
26790,154236.33,69824.0,45723.902,14865.891,392.83,1204.1
26791,130136.164,85663.0,16613.19,17646.0,151.59,1204.1
26792,168287.84,87521.0,51683.75,24021.05,345.56,1204.1
26793,228215.69,116640.0,56963.71,17649.46,521.6,1204.2
26794,179471.05,86755.0,40011.44,8084.29,280.36,1204.2
26795,172709.6,90340.0,29539.75,11601.38,236.35,1204.3
26796,146476.95,79732.0,28278.58,24365.32,205.38,1204.3
26797,70568.96,20730.0,196358.47,373.68,1233.91,1204.3
26798,194084.8,100933.0,33177.94,21531.58,286.88,1204.4
26799,215140.8,102631.0,47175.37,14208.49,337.41,1204.8
26800,173326.72,102278.0,24060.84,30008.58,156.48,1204.8
26801,132605.77,40514.0,28418.71,16064.78,133.66,1204.9
26802,207085.77,102936.0,24813.39,13627.21,242.87,1205.1
26803,235515.84,109425.0,51052.3,21330.9,378.16,1205.2
26804,262143.0,110278.0,38409.46,35068.832,456.4,1205.4
26805,174632.64,96693.0,30377.07,13215.47,267.32,1205.4
26806,168428.95,95589.0,17626.97,8866.25,167.89,1205.4
26807,156802.23,87947.0,26941.291,13083.99,210.27,1205.4
26808,45420.48,24925.0,22263.371,112.450005,167.89,1205.4
26809,176506.4,95076.0,21398.371,12113.46,226.56999,1205.6
26810,24858.4,16858.0,21054.1,88.23,76.61,1205.6
26811,76305.6,15740.0,158428.22,581.28,841.08,1205.8
26812,186192.16,92712.0,34354.34,26671.41,374.9,1206.0
26813,161610.4,93246.0,32361.38,15867.561,262.43,1206.0
26814,171659.05,100103.0,17357.09,14191.19,143.44,1206.1
26815,183060.64,98825.0,28166.13,12248.4,133.66,1206.1
26816,172734.23,98605.0,16592.43,10770.98,267.32,1206.2
26817,194572.0,95056.0,25242.43,21630.19,216.79,1206.3
26818,153597.92,77840.0,38689.72,29475.74,335.78,1206.4
26819,147389.77,89509.0,29531.1,18280.91,272.21,1206.4
26820,168735.84,95727.0,31742.041,17903.77,247.76,1206.5
26821,118520.64,71485.0,31029.281,8201.93,176.04,1206.5
26822,262143.0,102799.0,55683.51,14677.32,350.45,1206.7
26823,168835.52,93353.0,38414.652,14452.42,182.56,1206.7
26824,124040.0,71191.0,39660.25,20106.06,327.63,1206.9
26825,213879.69,101812.0,56538.13,20659.66,355.34,1206.9
26826,234220.0,96332.0,54240.69,28050.22,438.47,1207.1
26827,153146.56,81381.0,26619.51,17841.49,233.09,1207.2
26828,173725.44,93309.0,25074.621,14954.12,169.52,1207.3
26829,192091.2,103300.0,32498.05,12376.42,193.97,1207.4
26830,163207.52,95335.0,33641.582,8238.26,241.24,1207.5
26831,183328.33,104211.0,27188.68,10911.11,68.46,1207.6
26832,196005.6,105685.0,33039.54,25766.621,308.07,1207.6
26833,201323.36,99601.0,25200.91,22538.44,224.94,1207.7
26834,123857.44,74644.0,27183.49,11309.01,228.2,1207.7
26835,125160.0,60977.0,23962.23,26455.16,234.72,1207.7
26836,240962.4,104589.0,42801.93,15026.78,267.32,1207.8
26837,163892.95,95101.0,18858.73,9713.95,158.11,1207.9
26838,121276.96,72477.0,24515.83,26565.88,267.32,1207.9
26839,188630.4,99469.0,21066.21,20637.17,224.94,1208.0
26840,177600.64,98869.0,36740.01,9599.7705,193.97,1208.0
26841,157834.88,90361.0,31382.201,11163.69,169.52,1208.0
26842,191154.88,99378.0,36113.75,17611.4,208.64,1208.0
26843,186877.6,89419.0,49327.492,7373.2603,370.01,1208.0
26844,175207.2,92609.0,24365.32,14621.96,171.15,1208.1
26845,197648.64,96323.0,57910.02,24095.44,396.09,1208.2
26846,148907.36,83702.0,41814.1,7117.22,268.95,1208.2
26847,227149.44,104658.0,29788.871,30015.5,229.83,1208.4
26848,158902.23,92352.0,25745.86,18457.371,218.42,1208.4
26849,183317.12,101572.0,33167.56,14784.58,304.81,1208.5
26850,233710.4,97160.0,58399.61,18834.51,565.61,1208.5
26851,148450.4,88776.0,24521.02,14900.49,244.5,1208.6
26852,217617.12,108228.0,37464.88,22633.59,218.42,1208.6
26853,175988.95,104335.0,27889.33,12521.74,207.01,1208.7
26854,180210.23,96771.0,32245.47,8084.29,122.25,1208.7
26855,196896.0,95996.0,45800.02,14672.13,347.19,1208.8
26856,229337.92,110729.0,27808.02,16393.48,386.31,1208.8
26857,262143.0,132140.0,39227.75,26851.33,430.32,1208.9
26858,164840.48,94217.0,28209.38,11298.63,184.19,1208.9
26859,147166.88,79181.0,26219.88,17670.22,207.01,1208.9
26860,244712.16,101182.0,49370.742,33700.4,617.77,1209.0
26861,141708.0,79431.0,20587.0,4908.0103,246.13,1209.0
26862,129253.6,79241.0,25709.531,8131.0,322.74,1209.0
26863,211856.95,104143.0,47588.84,22228.77,374.9,1209.1
26864,163140.33,93497.0,30224.83,14251.74,329.26,1209.1
26865,188516.16,99731.0,28375.46,24477.77,239.61,1209.1
26866,262143.0,104821.0,75235.97,33760.95,679.71,1209.1
26867,196143.36,101232.0,45964.37,5707.27,475.96,1209.3
26868,187780.33,102956.0,28013.89,16533.61,216.79,1209.6
26869,225727.05,109502.0,41677.43,15929.84,381.42,1209.6
26870,150480.95,75722.0,40248.45,12319.33,244.5,1209.7
26871,7506.24,7017.0,33721.16,39.79,135.29,1209.7
26872,185775.52,97603.0,41139.402,17056.07,352.08,1209.7
26873,166424.16,85622.0,42635.85,15369.32,316.22,1209.8
26874,171482.08,91739.0,47289.55,10833.26,311.33,1209.9
26875,147804.16,84285.0,35821.38,21922.56,234.72,1210.1
26876,183210.72,97968.0,34437.38,26991.46,409.13,1210.2
26877,103446.56,66476.0,15294.93,7589.5103,221.68,1210.2
26878,222560.8,113669.0,37528.89,10869.59,262.43,1210.2
26879,215684.0,89804.0,23380.951,32733.33,327.63,1210.3
26880,99516.48,58497.0,27678.27,11513.15,99.43,1210.4
26881,199304.0,101522.0,37971.77,4011.87,343.93,1210.4
26882,219432.64,107140.0,42822.69,15336.45,345.56,1210.5
26883,164683.69,93446.0,30264.621,11289.98,213.53,1210.5
26884,189217.28,107393.0,32389.06,17774.02,132.03,1210.6
26885,134836.8,77309.0,23237.36,13035.55,153.22,1210.7
26886,234114.72,113844.0,54879.062,41426.582,519.97,1210.8
26887,94424.96,56228.0,34907.94,749.09,277.1,1210.8
26888,177141.44,98301.0,32150.32,23948.39,257.54,1210.9
26889,202121.92,101812.0,34793.76,8110.24,146.7,1211.0
26890,94380.164,49020.0,54955.18,16848.47,456.4,1211.1
26891,185810.23,96944.0,32359.65,13644.51,233.09,1211.2
26892,220972.64,99277.0,54749.312,28813.15,412.38998,1211.3
26893,128845.92,71295.0,58928.992,17364.01,666.67,1211.4
26894,191718.23,99512.0,30487.791,16459.22,195.6,1211.4
26895,133118.72,82514.0,18628.64,14365.92,259.17,1211.5
26896,166874.4,98788.0,19478.07,13449.0205,125.51,1211.7
26897,170384.48,95884.0,29885.75,10483.8,153.22,1211.8
26898,185288.33,102324.0,28041.57,7302.33,149.96,1211.8
26899,207170.88,101933.0,27669.621,19786.01,321.11,1211.9
26900,203063.84,95233.0,42597.79,26515.71,340.67,1212.1
26901,116745.44,71137.0,16215.29,14660.0205,104.32,1212.1
26902,190892.8,100200.0,50253.04,20135.47,485.74,1212.1
26903,225018.08,100876.0,31017.17,26872.09,384.68,1212.2
26904,169020.33,93660.0,32885.57,8304.0,244.5,1212.3
26905,167705.44,92869.0,29700.64,7376.72,143.44,1212.3
26906,219988.16,92736.0,30771.51,21097.35,268.95,1212.4
26907,124220.32,76717.0,26628.16,11648.09,252.65,1212.4
26908,145076.95,90535.0,20033.4,7532.42,132.03,1212.5
26909,220730.72,103393.0,23934.55,9713.95,267.32,1212.5
26910,167899.2,89433.0,26994.92,18739.36,171.15,1212.5
26911,194790.4,97704.0,28742.22,10855.75,177.67,1212.5
26912,160127.52,86985.0,25564.21,9833.32,293.4,1212.5
26913,211571.36,109385.0,30332.09,20029.94,216.79,1212.5
26914,218721.44,107385.0,48292.95,23488.21,386.31,1212.6
26915,207753.28,99511.0,39551.26,13241.42,190.71,1212.6
26916,154605.92,85533.0,29835.58,21689.01,314.59,1212.7
26917,214119.36,101208.0,39265.81,17713.47,368.38,1212.7
26918,20380.64,7608.0,36347.3,219.71,244.5,1212.7
26919,176579.2,94184.0,33127.77,11566.78,270.58,1212.8
26920,175919.52,96303.0,38156.88,8752.07,251.02,1212.8
26921,156373.28,91648.0,29603.76,12762.21,208.64,1212.9
26922,206700.48,102284.0,34074.082,13634.13,233.09,1212.9
26923,231077.28,102425.0,59697.11,41059.82,684.6,1213.0
26924,173668.33,88789.0,46210.03,18050.82,361.86,1213.0
26925,216586.72,101549.0,52550.48,25171.5,407.5,1213.1
26926,166840.8,90322.0,26726.77,16163.391,259.17,1213.1
26927,261975.84,112368.0,76791.24,22342.951,537.9,1213.1
26928,240278.08,109280.0,53835.87,27083.15,384.68,1213.1
26929,250241.6,111382.0,54417.152,20818.82,423.8,1213.2
26930,199758.72,99500.0,53346.28,17531.82,405.87,1213.3
26931,166199.05,86185.0,41933.47,12558.07,169.52,1213.3
26932,172518.08,95266.0,27166.19,7508.2,112.47,1213.3
26933,174114.08,95604.0,20080.11,4219.47,169.52,1213.4
26934,138044.48,74716.0,44573.45,14478.37,340.67,1213.5
26935,40317.76,29418.0,16132.25,124.56,169.52,1213.5
26936,197124.48,100039.0,16208.37,15028.51,114.1,1213.5
26937,161716.8,86134.0,52093.76,25965.57,392.83,1213.7
26938,210374.08,103141.0,39035.72,16121.87,335.78,1213.7
26939,170506.56,103049.0,17592.371,17140.84,132.03,1213.7
26940,177069.77,102417.0,18012.76,21810.11,133.66,1213.9
26941,240197.44,109858.0,45658.16,17502.41,317.85,1213.9
26942,150818.08,94410.0,15981.74,13639.32,158.11,1213.9
26943,166743.36,89165.0,40424.91,8143.11,283.62,1214.0
26944,165516.95,88760.0,45082.07,9317.78,286.88,1214.1
26945,183596.0,95645.0,18879.49,15737.811,195.6,1214.1
26946,190462.72,93996.0,37129.26,13445.561,226.56999,1214.1
26947,173175.52,96000.0,17165.06,12054.64,192.34,1214.2
26948,162653.12,94173.0,21159.63,16485.17,257.54,1214.3
26949,152186.72,87992.0,30838.98,16031.91,246.13,1214.3
26950,215924.8,108655.0,24341.1,19156.291,177.67,1214.3
26951,181827.52,100600.0,40123.89,16026.72,252.65,1214.3
26952,166631.36,97365.0,33451.28,9395.63,200.49,1214.4
26953,261381.12,113917.0,44528.47,25924.05,417.28,1214.4
26954,259306.88,112264.0,63895.82,23009.0,459.66,1214.4
26955,237456.8,108513.0,47523.1,25107.49,270.58,1214.5
26956,205056.33,102621.0,49474.54,15500.8,376.53,1214.5
26957,145014.23,85528.0,21931.21,13282.94,91.28,1214.5
26958,138687.36,90317.0,16512.85,5625.96,163.0,1214.6
26959,249803.69,108528.0,50718.41,20498.77,407.5,1214.6
26960,228752.16,97070.0,32600.121,25366.99,365.12,1214.6
26961,158841.77,90128.0,32143.4,9016.76,301.55,1214.6
26962,203355.05,104947.0,25020.99,15341.641,218.42,1214.7
26963,202423.2,104501.0,20344.8,16324.28,198.86,1214.7
26964,219381.12,103709.0,54342.76,30814.76,378.16,1214.8
26965,185897.6,96424.0,37904.3,17315.57,260.8,1214.8
26966,98112.0,61880.0,26110.89,22829.08,223.31,1214.8
26967,214086.88,103189.0,33314.61,19967.66,252.65,1214.8
26968,181179.05,97521.0,38980.36,6883.67,241.24,1214.8
26969,178690.4,100749.0,37124.07,13445.561,268.95,1214.8
26970,203296.8,99992.0,44201.5,13177.41,303.18,1214.8
26971,168835.52,93549.0,31357.98,4184.87,267.32,1214.9
26972,209889.12,105376.0,40904.12,19351.78,345.56,1214.9
26973,189788.48,104419.0,30982.57,10238.14,309.7,1214.9
26974,194308.8,101352.0,27041.63,10855.75,249.39,1214.9
26975,154973.28,86865.0,32224.71,7362.88,205.38,1214.9
26976,236052.33,97189.0,44886.582,18433.15,475.96,1215.0
26977,159997.6,85442.0,34463.332,15268.98,262.43,1215.0
26978,162877.12,93124.0,29622.791,12833.141,265.69,1215.0
26979,190456.0,96094.0,43661.742,24917.19,392.83,1215.0
26980,260609.44,104690.0,61757.54,19130.34,441.73,1215.0
26981,126547.68,77122.0,32996.29,10329.83,275.47,1215.1
26982,214886.56,102579.0,41537.3,17870.9,259.17,1215.2
26983,222979.69,99856.0,48870.77,9018.49,405.87,1215.2
26984,207949.28,107057.0,49737.5,16256.811,265.69,1215.2
26985,237504.97,112500.0,33795.55,11478.55,435.21,1215.2
26986,204150.23,97887.0,37239.98,18204.791,348.82,1215.3
26987,192922.23,98724.0,31861.41,7004.77,277.1,1215.3
26988,201501.44,103400.0,38317.77,16594.16,185.81999,1215.4
26989,194930.4,100464.0,39348.85,10260.63,363.49,1215.4
26990,93289.28,58619.0,27496.621,16289.681,259.17,1215.4
26991,106718.08,65691.0,23128.371,7821.33,169.52,1215.5
26992,173493.6,100616.0,23996.83,12274.351,247.76,1215.5
26993,170558.08,87536.0,45114.94,16194.53,337.41,1215.5
26994,225092.0,108881.0,51964.01,15007.75,321.11,1215.5
26995,169807.69,96820.0,25131.71,5984.07,189.08,1215.6
26996,186807.05,100324.0,26520.9,15310.5,148.33,1215.6
26997,218018.08,89655.0,64008.27,24233.84,438.47,1215.6
26998,207320.95,103453.0,74383.08,7364.61,607.99,1215.6
26999,220189.77,100584.0,31292.24,11314.2,216.79,1215.7
27000,185234.56,98717.0,39926.67,18317.24,459.66,1215.7
27001,60719.68,25216.0,130580.4,186.84,559.09,1215.7
27002,188192.48,100744.0,31842.38,11039.13,254.28,1215.7
27003,199468.64,100223.0,32797.34,24072.951,549.31,1215.8
27004,212803.36,108840.0,25821.98,14078.74,246.13,1215.8
27005,192923.36,98273.0,37615.39,15838.15,365.12,1215.8
27006,217263.2,110059.0,48926.13,11213.86,259.17,1215.8
27007,172403.84,94699.0,30172.93,12194.7705,215.16,1215.9
27008,185925.6,100909.0,19727.19,17171.98,290.13998,1215.9
27009,110243.84,31048.0,98334.93,416.93,578.65,1215.9
27010,215960.64,104560.0,54176.68,14397.061,404.24,1215.9
27011,195329.12,105184.0,26795.97,9212.25,192.34,1216.0
27012,102312.0,59679.0,62620.812,672.97003,492.26,1216.0
27013,158531.52,90793.0,32740.25,7835.17,242.87,1216.0
27014,223689.77,102592.0,42000.94,22830.81,373.27,1216.0
27015,160297.77,88441.0,29704.1,9421.58,254.28,1216.1
27016,181106.23,87857.0,36551.44,18460.83,293.4,1216.1
27017,205796.64,106695.0,27790.72,19649.34,308.07,1216.1
27018,206706.08,107822.0,54752.77,21455.46,396.09,1216.1
27019,162877.12,85521.0,51173.402,12196.5,358.6,1216.1
27020,133174.72,72604.0,47528.29,9392.17,414.02,1216.2
27021,262143.0,117937.0,83889.43,30868.39,696.01,1216.2
27022,207720.8,99192.0,43846.85,18398.55,267.32,1216.2
27023,204640.8,100425.0,35643.19,16846.74,172.78,1216.2
27024,139369.44,68085.0,48436.54,15161.72,389.57,1216.3
27025,157788.95,89881.0,36641.402,4978.94,244.5,1216.3
27026,173386.08,97933.0,22735.66,5753.98,96.17,1216.3
27027,190582.56,103772.0,31953.1,9098.07,234.72,1216.3
27028,262143.0,99312.0,79413.92,33119.12,607.99,1216.4
27029,187556.33,96690.0,30972.19,11492.39,260.8,1216.4
27030,262143.0,99376.0,61722.94,41483.67,498.78,1216.5
27031,174415.36,94404.0,26854.791,11482.01,280.36,1216.5
27032,262143.0,105568.0,133817.23,86396.2,1198.05,1216.5
27033,161219.52,85342.0,16761.97,21277.27,192.34,1216.7
27034,187886.72,93881.0,27612.531,10388.65,184.19,1216.8
27035,157352.16,93727.0,22182.06,12990.57,158.11,1216.9
27036,154387.52,88012.0,18552.52,10701.78,104.32,1217.0
27037,151975.05,86319.0,24235.57,3826.76,140.18,1217.0
27038,191635.36,104007.0,32818.1,7518.58,291.77,1217.0
27039,22012.48,10733.0,37475.26,24.220001,255.91,1217.0
27040,166423.05,99905.0,36262.53,9831.59,381.42,1217.2
27041,198476.33,103292.0,38392.16,16332.931,193.97,1217.2
27042,189262.08,96269.0,20635.44,10044.38,236.35,1217.2
27043,181680.8,103005.0,27697.3,11099.68,233.09,1217.3
27044,208682.88,100939.0,26365.201,20595.65,231.46,1217.4
27045,178657.92,92229.0,40239.8,11694.8,161.37,1217.4
27046,188320.16,93584.0,36288.48,7610.27,326.0,1217.5
27047,183818.88,91769.0,43827.82,11634.25,275.47,1217.6
27048,158157.44,95572.0,30131.41,7269.46,239.61,1217.6
27049,210804.16,106756.0,32620.88,30167.74,340.67,1217.6
27050,226340.8,106801.0,47486.77,3934.02,187.45,1217.7
27051,261814.56,101437.0,58323.492,22969.21,319.48,1217.7
27052,19744.48,18667.0,1973.93,531.11,-34.23,1217.7
27053,184122.4,96740.0,69978.5,40698.25,647.11,1217.8
27054,135274.72,68398.0,30607.16,19355.24,298.29,1217.8
27055,201211.36,98901.0,40148.11,19144.18,267.32,1217.9
27056,201779.2,103629.0,39452.652,8968.32,356.97,1217.9
27057,156863.84,85593.0,29271.6,18118.291,285.25,1217.9
27058,160950.72,95537.0,24244.22,11834.93,254.28,1217.9
27059,173330.08,96579.0,16796.57,10409.41,195.6,1217.9
27060,262143.0,107177.0,76284.35,49263.48,728.61,1218.0
27061,190294.72,104485.0,34106.95,18182.3,330.88998,1218.0
27062,163094.4,83189.0,38776.22,20076.65,215.16,1218.0
27063,262143.0,93608.0,64546.3,25941.35,640.59,1218.0
27064,217910.56,104836.0,42772.52,8547.93,417.28,1218.1
27065,195993.28,92938.0,29006.91,11845.311,221.68,1218.1
27066,197370.88,97787.0,32660.67,17661.57,254.28,1218.1
27067,216455.69,90938.0,92219.38,20465.9,748.17,1218.1
27068,174609.12,90756.0,35274.7,3899.42,115.73,1218.2
27069,166251.69,90996.0,30150.44,10070.33,210.27,1218.2
27070,192354.4,91036.0,53271.89,13113.4,409.13,1218.3
27071,262143.0,106473.0,49599.1,21426.05,475.96,1218.3
27072,188864.48,97328.0,37656.91,19370.81,291.77,1218.3
27073,218729.28,104404.0,42281.2,19547.27,304.81,1218.3
27074,117134.08,74313.0,22432.91,15966.17,234.72,1218.3
27075,175638.4,97720.0,28363.35,22105.94,177.67,1218.4
27076,262143.0,105340.0,105810.26,62292.11,753.06,1218.4
27077,262143.0,105809.0,60823.34,18332.81,405.87,1218.4
27078,262143.0,105268.0,107035.1,46550.84,805.22,1218.4
27079,201953.92,93641.0,58705.82,16166.851,415.65,1218.4
27080,168935.2,94995.0,31473.89,14045.87,213.53,1218.5
27081,224302.4,103219.0,37703.62,12218.99,241.24,1218.5
27082,8065.12,7951.0,3117.46,-6.92,239.61,1218.6
27083,262143.0,105576.0,74159.914,13680.84,529.75,1218.6
27084,262143.0,106888.0,60351.05,29762.92,578.65,1218.6
27085,232638.56,103481.0,33312.88,13516.49,301.55,1218.7
27086,256465.44,108574.0,73685.89,31364.9,826.41,1218.7
27087,41577.76,30473.0,2146.93,3837.1401,30.97,1218.7
27088,262143.0,112634.0,54450.02,32376.951,482.48,1218.7
27089,211606.08,100949.0,31212.66,32226.44,329.26,1218.8
27090,229995.36,105584.0,38139.582,20502.23,596.58,1218.8
27091,193569.6,86396.0,44217.07,15903.891,423.8,1218.8
27092,204336.16,104686.0,49773.832,12307.22,228.2,1218.8
27093,262143.0,113007.0,124665.53,61453.062,1175.23,1218.9
27094,212564.8,106652.0,45234.31,34236.7,405.87,1219.1
27095,162254.4,88025.0,29750.81,7015.15,205.38,1219.1
27096,4939.2,5273.0,1492.99,134.94,76.61,1219.2
27097,196787.36,100907.0,32167.621,16997.25,89.65,1219.2
27098,182566.72,102107.0,36873.22,16412.51,213.53,1219.4
27099,199572.8,104152.0,33631.2,20851.69,224.94,1219.4
27100,183417.92,91224.0,29844.23,9731.25,154.85,1219.5
27101,184777.6,106628.0,25631.68,16120.141,221.68,1219.5
27102,192300.64,96392.0,37750.332,17305.19,389.57,1219.5
27103,93558.08,50748.0,34281.68,429.04,309.7,1219.6
27104,172261.6,91515.0,34520.42,23496.86,358.6,1219.7
27105,80635.52,43470.0,40094.48,366.76,343.93,1219.8
27106,161875.84,89764.0,36598.152,11289.98,255.91,1219.9
27107,154290.08,92005.0,26340.98,21104.27,229.83,1219.9
27108,181836.48,102536.0,25943.08,14424.74,254.28,1220.0
27109,154092.95,93705.0,26937.83,8862.79,208.64,1220.1
27110,153778.23,83805.0,36826.51,11796.87,296.66,1220.1
27111,168257.6,100589.0,23612.77,10310.8,159.74,1220.2
27112,192489.92,97742.0,28299.34,13502.65,237.98,1220.2
27113,226461.77,110536.0,58337.332,31136.541,466.18,1220.3
27114,166006.4,92808.0,29698.91,23015.92,327.63,1220.3
27115,190044.95,107107.0,27193.871,10658.53,237.98,1220.3
27116,164914.4,97486.0,20178.72,11942.19,154.85,1220.3
27117,169660.95,99508.0,17353.63,10386.92,221.68,1220.4
27118,223246.23,112591.0,39241.59,19144.18,247.76,1220.4
27119,222419.69,109373.0,27648.86,14199.84,299.92,1220.4
27120,125928.32,74296.0,26742.34,16052.67,298.29,1220.4
27121,188596.8,100288.0,22337.76,8760.72,268.95,1220.4
27122,227226.72,103582.0,53640.38,30181.58,391.2,1220.5
27123,215048.95,100277.0,31915.041,23758.09,314.59,1220.5
27124,163999.36,83252.0,38335.07,11168.88,187.45,1220.5
27125,262143.0,122053.0,92150.18,24304.77,741.65,1220.6
27126,202465.77,100334.0,40748.42,8897.39,379.79,1220.6
27127,256098.08,113984.0,54858.3,21249.59,487.37,1220.6
27128,214019.69,105994.0,58868.44,19279.121,389.57,1220.6
27129,192027.36,96368.0,30980.84,17846.68,267.32,1220.6
27130,262143.0,107617.0,65181.21,29903.05,585.17,1220.7
27131,193094.72,93237.0,41952.5,28688.59,268.95,1220.7
27132,6247.36,6492.0,645.29,359.84,50.53,1220.7
27133,195347.05,102132.0,22085.18,14924.71,306.44,1220.7
27134,146078.23,76057.0,24322.07,23420.74,317.85,1220.7
27135,176344.0,101206.0,26297.73,12843.5205,262.43,1220.7
27136,151241.44,83103.0,51374.082,26925.72,443.36,1220.7
27137,184159.36,103411.0,31998.08,16146.09,251.02,1220.7
27138,262143.0,101625.0,121966.734,42212.0,916.06,1220.8
27139,215392.8,98613.0,38060.0,13438.641,182.56,1220.8
27140,215059.05,101121.0,29498.23,25263.19,363.49,1220.9
27141,247106.72,113376.0,33260.98,23431.121,275.47,1220.9
27142,180336.8,97103.0,32126.1,24676.72,319.48,1220.9
27143,237849.92,112895.0,28832.18,15473.12,231.46,1221.0
27144,180723.2,90891.0,43455.87,8931.99,343.93,1221.0
27145,177010.4,101113.0,19936.52,11262.3,141.81,1221.0
27146,189713.44,99285.0,43497.39,18824.13,348.82,1221.0
27147,222765.77,107477.0,25328.93,21801.46,383.05,1221.0
27148,205578.23,96348.0,44213.61,23450.15,397.72,1221.0
27149,161957.6,96509.0,24225.19,14839.94,208.64,1221.1
27150,228716.33,111450.0,53512.36,33579.3,435.21,1221.1
27151,14099.68,13044.0,778.5,427.31,71.72,1221.1
27152,262143.0,94199.0,172669.58,111690.53,1687.05,1221.1
27153,185321.92,99562.0,30802.65,20548.94,190.71,1221.1
27154,159567.52,90005.0,36665.62,16933.24,296.66,1221.1
27155,191536.8,90717.0,41310.67,18142.51,304.81,1221.2
27156,242213.44,108840.0,38559.97,25328.93,319.48,1221.3
27157,262143.0,99068.0,60534.43,28648.8,519.97,1221.5
27158,156640.95,88929.0,30340.74,21258.24,339.04,1221.5
27159,190933.12,97978.0,44153.06,4728.09,254.28,1221.6
27160,177059.69,71488.0,39156.82,24396.46,148.33,1221.6
27161,220653.44,102436.0,48908.832,12698.2,484.11,1221.6
27162,262143.0,99322.0,68127.4,56079.68,733.5,1221.7
27163,262143.0,104582.0,49337.87,28453.31,606.36,1221.8
27164,7098.56,7309.0,6058.46,-5.19,200.49,1221.9
27165,20829.76,12191.0,13872.87,114.18,171.15,1221.9
27166,194645.92,97517.0,46184.082,14724.03,340.67,1222.2
27167,248047.52,103280.0,49865.52,26353.09,360.23,1222.3
27168,197934.23,102128.0,37541.0,20159.69,343.93,1222.5
27169,181599.05,89025.0,44381.42,20799.791,399.35,1222.6
27170,179385.92,99171.0,26129.92,13286.4,161.37,1222.7
27171,232167.05,108837.0,36267.72,22432.91,264.06,1222.8
27172,186258.23,98909.0,34061.97,14324.4,268.95,1223.0
27173,193904.48,94045.0,40753.61,23598.93,337.41,1223.1
27174,167147.69,92489.0,39776.16,13888.44,291.77,1223.3
27175,184549.12,100745.0,35029.04,17947.02,257.54,1223.4
27176,222461.12,108017.0,48265.27,14019.92,264.06,1223.5
27177,205016.0,106612.0,26586.64,5402.79,159.74,1223.5
27178,202033.44,97761.0,35546.31,15272.44,252.65,1223.6
27179,166043.36,96525.0,27778.61,15459.28,348.82,1223.7
27180,204544.48,104315.0,40374.742,7257.35,130.4,1223.7
27181,235291.84,98442.0,79247.84,13705.061,492.26,1223.9
27182,190116.64,101264.0,21592.13,15116.74,208.64,1223.9
27183,69899.2,46716.0,35300.65,190.3,298.29,1224.0
27184,217920.64,110018.0,42042.46,25465.6,339.04,1224.2
27185,214039.84,106025.0,42544.16,18990.21,397.72,1224.2
27186,102504.64,68416.0,16085.54,6061.92,117.36,1224.4
27187,173716.48,96433.0,32972.07,17310.38,265.69,1224.4
27188,139370.56,85744.0,28134.99,12947.32,277.1,1224.5
27189,173380.48,92864.0,29833.85,13229.311,177.67,1224.5
27190,183896.16,105382.0,23408.63,25623.031,153.22,1224.5
27191,161788.48,97051.0,22476.16,9677.62,140.18,1224.5
27192,177666.72,93279.0,29645.281,22244.34,280.36,1224.6
27193,181363.84,95749.0,36911.28,12577.101,291.77,1224.7
27194,165034.23,93154.0,41705.11,7404.4,252.65,1224.7
27195,217185.92,103200.0,49839.57,17990.27,370.01,1224.7
27196,171212.16,96077.0,21900.07,16938.43,180.93,1224.7
27197,202933.92,104660.0,36791.91,15827.7705,264.06,1224.8
27198,184859.36,97792.0,32560.33,15258.601,265.69,1224.9
27199,203331.52,101181.0,32217.791,18256.69,259.17,1224.9
27200,185483.2,100430.0,31486.0,9179.38,198.86,1225.0
27201,222482.4,109033.0,38980.36,22268.56,431.95,1225.0
27202,163567.05,94420.0,31361.44,12725.88,177.67,1225.0
27203,218183.84,107186.0,40115.242,14781.12,348.82,1225.0
27204,190182.72,88000.0,37603.28,63826.62,665.04,1225.1
27205,200586.4,94041.0,43317.47,10232.95,350.45,1225.2
27206,145966.23,87905.0,23886.11,6319.69,226.56999,1225.3
27207,180492.48,94487.0,36070.5,12222.45,348.82,1225.3
27208,172047.69,92209.0,31204.01,15379.7,321.11,1225.3
27209,188527.36,95225.0,49663.11,10745.03,345.56,1225.4
27210,229005.28,97963.0,63008.332,35058.45,523.23,1225.4
27211,247596.16,100211.0,58259.48,33023.97,311.33,1225.4
27212,183470.56,93280.0,27531.22,11795.14,203.75,1225.5
27213,192078.88,78293.0,71308.87,23348.08,588.43,1225.5
27214,129682.56,71915.0,21796.27,18594.041,246.13,1225.6
27215,262143.0,118370.0,52128.36,15499.07,472.7,1225.6
27216,223064.8,109975.0,38433.68,12675.71,189.08,1225.6
27217,238202.72,91820.0,146788.77,74479.96,1017.12,1225.6
27218,237260.8,106916.0,53626.54,29288.9,299.92,1225.6
27219,110407.36,19058.0,194289.38,394.44,1343.12,1225.7
27220,214872.0,105291.0,38762.38,25199.18,281.99,1225.8
27221,262143.0,101832.0,128644.53,27891.06,862.27,1225.8
27222,183768.48,97396.0,26263.13,7215.83,117.36,1225.8
27223,154050.4,86270.0,21855.09,10651.61,149.96,1225.9
27224,225599.36,102165.0,37295.34,21614.621,391.2,1225.9
27225,205363.2,104805.0,34304.17,10205.2705,195.6,1225.9
27226,174063.69,88786.0,39013.23,23489.94,277.1,1225.9
27227,191274.72,94334.0,34061.97,18514.46,239.61,1226.0
27228,164293.92,81817.0,34541.18,17554.31,342.3,1226.0
27229,157426.08,94417.0,26078.02,9494.24,143.44,1226.0
27230,14519.68,10556.0,2918.51,-1.73,47.27,1226.0
27231,197346.23,105366.0,47692.64,14327.86,420.54,1226.0
27232,72828.0,8010.0,124561.734,107.26,681.34,1226.0
27233,190915.2,103343.0,37229.6,12831.41,205.38,1226.1
27234,221621.12,104723.0,52337.69,9021.95,371.63998,1226.1
27235,190050.56,74732.0,28920.41,10127.42,224.94,1226.1
27236,149859.36,89872.0,23310.02,11459.5205,101.06,1226.2
27237,199927.84,107562.0,28512.13,22071.34,286.88,1226.2
27238,168467.05,99948.0,36395.742,24344.56,242.87,1226.3
27239,165688.33,93888.0,25889.451,19389.84,179.3,1226.3
27240,227307.36,107735.0,66115.414,12514.82,435.21,1226.3
27241,123070.08,72945.0,29134.93,15386.62,322.74,1226.3
27242,227605.28,112913.0,49412.26,18023.14,384.68,1226.3
27243,181833.12,97643.0,23226.98,23079.93,239.61,1226.3
27244,180579.84,93082.0,34323.2,14596.01,208.64,1226.3
27245,223220.48,107232.0,52998.55,21531.58,361.86,1226.4
27246,167481.44,98788.0,31212.66,14654.83,193.97,1226.4
27247,149654.4,88933.0,23408.63,17116.621,197.23,1226.4
27248,172539.36,98634.0,26994.92,12945.59,221.68,1226.4
27249,175751.52,90695.0,33688.29,13039.01,347.19,1226.4
27250,204396.64,104519.0,28026.0,12234.561,239.61,1226.4
27251,180996.48,90358.0,26953.4,34921.78,358.6,1226.5
27252,216928.33,106821.0,42929.95,22406.96,384.68,1226.5
27253,262143.0,79612.0,262143.0,7890.5303,1742.47,1226.5
27254,184448.33,91697.0,42936.87,21111.19,420.54,1226.5
27255,208083.69,78152.0,72267.29,32906.332,547.68,1226.5
27256,262143.0,111645.0,121449.46,26247.56,899.76,1226.5
27257,212882.88,101077.0,44092.51,18460.83,275.47,1226.6
27258,171823.69,73385.0,63314.54,22960.56,550.94,1226.6
27259,169607.2,96861.0,30297.49,10378.2705,409.13,1226.7
27260,199849.44,99038.0,36660.43,14409.17,290.13998,1226.7
27261,216502.72,101356.0,49126.81,43250.0,497.15,1226.7
27262,181060.33,94793.0,27994.86,14907.41,275.47,1226.7
27263,203040.33,95141.0,38727.78,6487.5,306.44,1226.7
27264,161338.23,86621.0,42443.82,27903.17,306.44,1226.7
27265,195867.84,91417.0,40843.57,15462.74,363.49,1226.8
27266,208344.64,99271.0,42570.11,33141.61,440.1,1226.8
27267,262143.0,110375.0,77398.47,36392.28,824.77997,1226.8
27268,167564.33,92142.0,33650.23,20573.16,246.13,1226.8
27269,210862.4,104046.0,40902.39,11213.86,224.94,1226.8
27270,190638.56,95835.0,43703.26,14021.65,324.37,1226.9
27271,168807.52,89021.0,39127.41,14116.8,295.03,1226.9
27272,262143.0,106208.0,189272.38,48464.22,1525.68,1226.9
27273,166118.4,62837.0,124904.27,9784.88,911.17,1226.9
27274,172912.33,98124.0,17358.82,13511.3,210.27,1226.9
27275,114411.36,26572.0,262143.0,1185.05,1714.76,1227.0
27276,202086.08,97756.0,47507.53,22996.89,342.3,1227.0
27277,262143.0,89117.0,96262.39,40435.29,831.3,1227.0
27278,248722.88,108401.0,55673.13,25958.65,451.51,1227.1
27279,209079.36,108768.0,44997.3,11054.7,255.91,1227.1
27280,262143.0,104973.0,124037.54,54792.562,1022.01,1227.2
27281,173324.48,92342.0,24764.951,16031.91,216.79,1227.2
27282,201390.56,100984.0,37677.67,15701.48,469.44,1227.2
27283,205409.12,99367.0,36589.5,19557.65,396.09,1227.3
27284,188319.05,98424.0,28910.031,14902.22,277.1,1227.3
27285,232622.88,108977.0,49759.992,9326.43,547.68,1227.3
27286,102268.32,67124.0,35191.66,19758.33,407.5,1227.3
27287,196561.12,94029.0,40398.96,28299.34,353.71,1227.3
27288,238766.08,103433.0,31951.371,26600.48,255.91,1227.4
27289,184496.48,94224.0,32065.55,13898.82,242.87,1227.4
27290,148708.0,90417.0,29119.36,14682.51,251.02,1227.4
27291,206588.48,104477.0,41295.1,15281.09,352.08,1227.4
27292,147517.44,74649.0,37195.0,40167.14,573.76,1227.4
27293,262143.0,110360.0,72509.49,31826.81,702.52997,1227.5
27294,217903.84,111456.0,42156.64,6416.5703,246.13,1227.5
27295,249159.69,104629.0,90446.13,25908.48,575.39,1227.6
27296,212704.8,97329.0,73210.14,52533.18,580.27997,1227.6
27297,262143.0,94500.0,104621.75,29851.15,978.0,1227.7
27298,245756.0,86742.0,84432.65,25496.74,893.24,1227.7
27299,217782.88,103664.0,47031.78,17315.57,348.82,1227.7
27300,190789.77,90192.0,41257.04,23799.61,291.77,1228.1
27301,121216.484,21092.0,212513.2,275.07,1201.3099,1228.2
27302,221846.23,103167.0,42568.38,20296.36,573.76,1228.3
27303,208811.69,100265.0,40433.56,9762.39,270.58,1228.4
27304,61444.32,36467.0,27937.77,173.0,190.71,1228.4
27305,151160.8,89493.0,22344.68,10141.26,163.0,1228.6
27306,168404.33,86071.0,42907.46,9459.64,304.81,1228.6
27307,166496.95,89465.0,26956.86,19540.35,120.62,1228.7
27308,73552.64,43387.0,39243.32,221.44,358.6,1228.8
27309,150419.36,87373.0,23398.25,8419.91,193.97,1228.8
27310,217863.52,102888.0,43950.652,18481.59,311.33,1229.0
27311,92024.8,47816.0,36951.07,397.9,397.72,1229.0
27312,249254.88,103688.0,102102.875,39713.88,655.26,1229.2
27313,199942.4,97023.0,33025.7,13682.57,192.34,1229.4
27314,209087.2,97483.0,48682.2,14800.15,386.31,1229.5
27315,166761.28,88720.0,57365.07,19367.35,376.53,1229.5
27316,180997.6,101968.0,20900.13,9402.55,187.45,1229.6
27317,170157.12,91720.0,37253.82,7940.7,277.1,1229.6
27318,47113.92,35301.0,24015.86,328.7,518.34,1229.6
27319,172627.84,92645.0,31520.6,15599.41,326.0,1229.7
27320,166636.95,92329.0,27375.52,11272.68,190.71,1229.7
27321,166535.05,94885.0,21334.36,13262.18,286.88,1229.8
27322,249275.05,109025.0,41568.44,11047.78,312.96,1229.8
27323,164456.33,92796.0,29235.27,11241.54,171.15,1229.9
27324,219280.33,97840.0,33952.98,17753.26,348.82,1229.9
27325,179746.56,102708.0,35672.6,11520.07,190.71,1230.0
27326,190564.64,98153.0,48331.01,26533.01,319.48,1230.0
27327,217947.52,106936.0,44019.85,19675.291,254.28,1230.0
27328,209435.52,106801.0,38124.01,22524.6,322.74,1230.3
27329,180529.44,85033.0,37269.39,21792.81,410.76,1230.4
27330,196116.48,106368.0,21993.49,10651.61,308.07,1230.7
27331,130340.0,71014.0,44601.13,37814.34,374.9,1230.7
27332,220731.84,103024.0,59816.48,23747.71,454.77,1230.8
27333,179615.52,95116.0,33852.64,11909.32,187.45,1230.8
27334,151079.05,89475.0,34482.36,16466.14,211.9,1231.0
27335,164470.88,78946.0,53470.84,21906.99,314.59,1231.0
27336,210854.56,101298.0,41670.51,9236.47,314.59,1231.1
27337,172653.6,93965.0,34136.36,9082.5,179.3,1231.1
27338,187055.69,99621.0,21611.16,17666.76,237.98,1231.2
27339,120655.36,75214.0,17585.45,13295.05,159.74,1231.2
27340,188128.64,99624.0,46907.22,17460.89,229.83,1231.2
27341,179135.05,101883.0,29072.65,19085.36,228.2,1231.3
27342,161796.33,87124.0,20657.93,15153.07,158.11,1231.3
27343,159258.4,89951.0,26076.291,13109.94,239.61,1231.3
27344,174712.16,95142.0,26100.51,10726.0,215.16,1231.4
27345,164898.72,86266.0,42118.582,35432.13,335.78,1231.4
27346,141379.84,87594.0,16960.92,8371.47,281.99,1231.5
27347,204793.12,96093.0,32522.27,18446.99,216.79,1231.5
27348,216956.33,103672.0,50983.1,26192.201,360.23,1231.6
27349,211639.69,105245.0,25825.44,17699.63,251.02,1231.6
27350,162445.92,101884.0,16957.46,4606.99,123.88,1231.6
27351,213400.33,106563.0,26332.33,17891.66,208.64,1231.6
27352,170593.92,92512.0,35999.57,8001.25,280.36,1231.6
27353,175941.92,93125.0,17819.0,12435.24,211.9,1231.7
27354,155566.88,90996.0,25366.99,22145.73,330.88998,1231.7
27355,187335.69,96621.0,43635.79,15310.5,301.55,1231.7
27356,193428.48,99120.0,22211.47,15876.21,220.05,1231.8
27357,205903.05,105461.0,35750.45,15056.19,327.63,1231.8
27358,247536.8,108385.0,44255.13,27633.291,228.2,1231.8
27359,262143.0,88497.0,138221.81,95549.63,1054.61,1231.8
27360,225434.72,106256.0,68634.29,31890.82,697.64,1231.8
27361,199717.28,101817.0,39355.77,8930.26,197.23,1231.8
27362,209314.56,102502.0,37942.36,18652.86,335.78,1231.9
27363,198354.23,106904.0,38698.37,27853.0,391.2,1231.9
27364,235116.0,106080.0,51483.07,12930.0205,291.77,1231.9
27365,262143.0,116885.0,144176.47,76552.5,963.33,1231.9
27366,123758.88,67760.0,33914.92,31473.89,249.39,1232.0
27367,220278.23,103809.0,19261.82,15896.97,327.63,1232.0
27368,197641.92,59237.0,49234.07,9729.5205,404.24,1232.1
27369,262143.0,103980.0,80145.71,46114.88,942.14,1232.1
27370,204090.88,101522.0,45992.05,17613.13,352.08,1232.1
27371,170798.88,93907.0,29672.96,14013.0,291.77,1232.2
27372,175593.6,95457.0,23886.11,18554.25,167.89,1232.2
27373,203134.4,106932.0,52681.96,13623.75,446.62,1232.4
27374,219264.64,101024.0,46047.41,11850.5,396.09,1232.5
27375,239385.44,97782.0,39158.55,19768.71,733.5,1232.5
27376,225979.05,114364.0,35541.12,22663.0,257.54,1232.6
27377,25892.16,8397.0,44443.7,83.04,286.88,1232.7
27378,196558.88,97356.0,49983.16,10592.79,339.04,1232.8
27379,192759.84,91237.0,58821.73,15523.29,428.69,1232.9
27380,204319.36,100971.0,44824.3,18206.52,308.07,1233.0
27381,107390.08,21440.0,215884.97,745.63,1194.79,1233.1
27382,210689.92,103121.0,43841.66,15071.76,370.01,1233.2
27383,11980.64,8087.0,7260.81,60.55,102.69,1233.3
27384,262143.0,109328.0,49142.38,21934.67,366.75,1233.4
27385,5690.72,5866.0,569.17,432.5,-14.67,1233.7
27386,184922.08,91381.0,35606.86,29941.11,334.15,1233.8
27387,158668.16,94618.0,15898.7,14345.16,190.71,1234.0
27388,14766.08,6716.0,43341.69,74.39,242.87,1234.1
27389,225855.84,88816.0,44922.91,28989.61,347.19,1234.1
27390,262143.0,110917.0,63369.902,24117.93,352.08,1234.3
27391,218506.4,106513.0,43125.44,19033.46,389.57,1234.3
27392,178860.64,99564.0,19486.72,20855.15,207.01,1234.5
27393,148357.44,90860.0,25818.52,8210.58,163.0,1234.6
27394,174661.77,89783.0,29875.371,37139.64,257.54,1234.7
27395,185296.16,98625.0,38554.78,12007.93,216.79,1234.7
27396,205089.92,90911.0,79522.914,35316.22,748.17,1234.8
27397,200636.8,104487.0,40116.97,18377.791,291.77,1234.9
27398,177838.08,99988.0,31558.66,11938.73,99.43,1234.9
27399,184810.08,95991.0,31176.33,9516.73,228.2,1235.0
27400,235120.48,107466.0,44461.0,18625.18,368.38,1235.0
27401,184824.64,83637.0,43120.25,18953.88,399.35,1235.0
27402,225496.33,102725.0,40532.17,24328.99,278.73,1235.1
27403,213349.92,104561.0,49955.48,13679.11,255.91,1235.1
27404,229434.23,104876.0,48850.01,27825.32,345.56,1235.1
27405,137867.52,69209.0,34357.8,18126.94,195.6,1235.2
27406,216827.52,104801.0,42391.92,21085.24,187.45,1235.2
27407,204938.72,108349.0,34276.492,7990.87,386.31,1235.2
27408,170293.77,91728.0,34994.44,11677.5,174.41,1235.3
27409,196926.23,99340.0,34117.332,13554.55,138.55,1235.3
27410,172967.2,98805.0,19007.51,5354.35,132.03,1235.3
27411,176744.95,97648.0,36042.82,17910.69,264.06,1235.3
27412,187069.12,87805.0,52071.27,15315.69,239.61,1235.3
27413,143961.44,83125.0,30067.4,15184.21,249.39,1235.3
27414,157222.23,92764.0,15352.0205,12857.36,179.3,1235.4
27415,149141.44,83781.0,30283.65,20761.73,288.51,1235.4
27416,193240.33,103584.0,35883.66,7624.11,193.97,1235.4
27417,177143.69,94405.0,25396.4,12308.95,182.56,1235.4
27418,216977.6,105666.0,35375.04,18064.66,332.52,1235.4
27419,262143.0,104101.0,65502.992,30352.85,526.49,1235.5
27420,161742.56,92285.0,22893.09,7359.42,153.22,1235.5
27421,250625.77,112282.0,70729.32,15964.44,562.35,1235.6
27422,199389.12,100393.0,36165.652,13554.55,239.61,1235.6
27423,156037.28,90516.0,25079.81,14660.0205,321.11,1235.6
27424,181417.6,90105.0,34954.65,25809.871,251.02,1235.6
27425,262143.0,93268.0,118688.38,26270.05,687.86,1235.6
27426,220637.77,102533.0,32049.98,17511.06,381.42,1235.6
27427,236530.56,106580.0,49657.92,34100.03,301.55,1235.6
27428,169197.28,95265.0,19055.951,13656.62,79.87,1235.7
27429,174093.92,90997.0,41234.55,16915.94,352.08,1235.8
27430,50871.52,23776.0,117314.76,74.39,365.12,1235.8
27431,204641.92,99328.0,47011.02,7513.39,265.69,1235.8
27432,164582.88,92224.0,34856.04,10456.12,246.13,1235.8
27433,108492.164,63804.0,21988.3,15531.94,202.12,1235.8
27434,203955.36,104513.0,37271.12,17009.36,311.33,1235.8
27435,209474.72,100872.0,34544.64,14708.46,169.52,1235.8
27436,177064.16,100904.0,26273.51,14492.21,101.06,1235.8
27437,171084.48,97741.0,26496.68,17215.23,167.89,1235.8
27438,156792.16,90802.0,31755.88,11542.561,110.84,1235.8
27439,250196.8,107972.0,56506.992,25242.43,443.36,1235.9
27440,229855.36,109421.0,66698.42,26418.83,402.61,1235.9
27441,262143.0,105421.0,108896.58,59070.85,702.52997,1235.9
27442,149198.56,88303.0,30515.47,11291.71,223.31,1235.9
27443,181927.2,93488.0,32444.42,15540.59,247.76,1236.0
27444,262143.0,111125.0,70201.67,35264.32,542.79,1236.0
27445,190450.4,97417.0,37731.3,18703.03,335.78,1236.1
27446,206682.56,101029.0,43992.17,19443.47,405.87,1236.1
27447,229003.05,105331.0,56202.51,17156.41,515.08,1236.1
27448,132335.84,79489.0,52787.492,14758.63,358.6,1236.1
27449,235530.4,98343.0,41502.7,54659.35,544.42,1236.2
27450,108801.28,69535.0,32757.55,7035.91,281.99,1236.2
27451,262143.0,88925.0,97751.92,47357.02,878.57,1236.2
27452,211785.28,106609.0,27830.51,23121.451,303.18,1236.2
27453,227608.64,103013.0,42227.57,17585.45,438.47,1236.3
27454,189482.72,86530.0,42270.82,30719.61,291.77,1236.3
27455,149326.23,84626.0,36608.53,17151.22,288.51,1236.3
27456,144206.72,79787.0,27576.201,13457.67,281.99,1236.3
27457,197750.56,101639.0,26444.781,17710.01,285.25,1236.3
27458,224134.4,108897.0,36373.25,17554.31,458.03,1236.3
27459,262143.0,109542.0,60357.97,53669.79,759.58,1236.3
27460,217729.12,103243.0,30562.18,22517.68,332.52,1236.3
27461,214589.77,103764.0,21002.201,19775.63,368.38,1236.4
27462,64411.2,32748.0,60027.54,394.44,490.63,1236.4
27463,185579.52,98048.0,46092.39,15592.49,435.21,1236.4
27464,44907.52,26777.0,23711.38,121.1,182.56,1236.5
27465,253295.84,102825.0,68014.95,18291.291,485.74,1236.5
27466,105227.36,55493.0,44857.17,415.2,461.29,1236.5
27467,262143.0,107769.0,51334.29,22394.85,461.29,1236.6
27468,136013.92,85172.0,19865.59,16057.86,202.12,1236.6
27469,165737.6,93285.0,39390.37,19678.75,273.84,1236.6
27470,203165.77,103254.0,38265.87,19427.9,231.46,1236.6
27471,224460.33,109657.0,36935.5,21197.69,347.19,1236.7
27472,198532.33,105449.0,29743.89,23806.53,311.33,1236.7
27473,238669.77,111848.0,49057.61,25261.46,229.83,1236.8
27474,262143.0,114989.0,127456.02,60133.07,1137.74,1236.8
27475,179335.52,94605.0,24681.91,23349.81,391.2,1236.8
27476,174535.2,90963.0,42734.46,15329.53,425.43,1236.9
27477,228024.16,111397.0,41312.402,17310.38,321.11,1237.2
27478,183340.64,101884.0,32160.701,15049.2705,109.21,1237.3
27479,169466.08,97093.0,30339.01,9307.4,309.7,1237.4
27480,203483.84,101703.0,38982.09,22585.15,326.0,1237.5
27481,149063.05,87832.0,30885.69,8366.28,268.95,1237.5
27482,146313.44,78861.0,50739.17,9189.76,469.44,1237.6
27483,219195.2,88013.0,43329.582,13360.79,337.41,1237.8
27484,74486.72,40522.0,40303.81,333.89,350.45,1237.9
27485,26296.48,17512.0,17905.5,110.72,101.06,1237.9
27486,191200.8,94236.0,35499.6,12412.75,311.33,1237.9
27487,89472.32,63412.0,31636.51,14602.93,298.29,1238.0
27488,162486.23,86045.0,19657.99,14841.67,207.01,1238.0
27489,143321.92,84804.0,26366.93,17635.621,177.67,1238.0
27490,180502.56,96437.0,36279.832,9539.22,145.06999,1238.1
27491,176309.28,96860.0,21695.93,10305.61,203.75,1238.2
27492,157044.16,85715.0,33849.18,17630.43,291.77,1238.2
27493,208147.52,101567.0,43928.16,13556.28,402.61,1238.2
27494,168028.0,90115.0,37831.64,22002.14,236.35,1238.3
27495,191951.2,82336.0,38134.39,56690.37,326.0,1238.3
27496,175823.2,95734.0,40398.96,28327.02,251.02,1238.4
27497,222467.84,99636.0,48957.27,17256.75,495.52,1238.4
27498,207574.08,101032.0,34644.98,17348.44,171.15,1238.4
27499,214658.08,101240.0,53839.332,18555.98,440.1,1238.4
27500,179940.33,95989.0,35582.64,10404.22,293.4,1238.5
27501,186891.05,97457.0,33267.9,18723.791,228.2,1238.5
27502,160193.6,88974.0,20434.76,13364.25,143.44,1238.5
27503,162223.05,94807.0,25069.43,18087.15,145.06999,1238.6
27504,147470.4,74614.0,70137.664,24223.46,392.83,1238.6
27505,173703.05,94371.0,27235.39,17154.68,306.44,1238.6
27506,203035.84,102500.0,49228.88,19825.8,356.97,1238.7
27507,152724.33,91361.0,21161.36,14511.24,184.19,1238.7
27508,202706.56,100417.0,37694.97,18606.15,241.24,1238.8
27509,262143.0,106133.0,118681.46,84043.4,1124.7,1238.8
27510,201872.16,102461.0,24782.25,18208.25,267.32,1238.8
27511,198359.84,101764.0,31364.9,16504.2,262.43,1238.8
27512,170903.05,100376.0,25254.541,23479.56,306.44,1238.9
27513,256074.56,103004.0,53041.8,15358.94,436.84,1238.9
27514,205206.4,96224.0,42812.31,21093.89,414.02,1238.9
27515,221612.16,102158.0,32280.07,16583.78,207.01,1238.9
27516,262143.0,114783.0,133135.61,47912.35,860.64,1239.0
27517,165491.2,97679.0,34546.37,31212.66,273.84,1239.1
27518,161142.23,90652.0,24337.64,15832.96,211.9,1239.1
27519,175716.8,92328.0,35992.652,13374.63,321.11,1239.1
27520,227603.05,107546.0,57946.35,30631.38,428.69,1239.1
27521,262143.0,112270.0,176828.48,81427.64,1507.75,1239.2
27522,212434.88,105849.0,54185.332,23957.041,518.34,1239.2
27523,190348.48,94319.0,28098.66,13279.48,228.2,1239.3
27524,185662.4,95603.0,40037.39,16931.51,205.38,1239.4
27525,163023.84,98241.0,33636.39,10535.7,329.26,1239.4
27526,149702.56,87844.0,26673.14,18389.9,112.47,1239.5
27527,127835.68,73718.0,17199.66,17057.8,149.96,1239.5
27528,200448.64,101588.0,38148.23,11341.88,356.97,1239.5
27529,233083.2,107476.0,30480.871,21695.93,228.2,1239.5
27530,150797.92,91425.0,23033.22,15910.811,118.99,1239.6
27531,92910.72,55072.0,34686.5,16222.21,260.8,1239.6
27532,187632.48,94609.0,38921.54,15704.94,312.96,1239.6
27533,109440.8,64590.0,45969.56,23498.59,337.41,1239.7
27534,181556.48,92960.0,30294.031,16272.38,221.68,1239.7
27535,153313.44,94323.0,17479.92,18239.39,148.33,1239.7
27536,226701.44,110834.0,49287.7,28896.19,370.01,1239.8
27537,214079.05,99877.0,56143.69,9947.5,363.49,1239.8
27538,175538.72,102873.0,21502.17,19549.0,321.11,1239.8
27539,183982.4,103377.0,24586.76,9203.601,237.98,1239.9
27540,160033.44,92232.0,29240.46,11872.99,189.08,1239.9
27541,189462.56,96576.0,23213.14,14839.94,96.17,1239.9
27542,262143.0,119802.0,94791.89,17869.17,547.68,1239.9
27543,225543.36,104708.0,45211.82,31887.36,427.06,1239.9
27544,164652.33,91064.0,33196.97,14507.78,200.49,1240.0
27545,150345.44,66524.0,44106.35,18855.27,361.86,1240.0
27546,232637.44,109041.0,33259.25,42793.28,366.75,1240.0
27547,199125.92,95959.0,58160.87,17462.621,427.06,1240.0
27548,196375.2,91088.0,65246.95,11134.28,464.55,1240.1
27549,176822.23,92954.0,22595.53,8253.83,122.25,1240.1
27550,217864.64,109039.0,49659.652,27373.791,440.1,1240.1
27551,192866.23,104980.0,39023.61,21125.03,226.56999,1240.1
27552,209161.12,102656.0,43083.92,15237.84,285.25,1240.2
27553,262143.0,101417.0,115036.35,46092.39,857.38,1240.2
27554,219009.28,106525.0,47787.79,11487.2,337.41,1240.2
27555,187802.72,89653.0,62591.402,22791.02,293.4,1240.2
27556,86748.48,47088.0,50893.14,179.92,554.2,1240.3
27557,6061.44,6283.0,346.0,681.62,66.83,1240.4
27558,173080.33,72076.0,55752.71,35875.01,568.87,1240.5
27559,192725.12,105616.0,17064.72,20353.451,244.5,1240.6
27560,178896.48,99320.0,27043.36,17180.63,283.62,1240.8
27561,98506.24,52228.0,48171.85,408.28,340.67,1241.0
27562,205461.77,102476.0,31347.6,21455.46,148.33,1241.0
27563,26668.32,17032.0,7437.27,44.98,-1.63,1241.0
27564,211742.72,101885.0,38715.67,24396.46,265.69,1241.1
27565,147920.64,86501.0,37878.35,15670.34,234.72,1241.2
27566,128524.484,67276.0,40476.81,22538.44,252.65,1241.2
27567,179956.0,103173.0,34311.09,9899.061,280.36,1241.3
27568,174356.0,97913.0,28003.51,10488.99,252.65,1241.3
27569,203741.44,99483.0,32399.44,8006.44,236.35,1241.3
27570,189175.84,99816.0,25306.44,8630.97,189.08,1241.4
27571,131753.44,75498.0,24699.21,14545.84,179.3,1241.5
27572,152400.64,86634.0,28399.68,10099.74,251.02,1241.5
27573,233679.05,99536.0,31792.21,17191.01,140.18,1241.5
27574,206189.77,102770.0,45749.85,20061.08,301.55,1241.5
27575,197664.33,100597.0,28006.97,19590.52,185.81999,1241.6
27576,187188.95,98526.0,26399.8,7650.06,221.68,1241.6
27577,178217.77,91803.0,19042.11,10559.92,161.37,1241.6
27578,205364.33,98729.0,49479.73,19090.55,431.95,1241.7
27579,178342.08,88493.0,41122.1,4901.09,479.22,1241.7
27580,206255.84,101113.0,37528.89,22624.94,355.34,1241.7
27581,217409.92,104344.0,35042.88,27695.57,329.26,1241.8
27582,153605.77,92371.0,24747.65,13532.061,149.96,1241.8
27583,184200.8,99121.0,32837.13,15618.44,324.37,1241.8
27584,236260.64,111493.0,49557.582,41824.48,433.58,1241.9
27585,116833.92,65397.0,34145.01,11101.41,208.64,1241.9
27586,190330.56,103021.0,24830.69,10174.13,99.43,1241.9
27587,198783.2,76772.0,61006.72,36340.38,541.16,1241.9
27588,198266.88,101756.0,32645.1,10559.92,161.37,1241.9
27589,247078.72,111968.0,43542.37,29738.701,394.46,1241.9
27590,254609.6,106809.0,71390.18,40319.38,580.27997,1241.9
27591,192716.16,98666.0,28090.01,24275.36,202.12,1241.9
27592,142397.92,72617.0,52143.93,13495.73,427.06,1242.0
27593,136815.84,75032.0,35319.68,7800.5703,265.69,1242.0
27594,177540.16,86752.0,38710.48,4748.85,291.77,1242.0
27595,215362.56,112529.0,69663.64,30790.541,591.69,1242.1
27596,221458.72,107524.0,40710.36,5838.75,334.15,1242.1
27597,102749.92,54533.0,26711.201,13234.5,237.98,1242.1
27598,152374.88,85098.0,31693.6,20600.84,182.56,1242.1
27599,138246.08,85408.0,18559.44,16853.66,205.38,1242.2
27600,168512.95,79970.0,117693.63,12255.32,736.76,1242.2
27601,202629.28,104057.0,21592.13,12841.79,262.43,1242.2
27602,163036.16,88880.0,24209.621,8734.7705,270.58,1242.2
27603,129244.64,79153.0,21810.11,22571.31,47.27,1242.3
27604,198244.48,103936.0,33395.92,8534.09,190.71,1242.3
27605,57148.0,36196.0,26648.92,167.81,402.61,1242.4
27606,231922.88,103628.0,61340.61,23925.9,412.38998,1242.6
27607,172400.48,97077.0,24458.74,6826.58,140.18,1243.0
27608,159033.28,83933.0,35971.89,10452.66,233.09,1243.0
27609,262143.0,116235.0,57975.76,18216.9,400.98,1243.1
27610,207781.28,100123.0,40706.902,16713.53,296.66,1243.2
27611,162309.28,94500.0,22405.23,11136.01,169.52,1243.2
27612,170424.8,96753.0,21298.03,10027.08,293.4,1243.4
27613,123628.96,74296.0,21600.78,6380.24,207.01,1243.4
27614,191108.95,99816.0,49936.45,13582.23,402.61,1243.6
27615,230068.16,108199.0,34580.97,29363.291,386.31,1243.7
27616,187405.12,95204.0,33980.66,8252.1,189.08,1243.8
27617,169728.16,94237.0,30946.24,13217.2,220.05,1243.8
27618,204760.64,103681.0,49087.02,7515.12,321.11,1244.0
27619,178510.08,91721.0,35096.51,16322.55,402.61,1244.0
27620,232716.97,109148.0,51630.12,28778.55,418.91,1244.1
27621,203880.33,103484.0,27218.09,10449.2,216.79,1244.1
27622,64115.52,41099.0,23033.22,185.11,213.53,1244.1
27623,123385.92,76805.0,39876.5,11438.76,285.25,1244.7
27624,127600.484,72913.0,24808.201,19595.71,301.55,1244.9
27625,163421.44,97381.0,24003.75,12132.49,21.19,1245.1
27626,120702.4,72669.0,33574.11,15426.41,283.62,1245.2
27627,9916.48,10104.0,832.13,185.11,61.94,1245.3
27628,180022.08,99342.0,26411.91,15383.16,177.67,1245.3
27629,171076.64,94010.0,21789.35,12549.42,213.53,1245.3
27630,182359.52,94009.0,41277.8,12359.12,329.26,1245.3
27631,174814.08,96423.0,17431.48,11603.11,97.8,1245.4
27632,208513.77,99163.0,44403.91,14462.8,410.76,1245.4
27633,165130.56,86706.0,45272.37,9194.95,330.88998,1245.6
27634,200476.64,96041.0,37044.492,28562.3,353.71,1245.7
27635,8404.48,6512.0,10127.42,51.9,71.72,1245.7
27636,211426.88,105937.0,47985.01,24284.01,420.54,1245.7
27637,152754.56,88828.0,32743.71,7790.19,79.87,1245.7
27638,184219.84,101657.0,26735.42,9489.05,280.36,1245.8
27639,152473.44,86354.0,21420.86,18730.71,221.68,1245.8
27640,109287.36,67060.0,22178.6,20868.99,288.51,1245.9
27641,103294.24,69343.0,19476.34,14004.351,220.05,1245.9
27642,215514.88,91181.0,73177.27,12672.25,435.21,1246.0
27643,219002.56,102252.0,31311.27,17447.05,283.62,1246.0
27644,131160.95,76692.0,26116.08,9905.98,176.04,1246.0
27645,163671.2,92972.0,33506.64,11341.88,107.58,1246.1
27646,245088.48,112908.0,34759.16,19211.65,254.28,1246.1
27647,181212.64,98616.0,32568.98,19164.94,141.81,1246.1
27648,177430.4,95739.0,20227.16,9255.5,177.67,1246.2
27649,165883.2,80465.0,30382.26,12372.96,241.24,1246.2
27650,234691.52,85952.0,58013.82,47580.19,443.36,1246.2
27651,168112.0,93933.0,31489.46,16023.26,290.13998,1246.2
27652,262143.0,96782.0,59467.02,49758.26,454.77,1246.3
27653,262143.0,102823.0,48488.44,37139.64,418.91,1246.3
27654,206514.56,101137.0,63395.85,18367.41,371.63998,1246.4
27655,175417.77,100473.0,33274.82,13035.55,172.78,1246.4
27656,56330.4,14168.0,163675.3,181.65001,774.25,1246.5
27657,185952.48,94137.0,31280.13,29790.6,301.55,1246.5
27658,197999.2,106968.0,31804.32,6657.04,174.41,1246.5
27659,190602.72,97804.0,19514.4,20820.55,171.15,1246.5
27660,262143.0,131019.0,142718.08,83078.06,1155.67,1246.5
27661,196484.95,99514.0,37108.5,23903.41,293.4,1246.6
27662,212080.95,93097.0,33492.8,12039.07,417.28,1246.6
27663,262143.0,112005.0,80747.75,46350.16,607.99,1246.7
27664,178503.36,89313.0,37598.09,12044.26,335.78,1246.7
27665,207804.8,103745.0,23614.5,17749.8,251.02,1246.8
27666,96726.56,58025.0,53294.38,238.74,389.57,1246.9
27667,17832.64,5686.0,21614.621,107.26,66.83,1246.9
27668,180791.52,97670.0,19102.66,13679.11,249.39,1247.0
27669,214800.33,91890.0,67727.77,36086.07,490.63,1247.0
27670,166047.84,95137.0,29070.92,11200.0205,236.35,1247.2
27671,151784.64,97200.0,32953.04,11559.86,207.01,1247.2
27672,233302.72,108512.0,45973.02,18645.94,314.59,1247.2
27673,14960.96,6702.0,35494.41,77.85,242.87,1247.3
27674,186110.4,84914.0,61532.64,13269.101,490.63,1247.3
27675,174118.56,97325.0,21642.3,15993.851,208.64,1247.3
27676,172594.23,93144.0,52972.6,17663.3,381.42,1247.4
27677,206841.6,100758.0,45530.14,21111.19,193.97,1247.5
27678,133064.95,79954.0,19685.67,13291.59,151.59,1247.5
27679,180076.95,98593.0,20559.32,20036.86,187.45,1247.5
27680,207183.2,111281.0,27721.52,12729.34,218.42,1247.6
27681,179756.64,98789.0,28455.041,8361.09,218.42,1247.6
27682,167564.33,94319.0,20990.09,11148.12,133.66,1247.6
27683,222547.36,103144.0,43492.2,19628.58,430.32,1247.7
27684,113363.04,70450.0,25828.9,18881.22,203.75,1247.7
27685,197443.69,108815.0,46211.76,28020.81,458.03,1247.7
27686,145936.0,79152.0,30017.23,21073.13,399.35,1247.8
27687,181101.77,96441.0,30387.451,11674.04,233.09,1247.8
27688,189862.4,100372.0,36011.68,8226.15,252.65,1247.8
27689,112119.84,67928.0,27750.93,13881.5205,260.8,1247.9
27690,204961.12,103977.0,23628.34,19763.52,229.83,1247.9
27691,213852.8,96445.0,73640.914,27801.1,638.96,1247.9
27692,205626.4,107640.0,27109.1,9040.98,249.39,1248.0
27693,194748.95,80917.0,67388.69,30558.72,578.65,1248.0
27694,204450.4,105722.0,32771.39,11691.34,156.48,1248.0
27695,190673.28,86610.0,70130.74,10101.47,611.25,1248.1
27696,182636.16,92026.0,35421.75,22038.47,326.0,1248.1
27697,197406.72,102401.0,27202.52,14480.101,264.06,1248.1
27698,181655.05,96476.0,25941.35,13663.54,254.28,1248.1
27699,262143.0,97524.0,27771.69,13310.62,290.13998,1248.2
27700,216100.64,100870.0,36184.68,17313.84,231.46,1248.2
27701,168302.4,92965.0,33475.5,21538.5,193.97,1248.2
27702,262143.0,103824.0,37139.64,32473.83,391.2,1248.3
27703,186429.6,90377.0,45922.85,14547.57,311.33,1248.3
27704,262143.0,98453.0,28939.44,14454.15,231.46,1248.3
27705,11655.84,11117.0,923.82,1212.73,-45.64,1248.3
27706,150076.64,85850.0,31719.55,16459.22,213.53,1248.3
27707,195530.72,105976.0,21960.621,11893.75,176.04,1248.3
27708,210428.95,105460.0,29768.11,16824.25,257.54,1248.4
27709,193295.2,102724.0,40610.02,13094.37,159.74,1248.4
27710,129041.92,74634.0,47860.45,25368.72,456.4,1248.4
27711,194289.77,100978.0,23756.36,17517.98,244.5,1248.4
27712,154201.6,87118.0,40407.61,22349.871,384.68,1248.5
27713,169208.48,91997.0,33548.16,7022.0703,148.33,1248.5
27714,190986.88,97434.0,21012.58,6603.41,242.87,1248.5
27715,164629.92,96133.0,26647.19,12526.93,159.74,1248.5
27716,115707.2,63162.0,32155.51,23299.64,356.97,1248.5
27717,114005.92,62473.0,29076.11,22936.34,326.0,1248.5
27718,228221.28,108667.0,57697.23,28129.8,404.24,1248.5
27719,185243.52,91790.0,38767.57,18433.15,381.42,1248.6
27720,175274.4,83821.0,66475.25,26212.96,428.69,1248.6
27721,137859.69,82888.0,16819.06,7743.48,114.1,1248.6
27722,170647.69,91777.0,25922.32,10035.73,172.78,1248.6
27723,255075.52,102160.0,39440.54,31153.84,402.61,1248.7
27724,205287.05,93545.0,44993.84,29323.5,444.99,1248.7
27725,262143.0,93432.0,81341.14,27012.22,567.24,1248.7
27726,215490.23,105025.0,37300.53,27581.39,399.35,1248.7
27727,186428.48,92648.0,42580.492,12372.96,418.91,1248.8
27728,189236.33,94222.0,29975.71,18831.05,306.44,1248.8
27729,241109.12,100686.0,47625.17,27709.41,581.91,1248.8
27730,198588.33,87270.0,39601.43,20917.43,417.28,1248.8
27731,18714.08,12994.0,5862.97,50.170002,0.0,1248.9
27732,175379.69,98172.0,26692.17,14064.9,221.68,1248.9
27733,262143.0,103656.0,79673.42,25885.99,798.7,1248.9
27734,214348.95,101572.0,54847.92,24571.19,412.38998,1248.9
27735,199907.69,91653.0,47971.17,18396.82,456.4,1248.9
27736,261710.4,113162.0,58185.09,13429.99,528.12,1249.0
27737,145834.08,85656.0,23034.951,7343.85,224.94,1249.1
27738,240761.92,104428.0,46550.84,22232.23,533.01,1249.1
27739,206522.4,103625.0,44256.86,33857.832,280.36,1249.2
27740,262143.0,104757.0,69563.3,37272.85,376.53,1249.2
27741,182636.16,94420.0,50763.39,9582.47,234.72,1249.2
27742,229427.52,102435.0,34688.23,17799.97,322.74,1249.2
27743,262143.0,117754.0,77064.58,44400.45,893.24,1249.2
27744,166082.56,96027.0,32605.31,12893.69,251.02,1249.4
27745,117136.32,75042.0,14032.03,13888.44,146.7,1249.4
27746,7236.32,6552.0,2738.59,46.71,39.12,1249.4
27747,56585.76,34281.0,37246.902,195.49,337.41,1249.5
27748,195780.48,99189.0,51642.23,22149.19,339.04,1249.7
27749,165969.44,81273.0,51488.26,16353.69,433.58,1249.9
27750,185557.12,98779.0,38129.2,16362.34,101.06,1249.9
27751,180626.88,79612.0,82232.09,32989.37,537.9,1250.0
27752,170378.88,92624.0,30534.5,9923.28,254.28,1250.1
27753,161320.33,94832.0,30479.14,14033.76,314.59,1250.2
27754,230872.33,108337.0,46649.45,17780.94,330.88998,1250.2
27755,171553.77,97504.0,23732.14,10506.29,179.3,1250.3
27756,210838.88,109224.0,46059.52,15436.79,386.31,1250.4
27757,170679.05,95173.0,24327.26,8976.97,286.88,1250.5
27758,177264.64,95479.0,16971.3,11198.29,159.74,1250.6
27759,134302.56,86009.0,22709.71,13023.44,295.03,1250.6
27760,166577.6,89017.0,29548.4,14033.76,241.24,1250.7
27761,186841.77,100856.0,20630.25,16486.9,159.74,1250.7
27762,169600.48,94956.0,40473.35,12438.7,259.17,1250.8
27763,193281.77,94649.0,37042.76,20536.83,370.01,1250.9
27764,5328.96,5348.0,294.1,271.61002,21.19,1250.9
27765,163198.56,92784.0,28269.93,10061.68,185.81999,1251.0
27766,206456.33,97677.0,30868.39,17057.8,312.96,1251.0
27767,140218.4,80952.0,26264.86,14940.28,192.34,1251.0
27768,247215.36,104877.0,46505.86,33485.88,415.65,1251.1
27769,201724.33,103710.0,32845.78,16774.08,296.66,1251.2
27770,194859.84,94310.0,37964.85,16237.78,260.8,1251.2
27771,262143.0,119997.0,39795.19,15557.891,326.0,1251.2
27772,15512.0,13100.0,24154.26,-22.49,91.28,1251.3
27773,260858.08,108228.0,35708.93,11514.88,435.21,1251.4
27774,204940.95,102724.0,46206.57,23066.09,417.28,1251.4
27775,133436.8,88633.0,15784.5205,13175.68,195.6,1251.5
27776,209669.6,103335.0,37388.76,10890.351,365.12,1251.5
27777,188860.0,92822.0,33072.41,14423.01,324.37,1251.5
27778,257224.8,104617.0,57576.13,24787.44,467.81,1251.5
27779,179084.64,97445.0,34684.77,9096.34,296.66,1251.6
27780,189789.6,99009.0,24245.951,17436.67,185.81999,1251.7
27781,182853.44,96928.0,21259.97,14917.79,145.06999,1251.7
27782,162224.16,92504.0,27505.27,8873.17,180.93,1251.8
27783,229404.0,109876.0,36297.13,16903.83,308.07,1251.8
27784,154704.48,90228.0,33184.86,14485.29,255.91,1251.9
27785,240788.8,107607.0,36996.05,21862.01,311.33,1251.9
27786,213486.56,101040.0,25131.71,18524.84,203.75,1252.0
27787,155031.52,92253.0,28048.49,11288.25,153.22,1252.0
27788,24552.64,22681.0,134306.83,15.57,617.77,1252.0
27789,183747.2,100644.0,23095.5,15260.33,255.91,1252.0
27790,216986.56,104352.0,33238.492,18509.27,270.58,1252.1
27791,198523.36,101313.0,24775.33,15134.04,221.68,1252.1
27792,173633.6,92233.0,21855.09,12250.13,262.43,1252.1
27793,170976.95,75848.0,39591.05,27638.48,265.69,1252.2
27794,234326.4,108377.0,28008.701,24479.5,348.82,1252.2
27795,262143.0,108559.0,80697.58,29501.69,969.85,1252.2
27796,161685.44,78267.0,43281.14,38025.402,456.4,1252.2
27797,199514.56,93424.0,73445.42,16379.641,567.24,1252.3
27798,190029.28,102552.0,22685.49,17313.84,218.42,1252.4
27799,202011.05,100757.0,39490.71,18767.041,180.93,1252.4
27800,24877.44,12359.0,54751.04,129.75,405.87,1252.5
27801,54384.96,33792.0,27534.68,205.87,268.95,1252.5
27802,202939.52,99292.0,31622.67,13907.47,247.76,1252.6
27803,180227.05,95673.0,21803.19,16184.15,299.92,1252.7
27804,181920.48,93981.0,60648.61,22349.871,410.76,1252.7
27805,169772.95,86448.0,23249.47,11241.54,213.53,1252.7
27806,105332.64,66109.0,24085.06,9722.601,252.65,1252.8
27807,14572.32,5128.0,43895.29,89.96,370.01,1252.8
27808,213874.08,106277.0,45902.09,12407.561,368.38,1252.9
27809,184664.48,95108.0,31771.451,18991.94,327.63,1252.9
27810,186699.52,102443.0,28299.34,8866.25,182.56,1252.9
27811,183895.05,81258.0,34231.51,28487.91,254.28,1252.9
27812,177946.72,94047.0,24605.791,9824.67,192.34,1253.0
27813,193564.0,102174.0,27231.93,17222.15,402.61,1253.0
27814,161327.05,94245.0,23014.19,18083.69,231.46,1253.1
27815,174349.28,101652.0,31011.98,9276.26,257.54,1253.1
27816,206287.2,102504.0,39738.1,30816.49,355.34,1253.1
27817,130673.76,69934.0,37817.8,18684.0,321.11,1253.2
27818,171815.84,101970.0,23443.23,12212.07,114.1,1253.2
27819,153717.77,90548.0,34036.02,8212.311,231.46,1253.3
27820,158962.72,77291.0,28799.31,20621.6,291.77,1253.3
27821,206109.12,102064.0,25209.56,9644.75,267.32,1253.3
27822,178458.56,102453.0,22867.14,17171.98,246.13,1253.4
27823,175798.56,100129.0,21777.24,9809.101,125.51,1253.4
27824,228233.6,112789.0,42115.12,29022.48,370.01,1253.4
27825,193501.28,103485.0,45448.832,13082.26,288.51,1253.5
27826,150071.05,78876.0,43256.92,19369.08,360.23,1253.5
27827,151928.0,88057.0,41289.91,8906.04,309.7,1253.5
27828,168650.72,93489.0,23344.621,12968.08,118.99,1253.6
27829,208979.69,102112.0,27072.77,13037.28,192.34,1253.6
27830,205769.77,99825.0,23559.14,25117.871,400.98,1253.6
27831,217616.0,106545.0,55491.48,26193.93,356.97,1253.6
27832,179719.69,92588.0,31460.05,11731.13,200.49,1253.6
27833,175310.23,94800.0,42006.13,23633.53,345.56,1253.7
27834,230600.16,105924.0,44749.91,49907.04,428.69,1253.7
27835,262143.0,110786.0,77825.78,32098.42,614.51,1253.7
27836,186046.56,98024.0,24602.33,13952.45,145.06999,1253.7
27837,204915.2,106619.0,26121.27,17953.94,343.93,1253.7
27838,41978.72,11602.0,73391.79,181.65001,330.88998,1253.8
27839,165155.2,97429.0,25884.26,10814.23,105.95,1253.8
27840,146152.16,84989.0,30238.67,13314.08,146.7,1253.8
27841,215770.23,99391.0,44807.0,23133.56,400.98,1253.8
27842,206183.05,103897.0,22427.72,19983.23,210.27,1253.9
27843,201666.08,101561.0,35779.86,12106.54,513.45,1253.9
27844,244750.23,107304.0,43981.79,32709.111,440.1,1253.9
27845,193648.0,98506.0,49593.91,18431.42,293.4,1254.0
27846,227209.92,103472.0,39027.07,13672.19,280.36,1254.0
27847,262143.0,95762.0,67542.664,32522.27,669.93,1254.1
27848,163245.6,94400.0,29711.02,10187.97,207.01,1254.1
27849,174310.08,93957.0,39610.082,15393.54,295.03,1254.1
27850,206432.8,102056.0,43891.832,18284.371,350.45,1254.1
27851,35757.12,27452.0,21573.1,337.35,557.46,1254.2
27852,187970.72,101011.0,22920.77,17293.08,317.85,1254.2
27853,262143.0,107945.0,49374.2,35937.29,619.4,1254.2
27854,208788.16,103160.0,47427.95,14102.96,295.03,1254.2
27855,225515.36,109279.0,56181.75,5321.48,295.03,1254.2
27856,262143.0,104825.0,57942.89,42874.59,567.24,1254.2
27857,202067.05,98808.0,42684.29,17111.43,414.02,1254.2
27858,199765.44,102181.0,37674.21,13217.2,309.7,1254.2
27859,211946.56,100581.0,62331.902,48550.72,803.59,1254.3
27860,262143.0,111836.0,81590.26,35537.66,764.47,1254.3
27861,152751.2,87852.0,23989.91,14194.65,208.64,1254.3
27862,164183.05,93901.0,25403.32,6702.02,140.18,1254.3
27863,219250.08,106152.0,34733.21,23394.791,339.04,1254.3
27864,178556.0,82756.0,28207.65,14279.42,233.09,1254.4
27865,190562.4,96088.0,28001.781,15161.72,259.17,1254.4
27866,262143.0,96887.0,59773.23,25818.52,594.95,1254.4
27867,250594.4,108240.0,45635.67,19341.4,342.3,1254.4
27868,195559.84,98989.0,25782.19,14461.07,249.39,1254.4
27869,189919.52,102501.0,20938.19,15059.65,166.26,1254.4
27870,260674.4,111777.0,36774.61,11788.22,366.75,1254.5
27871,224379.69,100873.0,40708.63,25541.72,474.33,1254.5
27872,194946.08,103993.0,33863.02,16812.14,326.0,1254.5
27873,262143.0,109791.0,85041.61,41400.63,767.73,1254.5
27874,262143.0,108350.0,70362.56,21138.871,642.22,1254.5
27875,190042.72,98216.0,28174.781,23114.53,384.68,1254.5
27876,192666.88,91295.0,33181.4,12476.76,200.49,1254.6
27877,262143.0,101355.0,38869.64,24984.66,386.31,1254.6
27878,202769.28,102624.0,47858.72,24782.25,508.56,1254.6
27879,262143.0,108664.0,89575.94,56811.47,718.83,1254.7
27880,177113.44,99995.0,21209.8,12909.26,171.15,1254.7
27881,195190.23,98782.0,35866.36,22955.371,220.05,1254.7
27882,262143.0,92239.0,36947.61,26102.24,399.35,1254.7
27883,30055.2,6589.0,87735.22,3112.27,3732.7,1254.8
27884,164828.16,98217.0,21853.36,10098.01,159.74,1254.8
27885,151322.08,85173.0,27707.68,18382.98,334.15,1254.8
27886,203403.2,96209.0,56667.88,28937.71,448.25,1254.9
27887,181104.0,103316.0,20000.53,18607.88,187.45,1255.3
27888,177253.44,100107.0,27524.3,13141.08,185.81999,1255.3
27889,126183.68,73039.0,57416.97,28584.791,453.13998,1255.3
27890,185637.77,94440.0,26501.871,6022.13,249.39,1255.4
27891,182390.88,94407.0,33094.9,4698.68,120.62,1255.5
27892,211134.56,105944.0,26304.65,18901.98,244.5,1255.5
27893,182206.08,88729.0,35288.54,9836.78,247.76,1255.5
27894,19727.68,11186.0,34196.91,96.880005,223.31,1255.6
27895,172852.95,96958.0,19446.93,10968.2,184.19,1255.7
27896,170954.56,84884.0,34020.45,18298.21,309.7,1255.7
27897,164058.72,91360.0,19395.03,15116.74,202.12,1255.7
27898,59608.64,35441.0,18057.74,204.14,329.26,1255.8
27899,195770.4,98187.0,38385.242,24536.59,285.25,1255.9
27900,189107.52,97319.0,32946.12,15358.94,259.17,1255.9
27901,169130.08,90264.0,26825.38,8139.65,231.46,1256.0
27902,124978.56,79688.0,22607.64,15571.73,177.67,1256.1
27903,65862.72,34969.0,36009.95,316.59,361.86,1256.1
27904,201677.28,106868.0,27126.4,16547.45,407.5,1256.2
27905,206451.84,102285.0,52147.39,35323.14,283.62,1256.2
27906,207314.23,100417.0,50799.72,22531.52,339.04,1256.2
27907,181067.05,94488.0,44834.68,19794.66,365.12,1256.3
27908,217797.44,97593.0,40328.03,18196.14,383.05,1256.3
27909,148998.08,85313.0,16557.83,6646.66,197.23,1256.4
27910,68616.8,43515.0,35819.652,302.75,312.96,1256.4
27911,137511.36,79866.0,34636.332,18426.23,322.74,1256.5
27912,242226.88,95378.0,54185.332,30685.01,547.68,1256.5
27913,207910.08,102892.0,51803.12,19237.6,402.61,1256.5
27914,160793.92,76725.0,67999.38,11736.32,552.57,1256.6
27915,26410.72,19256.0,4714.25,10.38,16.3,1256.6
27916,189030.23,55642.0,51746.03,13205.09,326.0,1256.7
27917,162261.12,90952.0,25972.49,14435.12,179.3,1256.7
27918,193708.48,98633.0,28114.23,21657.871,275.47,1256.8
27919,189291.2,100900.0,38696.64,15736.08,435.21,1256.9
27920,64212.96,44181.0,23216.6,107.26,218.42,1256.9
27921,189331.52,102600.0,34307.63,10983.7705,236.35,1256.9
27922,176973.44,97069.0,19028.27,9035.79,190.71,1256.9
27923,143223.36,90496.0,14077.01,16159.931,14.67,1257.0
27924,120005.76,74392.0,24591.951,8648.2705,141.81,1257.0
27925,101417.12,66782.0,12243.21,14959.311,45.64,1257.0
27926,162267.84,77841.0,59145.242,13360.79,487.37,1257.1
27927,209529.6,103546.0,37513.32,11296.9,286.88,1257.1
27928,262143.0,116359.0,66982.14,45424.61,562.35,1257.2
27929,208971.84,107307.0,30729.99,17194.47,277.1,1257.3
27930,172807.05,85717.0,45215.28,22206.28,293.4,1257.4
27931,139921.6,57257.0,29641.82,178.19,135.29,1257.4
27932,198739.52,109736.0,43485.28,26481.11,265.69,1257.5
27933,44467.36,27387.0,25427.541,72.66,215.16,1257.6
27934,179074.56,99296.0,30986.031,17626.97,189.08,1257.6
27935,149741.77,83553.0,54200.902,4070.69,440.1,1257.6
27936,204438.08,100909.0,39594.51,18433.15,312.96,1257.6
27937,184954.56,103973.0,53659.41,12587.48,291.77,1257.7
27938,153862.23,92817.0,29458.44,10798.66,184.19,1257.8
27939,115508.96,76076.0,19088.82,8203.66,163.0,1257.9
27940,197668.8,104109.0,53733.8,12680.9,334.15,1257.9
27941,178805.77,94393.0,21057.56,14500.86,208.64,1258.1
27942,217808.64,104917.0,38143.04,11909.32,242.87,1258.2
27943,212649.92,100066.0,47775.68,17578.53,355.34,1258.3
27944,43800.96,40467.0,6015.21,2255.92,94.54,1258.4
27945,223856.64,107613.0,46789.582,13217.2,306.44,1258.4
27946,64854.72,43851.0,23218.33,330.43,267.32,1258.5
27947,133521.92,83577.0,24117.93,22849.84,304.81,1258.5
27948,97806.24,62425.0,27918.74,14597.74,202.12,1258.7
27949,176219.69,94095.0,37899.11,18410.66,301.55,1258.8
27950,180500.33,101820.0,17467.81,10826.34,164.63,1258.9
27951,118320.164,70156.0,21453.73,20548.94,213.53,1259.0
27952,220195.36,106252.0,51770.25,27610.8,353.71,1259.0
27953,164651.2,92104.0,31333.76,17834.57,288.51,1259.1
27954,110569.76,62160.0,43106.41,432.5,239.61,1259.2
27955,140734.72,84168.0,34304.17,14592.55,255.91,1259.2
27956,161609.28,91573.0,27479.32,8447.59,198.86,1259.2
27957,183420.16,97524.0,34428.73,12599.59,193.97,1259.3
27958,92471.68,44320.0,44307.03,219.71,272.21,1259.3
27959,159493.6,94557.0,20099.14,10547.811,60.31,1259.3
27960,145755.69,79774.0,41442.152,27851.27,365.12,1259.3
27961,262143.0,94736.0,54351.41,12142.87,387.94,1259.4
27962,152272.95,77697.0,13865.95,20683.88,193.97,1259.4
27963,181396.33,90677.0,47478.12,17130.46,322.74,1259.4
27964,168897.12,93235.0,33011.86,10466.5,360.23,1259.5
27965,142269.12,85680.0,34006.61,8592.91,278.73,1259.5
27966,189620.48,103024.0,33397.65,21239.21,202.12,1259.5
27967,100380.0,66964.0,29913.43,12770.86,141.81,1259.5
27968,147832.16,84573.0,15244.76,18408.93,241.24,1259.6
27969,241333.12,102570.0,63378.55,35202.04,409.13,1259.6
27970,77112.0,40801.0,33854.37,240.47,285.25,1259.6
27971,187374.88,101833.0,27718.06,16462.68,172.78,1259.6
27972,246818.88,109732.0,32605.31,8418.18,255.91,1259.6
27973,197509.77,103836.0,53472.57,17943.56,361.86,1259.7
27974,150647.84,83536.0,34456.41,12284.73,423.8,1259.7
27975,236820.64,111536.0,58721.39,15938.49,387.94,1259.7
27976,245708.97,107641.0,62653.68,30321.71,414.02,1259.8
27977,213433.92,101328.0,46758.44,23358.46,301.55,1259.8
27978,134784.16,71678.0,35112.082,14168.7,288.51,1259.8
27979,262143.0,99871.0,64660.48,33233.3,503.67,1259.8
27980,26822.88,23292.0,2425.46,2347.61,-14.67,1259.9
27981,183152.48,53074.0,262143.0,577.82,3185.02,1259.9
27982,231712.33,104852.0,46834.56,12959.43,314.59,1259.9
27983,10853.92,8424.0,6143.23,76.12,249.39,1259.9
27984,202949.6,100596.0,37660.37,19542.08,275.47,1260.0
27985,51831.36,46148.0,5056.79,2165.96,47.27,1260.0
27986,155753.92,92729.0,29321.77,13378.09,218.42,1260.0
27987,172100.33,95257.0,30067.4,16819.06,314.59,1260.0
27988,156692.48,78881.0,38098.06,17139.11,329.26,1260.0
27989,262143.0,115324.0,76619.97,38490.77,503.67,1260.0
27990,214686.08,99074.0,33670.992,26832.3,291.77,1260.1
27991,108588.48,54649.0,37755.52,337.35,295.03,1260.1
27992,182105.28,89488.0,47671.88,8220.96,350.45,1260.2
27993,191196.33,104089.0,38034.05,10151.64,260.8,1260.2
27994,178987.2,101024.0,27955.07,10120.5,192.34,1260.3
27995,179434.08,102826.0,35947.67,13321.0,120.62,1260.3
27996,206044.16,103876.0,44838.14,10542.62,251.02,1260.4
27997,178287.2,89804.0,42450.742,16583.78,358.6,1260.5
27998,259810.88,106854.0,72409.15,30442.81,591.69,1260.6
27999,203164.64,99588.0,29655.66,12824.49,286.88,1260.8
28000,168063.84,92356.0,33224.65,13822.7,215.16,1260.9
28001,159420.8,87001.0,31178.06,13884.98,179.3,1260.9
28002,183186.08,92914.0,28636.69,9653.4,268.95,1261.0
28003,249316.48,102500.0,41220.71,17838.03,275.47,1261.1
28004,230781.6,91253.0,48318.902,11637.71,774.25,1261.1
28005,169928.64,92189.0,28480.99,16608.0,283.62,1261.2
28006,177791.05,93772.0,19339.67,19962.47,135.29,1261.3
28007,171141.6,86215.0,31389.121,10495.91,348.82,1261.3
28008,177475.2,102327.0,36004.76,10819.42,236.35,1261.4
28009,174526.23,93458.0,33283.47,18171.92,249.39,1261.5
28010,230323.52,107673.0,51792.742,17230.8,345.56,1261.5
28011,161127.69,95703.0,33587.95,15383.16,200.49,1261.5
28012,157652.33,93622.0,14855.51,16358.88,163.0,1261.6
28013,75774.72,44569.0,24458.74,195.49,215.16,1261.6
28014,187799.36,96193.0,23600.66,11309.01,179.3,1261.7
28015,181046.88,98172.0,31015.44,12668.79,255.91,1261.7
28016,197843.52,104313.0,41632.45,14407.44,265.69,1261.8
28017,138860.95,75957.0,62584.48,17132.19,472.7,1261.8
28018,139727.84,82068.0,21957.16,12149.79,141.81,1261.8
28019,94411.52,59112.0,18964.26,7868.04,247.76,1261.9
28020,199172.95,92024.0,45855.38,14485.29,371.63998,1261.9
28021,134040.48,75992.0,49370.742,21028.15,531.38,1261.9
28022,11380.32,6373.0,16941.89,171.27,200.49,1261.9
28023,223965.28,107636.0,58313.11,13092.641,352.08,1262.0
28024,146880.16,83691.0,36951.07,9726.061,268.95,1262.0
28025,190126.72,88176.0,46350.16,45085.53,321.11,1262.0
28026,185625.44,100985.0,21879.31,8494.3,166.26,1262.1
28027,189434.56,82293.0,103630.46,68250.234,992.67,1262.2
28028,262143.0,107116.0,41507.89,20090.49,451.51,1262.2
28029,262143.0,92725.0,75305.17,42061.492,876.94,1262.3
28030,213643.36,101173.0,43474.902,14845.13,280.36,1262.4
28031,220776.64,107393.0,34240.16,16948.81,376.53,1262.4
28032,172697.28,97245.0,30005.121,12724.15,259.17,1262.4
28033,194435.36,105697.0,20723.67,10148.18,167.89,1262.5
28034,187476.8,98522.0,37705.35,11618.68,326.0,1262.5
28035,153069.28,92371.0,20061.08,6923.46,86.39,1262.5
28036,160967.52,91462.0,29768.11,11627.33,117.36,1262.5
28037,170364.33,95491.0,27413.58,15260.33,164.63,1262.5
28038,205313.92,96907.0,43294.98,12888.5,453.13998,1262.5
28039,234272.64,101321.0,34869.88,18317.24,246.13,1262.6
28040,204109.92,100192.0,49268.67,23100.69,278.73,1262.6
28041,260009.12,114852.0,51071.332,34131.17,469.44,1262.6
28042,170180.64,99125.0,29465.36,8246.91,244.5,1262.6
28043,146210.4,81167.0,24457.01,18410.66,319.48,1262.6
28044,225909.6,105364.0,65241.76,12891.96,366.75,1262.7
28045,176404.48,94380.0,29659.121,23548.76,242.87,1262.7
28046,222760.16,104848.0,50894.87,17938.371,418.91,1262.7
28047,100162.72,51657.0,55944.742,155.7,335.78,1262.7
28048,241029.6,108768.0,52903.402,21382.8,417.28,1262.8
28049,185790.08,97480.0,33408.03,12954.24,105.95,1262.8
28050,229060.16,108490.0,46883.0,32086.31,500.41,1262.9
28051,106168.164,68411.0,27688.65,10736.38,295.03,1262.9
28052,262143.0,110191.0,69296.88,32370.031,477.59,1262.9
28053,196020.16,103878.0,30508.55,17907.23,171.15,1262.9
28054,182983.36,96537.0,40193.09,17547.39,189.08,1262.9
28055,241194.23,100009.0,84515.69,27904.9,500.41,1262.9
28056,181639.36,91423.0,41556.332,10819.42,418.91,1262.9
28057,208740.0,104153.0,46763.63,10689.67,262.43,1262.9
28058,183797.6,96615.0,27853.0,22718.36,291.77,1263.0
28059,262143.0,106105.0,49197.742,31420.26,405.87,1263.0
28060,262143.0,96865.0,95995.97,50477.94,806.85,1263.0
28061,106980.164,67760.0,23048.791,11180.99,184.19,1263.0
28062,37419.2,11544.0,76365.664,159.16,449.88,1263.2
28063,167245.12,86329.0,37700.16,33534.32,298.29,1263.3
28064,133526.4,70339.0,40831.46,18588.85,345.56,1263.4
28065,173903.52,101110.0,26529.55,7857.66,159.74,1263.4
28066,194158.72,102018.0,46978.152,22628.4,352.08,1263.5
28067,177754.08,94185.0,32179.73,11930.08,316.22,1263.5
28068,125400.8,74405.0,27994.86,18235.93,311.33,1263.5
28069,206473.12,100825.0,36527.22,15288.01,340.67,1263.5
28070,215653.77,107533.0,47876.02,14367.65,422.17,1263.6
28071,224340.48,99734.0,25783.92,19453.85,259.17,1263.6
28072,88889.92,53494.0,51931.14,287.18,361.86,1263.7
28073,262143.0,107668.0,67110.164,29721.4,516.71,1263.7
28074,228257.12,111468.0,32477.291,23282.34,285.25,1263.8
28075,151294.08,83573.0,38004.64,6010.02,304.81,1263.9
28076,150880.8,87104.0,40405.88,26505.33,384.68,1263.9
28077,170030.56,71133.0,74367.51,13.84,158.11,1264.0
28078,170823.52,90855.0,31276.67,12623.811,252.65,1264.0
28079,158919.05,81269.0,32169.35,9783.15,348.82,1264.1
28080,141644.16,81149.0,27173.11,14784.58,211.9,1264.1
28081,231398.72,107228.0,55354.812,8051.42,332.52,1264.1
28082,147080.64,88265.0,29735.24,14198.11,210.27,1264.1
28083,195967.52,92142.0,42772.52,11824.55,309.7,1264.1
28084,189861.28,96384.0,36840.35,15428.141,221.68,1264.2
28085,159270.72,94348.0,22778.91,15348.561,174.41,1264.2
28086,166158.72,90045.0,33120.85,21675.17,145.06999,1264.2
28087,183615.05,98530.0,33432.25,12514.82,110.84,1264.2
28088,262143.0,122944.0,110330.75,39930.13,942.14,1264.3
28089,262143.0,107200.0,55349.62,49564.5,350.45,1264.3
28090,163955.69,89575.0,31364.9,5895.84,298.29,1264.4
28091,199974.88,99653.0,28859.86,13774.26,241.24,1264.5
28092,139064.8,82764.0,22569.58,10155.101,247.76,1264.5
28093,177844.8,97620.0,40146.38,23102.42,311.33,1264.5
28094,178633.28,98032.0,34580.97,17799.97,291.77,1264.5
28095,184539.05,99505.0,37101.582,9720.87,229.83,1264.7
28096,185814.72,99671.0,31262.83,16324.28,221.68,1264.7
28097,88749.92,58983.0,16628.76,18645.94,176.04,1264.8
28098,178167.36,96621.0,24074.68,20260.03,148.33,1264.9
28099,192777.77,99412.0,37990.8,12542.5,267.32,1264.9
28100,192605.28,97052.0,32345.81,21709.77,303.18,1265.0
28101,262102.4,107960.0,47997.12,30899.531,371.63998,1265.1
28102,151094.72,93164.0,23512.43,11509.69,35.86,1265.2
28103,123641.28,77859.0,17844.951,18820.67,89.65,1265.2
28104,181060.33,95232.0,35098.242,17241.18,277.1,1265.4
28105,168949.77,97548.0,17986.81,13151.46,112.47,1265.4
28106,190089.77,100472.0,41333.16,13879.79,301.55,1265.4
28107,262143.0,111609.0,63259.18,27327.08,430.32,1265.5
28108,123835.04,68150.0,49919.152,781.96,389.57,1265.5
28109,177059.69,101836.0,24252.871,20010.91,203.75,1265.5
28110,155238.72,90813.0,27846.08,11893.75,251.02,1265.6
28111,178675.84,100296.0,31584.61,11604.84,262.43,1265.6
28112,22890.56,16004.0,67232.99,27.68,286.88,1265.6
28113,262143.0,105089.0,128687.78,59569.09,1079.0599,1265.6
28114,172326.56,86792.0,28105.58,17158.14,280.36,1265.6
28115,208352.48,82680.0,138344.64,16760.24,788.92,1265.7
28116,215471.2,104031.0,45379.63,13558.01,350.45,1265.8
28117,157302.88,88216.0,23628.34,12018.311,384.68,1265.8
28118,223376.16,105497.0,38111.902,16779.27,286.88,1265.8
28119,167780.48,91445.0,27558.9,12381.61,149.96,1265.8
28120,208606.72,105792.0,38987.28,16992.06,350.45,1265.9
28121,166792.64,91599.0,27060.66,13869.41,218.42,1265.9
28122,188697.6,96691.0,44396.992,26975.89,273.84,1265.9
28123,234981.6,108356.0,64485.75,15028.51,453.13998,1265.9
28124,238958.72,107647.0,39668.902,32044.791,428.69,1265.9
28125,215106.08,104279.0,41070.2,20254.84,371.63998,1266.0
28126,158540.48,83253.0,33442.63,18009.3,370.01,1266.0
28127,164203.2,91929.0,32778.31,15049.2705,311.33,1266.1
28128,102643.52,47113.0,85472.38,330.43,635.7,1266.1
28129,218391.05,105032.0,44182.47,36009.95,397.72,1266.1
28130,228375.84,97708.0,52225.242,24002.02,487.37,1266.1
28131,86438.24,51912.0,20896.67,32511.89,145.06999,1266.1
28132,251473.6,93982.0,43068.35,17640.81,254.28,1266.1
28133,262143.0,115590.0,138043.62,65916.46,1193.16,1266.1
28134,153751.36,91510.0,25673.201,5283.42,130.4,1266.2
28135,188344.8,95552.0,33722.89,12561.53,229.83,1266.2
28136,236698.56,105373.0,53915.45,23472.64,498.78,1266.2
28137,167158.88,95367.0,36748.66,11956.03,272.21,1266.3
28138,230135.36,103729.0,40670.57,24543.51,215.16,1266.3
28139,203427.84,99655.0,41227.63,35179.55,296.66,1266.3
28140,224570.08,105976.0,41089.23,17985.08,332.52,1266.3
28141,156917.6,93636.0,24121.39,7409.59,228.2,1266.4
28142,240889.6,111409.0,64586.09,9495.97,418.91,1266.4
28143,224695.52,90428.0,88749.0,34008.34,665.04,1266.4
28144,199402.56,104957.0,39930.13,19654.53,283.62,1266.4
28145,185321.92,93349.0,33413.22,14383.22,228.2,1266.5
28146,186259.36,98577.0,38547.86,20355.18,172.78,1266.5
28147,242852.97,106991.0,69326.29,20490.121,428.69,1266.5
28148,186550.56,96414.0,32402.9,13435.18,203.75,1266.5
28149,224499.52,104593.0,39874.77,24301.31,334.15,1266.6
28150,178464.16,90922.0,40860.87,12030.42,438.47,1266.7
28151,239415.69,108749.0,49396.69,30283.65,379.79,1266.7
28152,262143.0,100560.0,55548.57,46919.332,588.43,1266.8
28153,132061.44,73837.0,26273.51,18158.08,283.62,1266.9
28154,190051.69,74103.0,62703.85,30759.4,594.95,1267.0
28155,143942.4,90060.0,13582.23,8956.21,66.83,1267.0
28156,262143.0,94736.0,54591.88,26790.781,480.85,1267.0
28157,67325.44,53307.0,10039.19,4549.9,76.61,1267.0
28158,163868.33,97171.0,35134.57,10781.36,251.02,1267.0
28159,203658.56,105575.0,41675.7,11786.49,163.0,1267.0
28160,139919.36,73315.0,39860.93,15019.86,288.51,1267.0
28161,72848.164,39896.0,36504.73,183.38,392.83,1267.0
28162,154319.2,90401.0,17059.53,17000.71,110.84,1267.1
28163,165745.44,90000.0,36824.78,9637.83,376.53,1267.1
28164,196739.2,103141.0,32164.16,16808.68,213.53,1267.2
28165,262143.0,85671.0,56564.082,15910.811,461.29,1267.2
28166,212701.44,106248.0,25093.65,28761.25,254.28,1267.3
28167,160955.2,89538.0,32709.111,8298.811,303.18,1267.3
28168,177755.2,95938.0,21436.43,21026.42,319.48,1267.3
28169,76259.68,46329.0,51867.13,328.7,267.32,1267.3
28170,156192.95,90512.0,30982.57,10120.5,221.68,1267.4
28171,213404.8,98851.0,26436.13,21062.75,286.88,1267.4
28172,195143.2,107189.0,33537.78,14142.75,327.63,1267.5
28173,54509.28,15337.0,39424.97,91.69,255.91,1267.5
28174,174933.92,96812.0,22932.88,15822.58,246.13,1267.5
28175,191365.44,88268.0,52522.8,16845.01,466.18,1267.5
28176,184069.77,99343.0,19839.64,16440.19,211.9,1267.5
28177,225006.88,112101.0,28261.281,15960.98,348.82,1267.5
28178,152707.52,88726.0,29254.3,12386.8,193.97,1267.5
28179,175231.84,92836.0,23266.77,10815.96,267.32,1267.6
28180,168925.12,91501.0,26470.73,17184.09,286.88,1267.6
28181,204613.92,101476.0,44263.78,21919.1,397.72,1267.7
28182,192226.72,88261.0,42954.17,20804.98,319.48,1267.7
28183,237386.23,103139.0,55187.0,12186.12,370.01,1267.8
28184,261564.8,110026.0,45149.54,24861.83,436.84,1267.8
28185,262143.0,116406.0,42800.2,22137.08,391.2,1267.8
28186,262143.0,100113.0,69369.54,21721.88,709.05,1267.9
28187,152885.6,85732.0,24379.16,9753.74,136.92,1267.9
28188,142559.2,80256.0,37433.742,21516.01,379.79,1267.9
28189,176632.95,96381.0,27913.55,10568.57,207.01,1267.9
28190,199230.08,106175.0,27010.49,13634.13,105.95,1267.9
28191,111917.12,50236.0,43291.52,219.71,296.66,1268.0
28192,262143.0,110443.0,54008.87,27302.86,534.64,1268.0
28193,243131.84,111006.0,56479.312,16644.33,461.29,1268.0
28194,187294.23,99472.0,34037.75,16597.621,350.45,1268.0
28195,223524.0,108940.0,28051.951,14187.73,268.95,1268.0
28196,204279.05,101803.0,42516.48,12580.561,298.29,1268.1
28197,189390.88,83185.0,53086.78,27032.98,265.69,1268.1
28198,262143.0,118901.0,77542.06,41350.46,363.49,1268.1
28199,184089.92,96169.0,45094.18,12862.55,321.11,1268.1
28200,123992.96,75294.0,54759.69,31074.26,550.94,1268.1
28201,151376.95,76135.0,54181.87,15272.44,508.56,1268.1
28202,188148.8,79104.0,80275.46,32780.04,712.31,1268.1
28203,184836.95,99154.0,27858.19,13686.03,202.12,1268.2
28204,11219.04,7926.0,10331.561,133.21,203.75,1268.2
28205,159651.52,80597.0,36084.34,6068.84,254.28,1268.2
28206,216409.77,100555.0,49879.36,12710.311,391.2,1268.2
28207,161919.52,83042.0,43066.62,38549.59,464.55,1268.2
28208,77096.32,44421.0,32219.52,143.59,203.75,1268.2
28209,207523.69,98479.0,49836.11,22571.31,550.94,1268.2
28210,201107.2,100544.0,49592.18,26718.121,428.69,1268.2
28211,147151.2,88580.0,23406.9,6958.06,143.44,1268.2
28212,221145.12,102480.0,39573.75,41257.04,358.6,1268.3
28213,233321.77,102565.0,35769.48,34098.3,259.17,1268.3
28214,262143.0,112108.0,50026.41,18661.51,430.32,1268.3
28215,165006.23,94219.0,15249.95,19462.5,207.01,1268.3
28216,246853.6,108937.0,41244.93,15531.94,288.51,1268.3
28217,223490.4,107733.0,46753.25,8418.18,489.0,1268.4
28218,206307.36,102481.0,42990.5,18324.16,293.4,1268.4
28219,148497.44,88157.0,20597.38,12310.68,205.38,1268.4
28220,226264.64,104305.0,72113.32,18517.92,428.69,1268.4
28221,225535.52,109120.0,45518.03,7087.81,265.69,1268.5
28222,166066.88,89012.0,28487.91,14191.19,234.72,1268.5
28223,187006.4,95130.0,36658.7,12372.96,332.52,1268.5
28224,262143.0,139609.0,145022.44,64317.94,1106.77,1268.5
28225,211917.44,104260.0,48657.98,17109.7,360.23,1268.5
28226,154654.08,96699.0,19813.69,9073.851,73.35,1268.5
28227,243279.69,98794.0,50676.89,23986.451,412.38998,1268.5
28228,194804.95,104782.0,30339.01,11424.92,236.35,1268.6
28229,199575.05,95369.0,64177.812,23837.67,458.03,1268.6
28230,174384.0,102848.0,26595.291,11165.42,216.79,1268.6
28231,212412.48,100661.0,31093.291,17710.01,404.24,1268.6
28232,255586.23,115368.0,45518.03,29939.38,340.67,1268.6
28233,147579.05,79909.0,28472.34,15865.83,228.2,1268.6
28234,216791.69,104573.0,47713.402,9284.91,472.7,1268.7
28235,185592.95,103980.0,16893.45,6902.7,187.45,1268.7
28236,262143.0,108880.0,124563.46,41793.34,924.21,1268.7
28237,177710.4,83153.0,46998.91,20903.59,326.0,1268.7
28238,163436.0,93387.0,32020.57,25823.71,161.37,1268.7
28239,139272.0,76260.0,41364.3,15528.48,301.55,1268.8
28240,194750.08,102033.0,32013.65,17876.09,236.35,1268.8
28241,202030.08,100081.0,40417.992,13530.33,456.4,1268.8
28242,214466.56,106448.0,45281.02,11347.07,427.06,1268.8
28243,205139.2,97220.0,49050.69,21358.58,397.72,1268.9
28244,195256.33,98168.0,33541.242,14064.9,299.92,1268.9
28245,245460.33,111525.0,63051.582,25716.451,531.38,1268.9
28246,130094.72,72674.0,34776.46,5745.33,356.97,1268.9
28247,262143.0,105650.0,56333.992,34423.54,533.01,1268.9
28248,262143.0,116406.0,102146.125,54569.39,826.41,1268.9
28249,257981.92,114940.0,58972.242,20396.701,503.67,1269.0
28250,167780.48,98333.0,25214.75,9274.53,304.81,1269.0
28251,209407.52,95589.0,39032.26,14466.26,383.05,1269.0
28252,32196.64,8075.0,7435.54,487.86002,1225.76,1269.1
28253,233141.44,104557.0,57626.3,39232.94,427.06,1269.1
28254,224908.33,104493.0,48830.98,15696.29,321.11,1269.1
28255,208852.0,100869.0,48810.22,24188.86,303.18,1269.2
28256,77272.164,18889.0,167453.62,728.33,945.4,1269.3
28257,47923.68,21337.0,107652.71,588.2,780.77,1269.4
28258,176115.52,88853.0,34781.65,17689.25,285.25,1269.6
28259,183277.92,93035.0,39125.68,18952.15,211.9,1269.6
28260,5793.7603,5467.0,1911.65,1.73,13.04,1269.7
28261,198881.77,100735.0,35304.11,20872.451,314.59,1269.7
28262,220356.64,104506.0,47936.57,24014.13,449.88,1269.7
28263,195541.92,103595.0,36951.07,19151.1,303.18,1269.7
28264,205017.12,100816.0,52974.332,24756.3,383.05,1269.7
28265,262143.0,107668.0,77773.88,33776.52,699.27,1269.8
28266,85348.48,34548.0,69115.234,690.27,482.48,1270.0
28267,164594.08,89196.0,30039.72,10008.05,281.99,1270.0
28268,179697.28,95605.0,45291.402,9790.07,422.17,1270.0
28269,189360.64,96487.0,34748.78,18739.36,283.62,1270.2
28270,183284.64,97589.0,34061.97,14320.94,384.68,1270.4
28271,234663.52,103966.0,49931.26,42476.69,425.43,1270.4
28272,225373.12,102669.0,39511.47,14722.3,339.04,1270.5
28273,193469.92,98339.0,39291.76,16793.11,304.81,1270.6
28274,262143.0,82143.0,135152.8,40853.95,927.47,1270.6
28275,190827.84,102520.0,39904.18,14893.57,283.62,1270.6
28276,188108.48,93918.0,41547.68,12938.67,389.57,1270.6
28277,204907.36,94900.0,64503.05,25839.281,581.91,1270.7
28278,187191.2,97297.0,24709.59,17076.83,220.05,1270.7
28279,192906.56,104333.0,24083.33,11191.37,161.37,1270.8
28280,189580.16,105166.0,20905.32,14066.63,259.17,1270.8
28281,169358.56,92012.0,28055.41,15308.7705,192.34,1270.8
28282,8234.24,7278.0,676.43,1038.0,14.67,1270.9
28283,210750.4,94513.0,48839.63,24716.51,299.92,1270.9
28284,262143.0,123692.0,46715.19,28200.73,537.9,1271.0
28285,22956.64,11372.0,26806.35,51.9,141.81,1271.1
28286,227952.48,101037.0,65776.33,28849.48,410.76,1271.2
28287,84127.68,45263.0,38040.97,430.77002,272.21,1271.3
28288,167338.08,98416.0,35956.32,11943.92,128.77,1271.3
28289,242327.69,111004.0,45298.32,19332.75,332.52,1271.4
28290,80573.92,42717.0,25638.6,209.33,264.06,1271.5
28291,201280.8,98969.0,37497.75,13928.23,326.0,1271.5
28292,105482.72,63817.0,36769.42,14800.15,247.76,1271.5
28293,163000.33,93382.0,19310.26,12263.97,203.75,1271.5
28294,161247.52,89586.0,22515.951,11379.94,285.25,1271.6
28295,262143.0,99171.0,105741.06,57275.11,943.77,1271.6
28296,178650.08,104228.0,17803.43,14767.28,148.33,1271.7
28297,178967.05,97187.0,40608.29,14260.391,326.0,1271.8
28298,224598.08,107645.0,45308.7,4037.82,334.15,1271.8
28299,119542.08,69342.0,36959.72,13948.99,224.94,1271.9
28300,177895.2,92470.0,30306.14,13239.69,314.59,1271.9
28301,193684.95,92638.0,26237.18,10191.43,340.67,1272.0
28302,175941.92,101489.0,36300.59,16665.09,281.99,1272.6
28303,179140.64,99796.0,24072.951,8930.26,156.48,1272.7
28304,189371.84,102063.0,21410.48,4603.5303,231.46,1272.8
28305,143101.28,75856.0,26469.0,14417.82,193.97,1273.1
28306,6759.2,6803.0,276.8,517.27,-35.86,1273.4
28307,68032.164,44977.0,22697.6,10866.13,114.1,1273.6
28308,133232.95,69605.0,43897.02,38390.43,444.99,1273.8
28309,188024.48,96689.0,32373.49,22377.55,281.99,1273.8
28310,133659.69,73703.0,31788.75,18784.34,321.11,1273.9
28311,235444.16,105592.0,39125.68,11096.22,337.41,1274.0
28312,129440.64,70940.0,36172.57,21661.33,312.96,1274.0
28313,198592.8,98684.0,46566.41,20516.07,337.41,1274.0
28314,236216.97,109192.0,40315.92,26033.041,330.88998,1274.1
28315,162799.84,94973.0,27475.86,4010.1401,353.71,1274.1
28316,166087.05,97232.0,32482.48,9250.311,200.49,1274.2
28317,262143.0,113236.0,92276.47,38893.86,647.11,1274.2
28318,221251.52,106206.0,47147.69,48910.56,590.06,1274.3
28319,69481.44,43544.0,29406.541,249.12,216.79,1274.3
28320,189761.6,91308.0,62181.39,7906.1,387.94,1274.4
28321,157038.56,90452.0,25292.6,11840.12,149.96,1274.4
28322,185310.72,103760.0,32152.05,9999.4,304.81,1274.4
28323,114841.44,63169.0,19355.24,18303.4,234.72,1274.5
28324,219190.72,99440.0,50159.62,6262.6,516.71,1274.5
28325,238848.97,103463.0,55482.832,21533.31,415.65,1274.5
28326,224235.2,108771.0,49100.86,16755.05,370.01,1274.5
28327,177875.05,94185.0,21002.201,12905.8,226.56999,1274.6
28328,177829.12,89803.0,51488.26,10454.39,270.58,1274.7
28329,181329.12,85701.0,32761.01,14679.05,435.21,1274.8
28330,165544.95,86812.0,43779.38,20870.72,405.87,1274.8
28331,262143.0,99181.0,44933.29,25834.09,366.75,1274.9
28332,191039.52,101377.0,20991.82,10492.45,210.27,1275.0
28333,166789.28,89092.0,31041.39,12566.72,251.02,1275.0
28334,229374.88,101128.0,34209.02,17000.71,365.12,1275.0
28335,196460.33,100029.0,40506.22,22900.01,293.4,1275.1
28336,164895.36,83037.0,35849.06,11161.96,215.16,1275.1
28337,19801.6,19301.0,2570.78,657.4,-6.52,1275.2
28338,206092.33,107840.0,41554.6,28211.11,371.63998,1275.2
28339,243953.92,109641.0,42132.42,24700.94,283.62,1275.3
28340,24372.32,15905.0,27486.24,8.65,96.17,1275.3
28341,167154.4,84719.0,41054.63,9487.32,264.06,1275.3
28342,155711.36,82564.0,26057.26,11857.42,270.58,1275.4
28343,181862.23,96882.0,24162.91,15845.07,192.34,1275.4
28344,190498.56,101042.0,26014.01,9596.311,296.66,1275.4
28345,5494.72,5840.0,871.92,216.25,29.34,1275.4
28346,187699.69,98100.0,28955.01,14836.48,314.59,1275.5
28347,187370.4,102537.0,28610.74,13720.63,259.17,1275.5
28348,166638.08,97569.0,19862.13,9549.601,223.31,1275.5
28349,250820.64,107138.0,43163.5,23905.14,405.87,1275.5
28350,242824.97,97969.0,64260.85,11864.34,339.04,1275.5
28351,171620.95,79120.0,49756.53,25804.68,417.28,1275.6
28352,211268.95,96852.0,49884.55,11295.17,319.48,1275.7
28353,192866.23,96364.0,40437.02,9800.45,231.46,1275.7
28354,164164.0,98107.0,22576.5,13961.101,99.43,1275.7
28355,184188.48,96537.0,29913.43,11322.851,104.32,1275.7
28356,175860.16,100335.0,31655.541,8169.06,257.54,1275.7
28357,245504.0,108158.0,49071.45,24950.06,405.87,1275.8
28358,262143.0,93449.0,66009.88,31859.68,500.41,1275.8
28359,153018.88,94868.0,17111.43,14068.36,154.85,1275.8
28360,230148.8,105772.0,43689.42,10205.2705,299.92,1275.9
28361,174031.2,34397.0,181956.22,316.59,1004.08,1275.9
28362,193732.0,102069.0,45524.95,16213.561,311.33,1275.9
28363,207310.88,106768.0,46523.16,24995.041,392.83,1275.9
28364,189885.92,95825.0,33113.93,14557.95,304.81,1276.0
28365,198293.77,103285.0,27856.46,13459.4,404.24,1276.0
28366,203460.33,104463.0,45466.13,23886.11,378.16,1276.0
28367,163913.12,90708.0,24079.871,8002.98,187.45,1276.0
28368,208374.88,93295.0,31370.09,15448.9,285.25,1276.1
28369,159900.16,93260.0,20675.23,9194.95,164.63,1276.1
28370,262143.0,98486.0,53988.11,22398.31,492.26,1276.1
28371,170960.16,88015.0,47227.27,7105.11,500.41,1276.1
28372,171339.84,94201.0,33113.93,19170.13,365.12,1276.1
28373,164549.28,85855.0,50939.85,15447.17,461.29,1276.2
28374,199024.0,99533.0,30292.3,19107.85,254.28,1276.2
28375,194281.92,104961.0,21754.75,11487.2,278.73,1276.2
28376,262143.0,124756.0,55923.98,13615.101,459.66,1276.3
28377,227131.52,103225.0,55157.59,18294.75,332.52,1276.3
28378,204617.28,101384.0,38175.91,35596.48,314.59,1276.3
28379,130551.68,71309.0,35042.88,12014.851,275.47,1276.4
28380,251910.4,109922.0,41549.41,23877.46,387.94,1276.4
28381,141220.8,77400.0,31268.02,15447.17,298.29,1276.4
28382,190052.8,106605.0,41452.53,19336.21,317.85,1276.4
28383,116194.4,70156.0,32657.21,26925.72,231.46,1276.5
28384,214724.16,97766.0,57711.07,14900.49,311.33,1276.5
28385,190114.4,101367.0,30050.1,14391.87,272.21,1276.5
28386,203871.36,102146.0,28908.3,11805.5205,255.91,1276.5
28387,262143.0,106281.0,135561.08,77118.21,1176.86,1276.5
28388,183713.6,92070.0,37272.85,5833.56,330.88998,1276.6
28389,147157.92,87952.0,30096.81,10134.34,259.17,1276.7
28390,171683.69,101513.0,27487.97,9392.17,197.23,1276.7
28391,164549.28,95213.0,31584.61,12426.59,259.17,1276.7
28392,230483.69,99524.0,55014.0,21742.64,277.1,1276.8
28393,21296.8,13704.0,1717.89,10.38,50.53,1276.8
28394,169597.12,88961.0,47332.8,6643.2,435.21,1276.8
28395,200667.05,97830.0,46635.61,25386.02,433.58,1276.9
28396,57027.04,33818.0,38085.95,242.2,268.95,1276.9
28397,77934.08,47365.0,34226.32,169.54001,280.36,1276.9
28398,176519.84,96691.0,33615.63,9809.101,224.94,1276.9
28399,210920.64,106194.0,39552.992,11722.48,298.29,1276.9
28400,192992.8,103822.0,32544.76,13980.13,267.32,1277.0
28401,212724.95,105593.0,40758.8,18021.41,277.1,1277.1
28402,199870.72,100761.0,30607.16,25903.291,361.86,1277.2
28403,213158.4,107853.0,55214.68,24514.1,360.23,1277.2
28404,262143.0,105184.0,100220.63,43428.19,640.59,1277.2
28405,115968.164,68238.0,40526.98,16267.19,324.37,1277.3
28406,199034.08,104612.0,36537.6,25806.41,257.54,1277.3
28407,56273.28,42192.0,19773.9,231.82,164.63,1277.4
28408,225414.56,97918.0,44457.54,23564.33,215.16,1277.4
28409,159824.0,90495.0,21244.4,8523.71,123.88,1277.5
28410,187129.6,93336.0,32323.32,16938.43,268.95,1277.6
28411,189495.05,88420.0,35593.02,15175.561,268.95,1277.6
28412,167398.56,96788.0,22311.81,11881.64,105.95,1277.8
28413,220323.05,106542.0,41082.31,13997.43,353.71,1277.9
28414,158354.56,87705.0,23636.99,10928.41,185.81999,1278.0
28415,192921.12,103862.0,22355.06,10371.351,185.81999,1278.0
28416,128915.36,71851.0,36243.5,34672.66,383.05,1278.1
28417,176807.69,100143.0,25192.26,7895.72,110.84,1278.1
28418,192769.92,102033.0,37158.67,4639.86,166.26,1278.2
28419,171396.95,86024.0,24856.64,19372.541,203.75,1278.2
28420,164939.05,95601.0,25929.24,20676.96,218.42,1278.3
28421,160222.72,90033.0,27313.24,13658.351,207.01,1278.3
28422,183910.72,99893.0,29494.77,9200.14,159.74,1278.3
28423,241296.16,104025.0,46824.18,30489.52,479.22,1278.4
28424,210612.64,105506.0,46343.242,10009.78,255.91,1278.5
28425,156378.88,90860.0,24716.51,10452.66,185.81999,1278.5
28426,188969.77,101753.0,27041.63,19177.05,133.66,1278.6
28427,146845.44,74892.0,77763.5,9596.311,506.93,1278.6
28428,253967.84,108460.0,43185.992,19145.91,308.07,1278.6
28429,21089.6,5652.0,38598.03,65.74,169.52,1278.7
28430,164000.48,83101.0,132237.73,1043.1901,958.44,1278.7
28431,15345.12,7811.0,19481.53,24.220001,89.65,1278.8
28432,220337.6,104013.0,68677.54,18483.32,485.74,1278.8
28433,225467.2,102593.0,40407.61,10042.65,314.59,1278.8
28434,195935.05,99211.0,38101.52,9463.101,195.6,1279.0
28435,218414.56,100596.0,41810.64,11411.08,267.32,1279.0
28436,172475.52,84685.0,68957.8,6482.31,519.97,1279.0
28437,192190.88,98785.0,36999.51,13651.43,211.9,1279.1
28438,188463.52,92733.0,42123.77,14473.18,391.2,1279.1
28439,91456.96,38254.0,39014.96,84.770004,431.95,1279.2
28440,164424.95,102990.0,28645.34,13698.141,275.47,1279.2
28441,213592.95,101948.0,37483.91,27699.031,311.33,1279.2
28442,177632.0,91540.0,36660.43,8970.05,358.6,1279.3
28443,164843.84,88560.0,31852.76,16144.36,251.02,1279.4
28444,201942.72,101681.0,34741.86,19773.9,309.7,1279.4
28445,156242.23,86177.0,22382.74,8352.44,169.52,1279.5
28446,182545.44,91151.0,54193.98,35447.7,466.18,1279.5
28447,228816.0,103703.0,37253.82,20708.1,400.98,1279.5
28448,177468.48,98404.0,33517.02,11381.67,149.96,1279.5
28449,195078.23,103203.0,45950.53,7999.52,317.85,1279.6
28450,222510.4,101213.0,50292.832,18123.48,356.97,1279.7
28451,262143.0,99637.0,52925.89,18258.42,405.87,1279.7
28452,212924.33,108187.0,30807.84,18379.52,251.02,1279.7
28453,199054.23,102169.0,36987.402,24382.621,262.43,1279.7
28454,208785.92,98516.0,60534.43,7354.23,317.85,1279.8
28455,182599.2,96529.0,36878.41,9549.601,242.87,1279.8
28456,172185.44,83069.0,37224.41,28477.531,342.3,1279.8
28457,208410.72,99853.0,49574.88,24915.46,306.44,1279.9
28458,189705.6,91589.0,45127.05,24245.951,420.54,1279.9
28459,196374.08,100935.0,38373.13,16819.06,247.76,1279.9
28460,35119.84,30555.0,2117.52,3394.26,-30.97,1279.9
28461,180722.08,94052.0,29610.68,10101.47,244.5,1280.0
28462,170113.44,91168.0,33869.94,25700.88,373.27,1280.0
28463,203387.52,100758.0,38163.8,8675.95,456.4,1280.0
28464,157413.77,89417.0,26725.041,11054.7,241.24,1280.0
28465,209916.0,97441.0,44016.39,16791.38,363.49,1280.0
28466,262143.0,100661.0,54330.652,37912.95,443.36,1280.1
28467,180192.33,97727.0,37912.95,18227.28,138.55,1280.1
28468,197207.36,93565.0,30117.57,17780.94,286.88,1280.1
28469,193814.88,99919.0,47327.61,20804.98,430.32,1280.1
28470,173635.84,96641.0,34551.56,15531.94,257.54,1280.1
28471,147964.33,80755.0,34333.582,13260.45,293.4,1280.1
28472,172460.95,96444.0,28456.77,9094.61,143.44,1280.2
28473,193172.0,103985.0,29512.07,20438.22,319.48,1280.2
28474,231478.23,112820.0,52996.82,15417.76,363.49,1280.2
28475,246832.33,106160.0,58913.42,54704.332,469.44,1280.2
28476,64869.28,42209.0,25950.0,167.81,251.02,1280.3
28477,219068.64,108063.0,59415.12,26619.51,495.52,1280.4
28478,184698.08,90448.0,47535.21,23957.041,396.09,1280.4
28479,262143.0,116709.0,161625.25,41485.402,1281.18,1280.4
28480,170881.77,92936.0,32814.64,8724.39,322.74,1280.4
28481,174543.05,92364.0,37684.59,13073.61,146.7,1280.4
28482,175218.4,87681.0,24126.58,14805.34,234.72,1280.4
28483,262143.0,129241.0,170821.94,87347.7,1206.2,1280.4
28484,120962.24,73457.0,29721.4,11265.76,202.12,1280.5
28485,164301.77,91568.0,29730.05,10646.42,272.21,1280.6
28486,262143.0,114457.0,137932.9,60920.22,978.0,1280.6
28487,213948.0,94481.0,46251.55,28091.74,352.08,1280.6
28488,128217.6,68005.0,51706.242,311.4,268.95,1280.6
28489,179161.92,37189.0,254592.0,449.80002,2073.36,1280.6
28490,26704.16,8281.0,64793.69,133.21,438.47,1280.6
28491,224952.0,108471.0,35584.37,11078.92,177.67,1280.7
28492,49546.56,14114.0,159052.73,264.69,1535.46,1280.7
28493,195756.95,100704.0,20498.77,14988.72,251.02,1280.8
28494,147107.52,87832.0,20375.94,11824.55,146.7,1280.9
28495,229436.48,107657.0,60607.09,9627.45,337.41,1280.9
28496,167077.12,96316.0,30880.5,12916.18,389.57,1281.0
28497,128134.72,78173.0,16537.07,23379.22,158.11,1281.0
28498,33984.16,26789.0,1453.2001,1932.41,4.89,1281.0
28499,14997.92,6482.0,19318.91,204.14,167.89,1281.1
28500,151807.05,91422.0,27749.201,10767.5205,190.71,1281.1
28501,202406.4,106022.0,23209.68,10123.96,268.95,1281.1
28502,188128.64,95804.0,28678.21,14810.53,208.64,1281.1
28503,193777.92,95775.0,36112.02,14028.57,308.07,1281.2
28504,191013.77,101244.0,28204.19,16194.53,268.95,1281.2
28505,214880.95,98885.0,51451.93,19623.39,356.97,1281.3
28506,257008.64,114609.0,51827.34,16943.621,391.2,1281.3
28507,185907.69,90224.0,35108.62,18877.76,270.58,1281.4
28508,131995.36,69087.0,32484.21,18253.23,353.71,1281.4
28509,186571.84,90882.0,40987.16,19529.97,220.05,1281.5
28510,96957.28,61368.0,21754.75,15490.42,122.25,1281.5
28511,189777.28,96068.0,32754.09,11208.67,216.79,1281.5
28512,142396.8,64603.0,40411.07,21432.97,360.23,1281.5
28513,219881.77,105119.0,34786.84,18813.75,299.92,1281.6
28514,95733.12,33397.0,16881.34,14151.4,231.46,1281.6
28515,231057.12,105573.0,43692.88,23912.06,402.61,1281.7
28516,250352.48,104856.0,56536.402,20443.41,414.02,1281.8
28517,202237.28,102122.0,47478.12,18254.96,326.0,1281.8
28518,215896.8,95082.0,50303.21,19170.13,414.02,1281.8
28519,157155.05,85189.0,34766.082,8579.07,187.45,1281.8
28520,187871.05,96248.0,34362.992,14737.87,273.84,1281.9
28521,200975.05,98536.0,25282.22,13762.15,221.68,1281.9
28522,167054.72,100296.0,18652.86,11817.63,176.04,1281.9
28523,198507.69,102786.0,24526.21,22054.041,252.65,1281.9
28524,215910.23,103171.0,41544.22,21367.23,265.69,1282.0
28525,137371.36,81144.0,31181.52,9855.811,198.86,1282.0
28526,134480.64,76477.0,31487.73,25797.76,270.58,1282.0
28527,195220.48,104097.0,39528.77,7432.08,400.98,1282.0
28528,238213.92,110191.0,39208.72,22249.53,342.3,1282.0
28529,247965.77,101312.0,69936.984,41284.72,378.16,1282.0
28530,219587.2,104759.0,45552.63,11997.55,347.19,1282.1
28531,158307.52,93782.0,12689.55,8726.12,57.05,1282.1
28532,216957.44,108100.0,49635.43,10705.24,422.17,1282.1
28533,251239.52,104356.0,56467.2,33247.14,449.88,1282.1
28534,184559.2,99836.0,30219.64,13909.2,198.86,1282.2
28535,185254.72,97512.0,33392.46,15123.66,171.15,1282.2
28536,186884.33,97063.0,24763.22,12293.38,211.9,1282.2
28537,208791.52,101033.0,45345.03,18073.31,277.1,1282.2
28538,184359.84,97028.0,30709.23,23226.98,251.02,1282.2
28539,138066.88,61345.0,73201.49,738.71,580.27997,1282.2
28540,162397.77,87613.0,25685.31,17047.42,241.24,1282.3
28541,174454.56,93967.0,34475.44,20109.52,332.52,1282.4
28542,163070.88,84596.0,24884.32,13139.351,179.3,1282.4
28543,225459.36,102597.0,47097.52,24861.83,423.8,1282.4
28544,148610.56,90273.0,17225.61,8461.43,145.06999,1282.4
28545,247229.92,107924.0,44545.77,17009.36,552.57,1282.5
28546,238105.28,107260.0,37816.07,18118.291,231.46,1282.5
28547,239516.48,105128.0,40943.91,16241.24,327.63,1282.5
28548,217962.08,100942.0,34345.69,10987.23,210.27,1282.7
28549,191040.64,98207.0,37556.57,17651.19,211.9,1282.7
28550,234064.33,107877.0,51367.16,18180.57,210.27,1282.7
28551,122586.24,21417.0,177425.34,745.63,914.43,1282.7
28552,145420.8,77333.0,34503.12,16774.08,280.36,1282.7
28553,257815.05,90336.0,64710.652,12411.0205,427.06,1282.8
28554,168567.84,92095.0,41096.152,15052.73,228.2,1282.8
28555,135237.77,92465.0,17521.44,11738.05,102.69,1282.9
28556,182538.72,92881.0,34046.4,21495.25,293.4,1282.9
28557,21614.88,16328.0,6447.71,67.47,48.9,1282.9
28558,199046.4,99882.0,37959.66,19856.94,316.22,1282.9
28559,173838.56,96319.0,25655.9,19811.96,233.09,1283.0
28560,141561.28,83829.0,28100.39,6945.95,239.61,1283.0
28561,164959.2,74928.0,54046.93,23137.02,449.88,1283.0
28562,137325.44,81416.0,16938.43,6691.64,102.69,1283.0
28563,207718.56,104104.0,32707.38,18455.64,224.94,1283.0
28564,117051.2,63641.0,32530.92,14713.65,192.34,1283.0
28565,182435.69,97341.0,33831.88,15689.37,272.21,1283.1
28566,205399.05,105333.0,26920.531,19538.621,259.17,1283.1
28567,178049.77,103802.0,30415.13,15236.11,226.56999,1283.1
28568,211588.16,99825.0,39568.56,19424.44,378.16,1283.2
28569,221515.84,93288.0,60207.46,20156.23,456.4,1283.2
28570,177966.88,94353.0,36113.75,24484.69,412.38998,1283.2
28571,184819.05,91806.0,49749.61,24097.17,443.36,1283.2
28572,10539.2,9921.0,65809.2,12.110001,233.09,1283.3
28573,191595.05,104022.0,35537.66,22657.81,246.13,1283.3
28574,192028.48,97917.0,33508.37,11334.96,371.63998,1283.3
28575,188145.44,95983.0,41838.32,18187.49,423.8,1283.3
28576,178308.48,99898.0,24344.56,21678.63,189.08,1283.4
28577,205765.28,105209.0,36200.25,13869.41,244.5,1283.4
28578,168397.6,80328.0,44609.78,23688.89,334.15,1283.4
28579,208140.8,97248.0,43677.31,11270.95,423.8,1283.4
28580,168407.69,93677.0,29470.55,14251.74,236.35,1283.4
28581,167056.95,80165.0,46768.82,22969.21,334.15,1283.4
28582,203730.23,103223.0,34150.2,23076.47,322.74,1283.5
28583,171330.88,91260.0,43002.61,24669.8,345.56,1283.5
28584,241084.48,108944.0,50424.312,27436.07,497.15,1283.5
28585,262143.0,86973.0,84948.19,24574.65,725.35,1283.5
28586,186142.88,89404.0,41955.96,5108.69,249.39,1283.6
28587,144850.72,84209.0,29792.33,13322.73,234.72,1283.7
28588,203346.08,96661.0,49415.72,16566.48,444.99,1283.7
28589,150227.84,92261.0,15858.91,12020.04,136.92,1283.8
28590,219470.72,106200.0,25128.25,20322.31,332.52,1283.8
28591,195538.56,102569.0,27730.17,18279.18,277.1,1283.8
28592,160623.69,92412.0,24460.47,8470.08,154.85,1283.9
28593,124778.08,75837.0,24349.75,11167.15,193.97,1283.9
28594,196058.23,100368.0,39885.152,11644.63,366.75,1283.9
28595,262143.0,117285.0,73843.32,25690.5,687.86,1284.0
28596,127701.28,50891.0,26621.24,20600.84,384.68,1284.0
28597,215792.64,109612.0,32913.25,15941.95,373.27,1284.0
28598,196444.64,96819.0,31364.9,16102.84,192.34,1284.0
28599,172014.08,94520.0,42115.12,11952.57,264.06,1284.0
28600,262143.0,107000.0,59728.25,30107.19,498.78,1284.1
28601,262143.0,94049.0,77901.9,22616.291,560.72,1284.1
28602,150129.28,68234.0,38764.11,44526.742,446.62,1284.1
28603,214641.28,104665.0,43499.12,20998.74,334.15,1284.1
28604,186893.28,91677.0,39916.29,12841.79,356.97,1284.1
28605,175668.64,96401.0,32056.9,20327.5,262.43,1284.2
28606,262143.0,85845.0,105647.64,51192.43,872.05,1284.2
28607,193786.88,100953.0,35657.03,14474.91,211.9,1284.3
28608,262143.0,105705.0,135997.03,72519.87,762.84,1284.3
28609,178787.84,95253.0,30513.74,22317.0,257.54,1284.3
28610,217742.56,99683.0,56532.94,26005.36,327.63,1284.4
28611,98225.12,57477.0,32934.01,484.4,334.15,1284.4
28612,146961.92,81689.0,24434.52,17154.68,130.4,1284.4
28613,186512.48,98273.0,25697.42,16673.74,171.15,1284.4
28614,262143.0,100107.0,88819.93,42232.76,581.91,1284.4
28615,238901.6,111198.0,50950.23,27427.42,366.75,1284.4
28616,170443.84,91650.0,41556.332,5181.35,257.54,1284.4
28617,179259.36,95343.0,40167.14,9267.61,252.65,1284.5
28618,211323.84,93417.0,41855.62,17002.44,317.85,1284.5
28619,197015.84,105883.0,72980.055,12762.21,392.83,1284.6
28620,50914.082,31816.0,15464.47,159.16,159.74,1284.6
28621,199740.8,91180.0,44251.67,20048.97,296.66,1284.6
28622,183529.92,94860.0,28541.541,8051.42,216.79,1284.7
28623,262143.0,104944.0,148155.47,62645.03,1056.24,1284.7
28624,149892.95,88574.0,28500.02,9137.86,148.33,1284.7
28625,183556.8,89152.0,45135.7,24562.541,363.49,1284.7
28626,111964.164,67592.0,26609.13,6920.0,187.45,1284.7
28627,262143.0,103261.0,56865.1,24372.24,466.18,1284.8
28628,182333.77,89832.0,39340.2,17230.8,415.65,1284.8
28629,184317.28,97098.0,37414.71,17350.17,337.41,1285.0
28630,177093.28,84345.0,50535.03,22671.65,458.03,1285.0
28631,45953.6,25060.0,32662.4,228.36,239.61,1285.1
28632,191233.28,103877.0,40073.72,12644.57,343.93,1285.1
28633,120386.56,40732.0,42327.91,6189.94,301.55,1285.1
28634,212816.8,97200.0,36947.61,20064.541,316.22,1285.3
28635,164581.77,77764.0,36956.26,16803.49,239.61,1285.3
28636,29225.28,27948.0,5982.34,2645.17,21.19,1285.4
28637,142036.16,75213.0,50818.75,16528.42,335.78,1285.5
28638,203544.33,93401.0,54951.72,17106.24,386.31,1285.6
28639,159029.92,89063.0,25787.38,10444.01,182.56,1285.7
28640,184746.23,95945.0,34212.48,15139.23,353.71,1285.7
28641,172665.92,96433.0,26083.21,17033.58,125.51,1285.7
28642,213755.36,100372.0,47735.89,20716.75,254.28,1285.8
28643,178524.64,89510.0,71528.58,14066.63,291.77,1285.8
28644,192628.8,95416.0,40258.832,21581.75,272.21,1285.8
28645,154396.48,87485.0,33196.97,11862.61,298.29,1285.9
28646,181239.52,89612.0,37295.34,18580.201,306.44,1286.0
28647,241799.05,108537.0,65944.14,9919.82,322.74,1286.0
28648,66012.8,39265.0,37741.68,169.54001,469.44,1286.2
28649,209883.52,109593.0,38603.22,18061.201,285.25,1286.2
28650,184861.6,92879.0,27856.46,18301.67,254.28,1286.3
28651,195844.33,97516.0,53479.492,17543.93,407.5,1286.5
28652,9225.44,9393.0,28878.89,44.98,107.58,1286.5
28653,205885.12,107761.0,31333.76,18915.82,306.44,1286.6
28654,262143.0,97125.0,74995.5,34508.31,619.4,1286.7
28655,18753.28,18359.0,1451.47,2321.66,-1.63,1286.8
28656,40551.84,12076.0,64513.43,264.69,381.42,1286.9
28657,9483.04,8778.0,1780.17,802.72003,19.56,1287.1
28658,157579.52,93535.0,15153.07,12751.83,109.21,1287.2
28659,218708.0,103115.0,47770.492,16147.82,358.6,1287.4
28660,192179.69,103772.0,34366.45,9395.63,244.5,1287.4
28661,5410.72,5385.0,515.54,147.05,3.26,1287.4
28662,168407.69,98395.0,24647.31,10886.89,193.97,1287.5
28663,116452.0,74763.0,19595.71,17137.38,267.32,1287.5
28664,160156.64,92869.0,18139.05,16556.1,234.72,1287.6
28665,165855.2,94953.0,23723.49,13997.43,321.11,1287.6
28666,24931.2,7778.0,57802.76,157.43001,242.87,1287.7
28667,206356.64,99557.0,45794.832,10063.41,293.4,1287.7
28668,192613.12,101645.0,36784.992,19671.83,321.11,1287.8
28669,221223.52,105182.0,41163.62,19708.16,303.18,1287.8
28670,187113.92,97568.0,34869.88,9258.96,202.12,1287.9
28671,178504.48,86626.0,33570.65,27252.69,462.92,1287.9
28672,183912.95,92840.0,46417.63,28828.72,966.59,1288.0
28673,120652.0,69552.0,28102.121,34629.41,247.76,1288.0
28674,230931.69,103961.0,41369.492,10495.91,397.72,1288.1
28675,150898.72,81872.0,33416.68,15992.12,291.77,1288.1
28676,170862.72,91167.0,34051.59,20241.0,149.96,1288.1
28677,242314.23,111221.0,60987.69,34357.8,312.96,1288.1
28678,203003.36,100913.0,27093.531,18654.59,104.32,1288.2
28679,165118.23,89881.0,31631.32,5508.32,166.26,1288.3
28680,211674.4,103485.0,38829.85,27436.07,451.51,1288.4
28681,262143.0,111973.0,57780.27,12393.72,438.47,1288.4
28682,189209.44,89455.0,28807.96,21125.03,215.16,1288.5
28683,230592.33,110113.0,53867.01,22934.61,516.71,1288.6
28684,70796.32,40785.0,24846.26,235.28,272.21,1288.7
28685,198694.72,105877.0,29176.451,16173.7705,254.28,1288.7
28686,159321.12,82774.0,44609.78,13449.0205,285.25,1288.7
28687,169752.8,98939.0,31034.47,10568.57,234.72,1288.8
28688,237124.16,100901.0,59754.2,26718.121,577.02,1288.9
28689,146358.23,82508.0,26635.08,19054.22,278.73,1288.9
28690,203703.36,102470.0,19216.84,20311.93,262.43,1288.9
28691,97528.48,63739.0,12284.73,14082.2,128.77,1289.0
28692,223301.12,104254.0,40634.242,17471.27,268.95,1289.0
28693,169100.95,95890.0,22242.61,10963.01,184.19,1289.0
28694,190324.95,99764.0,28404.871,18896.791,203.75,1289.1
28695,216119.69,100234.0,48843.09,18730.71,335.78,1289.2
28696,157076.64,57656.0,44317.41,11443.95,335.78,1289.2
28697,226621.92,79200.0,40665.38,10803.851,286.88,1289.2
28698,202582.23,101721.0,42587.41,13390.2,368.38,1289.3
28699,175054.88,93316.0,21240.94,13410.96,241.24,1289.4
28700,151010.72,81256.0,34971.95,9272.8,469.44,1289.4
28701,71985.76,35022.0,42663.53,162.62,339.04,1289.5
28702,183542.23,103689.0,34138.09,11473.36,236.35,1289.5
28703,196731.36,104918.0,23787.5,16012.88,285.25,1289.6
28704,172092.48,90638.0,36060.12,32048.25,427.06,1289.6
28705,204723.69,99781.0,41952.5,14599.47,337.41,1289.7
28706,192634.4,107267.0,22827.35,19216.84,312.96,1289.8
28707,201667.2,101295.0,37916.41,18042.17,280.36,1289.8
28708,171132.64,97196.0,27238.85,7113.7603,149.96,1289.8
28709,96981.92,59888.0,17948.75,26034.77,200.49,1289.8
28710,185194.23,91597.0,54515.76,6394.08,236.35,1289.8
28711,199448.48,105128.0,61357.91,22104.21,544.42,1289.9
28712,119094.08,74823.0,11398.97,14357.2705,84.76,1289.9
28713,193262.72,84605.0,24164.64,14047.601,236.35,1289.9
28714,167039.05,96392.0,32826.75,15561.351,197.23,1289.9
28715,122002.72,74929.0,19019.621,12615.16,216.79,1289.9
28716,254885.12,112511.0,35748.72,16620.11,275.47,1290.0
28717,197680.0,97800.0,39539.152,18095.8,384.68,1290.1
28718,156194.08,81630.0,41545.95,6407.92,128.77,1290.1
28719,199716.16,97038.0,25121.33,6094.79,123.88,1290.1
28720,163647.69,93645.0,33648.5,10926.68,224.94,1290.2
28721,79562.56,45897.0,28837.371,178.19,259.17,1290.2
28722,171773.28,90955.0,41262.23,18128.67,213.53,1290.2
28723,166501.44,98369.0,23268.5,15535.4,114.1,1290.2
28724,198574.88,98042.0,46673.67,28057.14,449.88,1290.2
28725,262143.0,99533.0,124181.13,24114.47,961.7,1290.3
28726,174204.8,93737.0,30006.85,16870.96,469.44,1290.3
28727,207184.33,104696.0,35364.66,22495.19,337.41,1290.3
28728,164951.36,87208.0,42630.66,8693.25,218.42,1290.3
28729,208813.92,99468.0,55858.242,18825.86,414.02,1290.4
28730,180016.48,91684.0,48730.64,6539.4,365.12,1290.4
28731,167506.08,81601.0,33252.332,24674.99,378.16,1290.4
28732,147898.23,90790.0,27375.52,16934.97,301.55,1290.4
28733,191904.16,103365.0,31589.8,13602.99,221.68,1290.4
28734,191393.44,96052.0,21336.09,3700.47,180.93,1290.4
28735,199412.64,92944.0,38919.81,19675.291,347.19,1290.5
28736,262143.0,100201.0,62293.84,13372.9,625.92,1290.5
28737,169068.48,86407.0,30809.57,13220.66,200.49,1290.5
28738,262143.0,97015.0,51481.34,33383.81,414.02,1290.5
28739,199883.05,89191.0,95906.01,44428.13,881.83,1290.5
28740,175730.23,102319.0,17964.32,16915.94,252.65,1290.6
28741,76151.04,44064.0,42651.42,176.46,303.18,1290.6
28742,229745.6,104336.0,57539.8,26863.44,402.61,1290.7
28743,211692.33,95703.0,63292.05,23105.88,402.61,1290.7
28744,201987.52,102633.0,52401.7,7480.52,425.43,1290.7
28745,186841.77,103008.0,24100.63,2114.06,205.38,1290.7
28746,196857.92,97581.0,39341.93,11653.28,391.2,1290.7
28747,171457.44,93284.0,28192.08,9307.4,252.65,1290.7
28748,262143.0,96161.0,78137.18,39132.6,692.75,1290.7
28749,132133.12,88272.0,15627.09,4461.67,92.909996,1290.8
28750,32598.72,26406.0,1437.63,3309.49,26.08,1290.8
28751,142568.16,78643.0,22500.38,15812.2,309.7,1290.9
28752,48583.36,30951.0,31418.531,1607.17,229.83,1290.9
28753,172910.08,95914.0,29835.58,12348.74,176.04,1290.9
28754,167265.28,91690.0,19350.05,4645.0503,215.16,1290.9
28755,262143.0,108428.0,61944.38,20993.55,418.91,1291.0
28756,114898.56,71549.0,27403.201,6091.33,226.56999,1291.0
28757,217987.84,111261.0,65675.99,20510.88,298.29,1291.0
28758,216004.33,107349.0,30669.44,9475.21,171.15,1291.0
28759,259137.77,115952.0,33845.72,24742.46,99.43,1291.0
28760,249065.6,106650.0,55984.53,24479.5,410.76,1291.1
28761,177013.77,89185.0,38264.14,23000.35,334.15,1291.1
28762,185702.72,97505.0,21310.14,16239.51,135.29,1291.1
28763,198574.88,103920.0,54700.87,20149.31,381.42,1291.1
28764,201957.28,97772.0,25200.91,23337.701,326.0,1291.2
28765,192321.92,102307.0,32286.99,7708.88,252.65,1291.2
28766,134507.52,81057.0,32473.83,19995.34,247.76,1291.2
28767,206512.33,93849.0,36887.06,16099.38,224.94,1291.3
28768,201503.69,93264.0,45737.742,14353.811,399.35,1291.3
28769,162715.84,85590.0,34260.92,9130.94,187.45,1291.4
28770,262143.0,94632.0,57069.242,17704.82,485.74,1291.4
28771,206460.8,97478.0,40136.0,16140.9,252.65,1291.4
28772,175896.0,92969.0,26469.0,29122.82,303.18,1291.5
28773,262143.0,111741.0,76446.97,30562.18,632.44,1291.5
28774,181191.36,98033.0,34959.84,10006.32,277.1,1291.5
28775,216975.36,100040.0,58650.46,26811.541,562.35,1291.5
28776,85882.72,22768.0,262143.0,389.25,1947.85,1291.6
28777,143513.44,79131.0,20438.22,11665.39,176.04,1291.7
28778,193486.72,93793.0,33984.12,14251.74,290.13998,1291.7
28779,10289.44,6861.0,17312.11,354.65,290.13998,1291.7
28780,197043.84,96402.0,43206.75,18915.82,379.79,1291.7
28781,182893.77,97573.0,23995.1,18663.24,435.21,1291.7
28782,176488.48,90996.0,42630.66,15132.311,350.45,1291.7
28783,228718.56,108353.0,43528.53,21221.91,378.16,1291.8
28784,163801.12,89293.0,27524.3,18279.18,275.47,1291.8
28785,197232.0,94268.0,43429.92,21426.05,355.34,1291.8
28786,233228.8,112842.0,39002.85,21618.08,381.42,1291.9
28787,180788.16,92212.0,48995.332,37383.57,314.59,1291.9
28788,262143.0,99527.0,122291.97,46557.76,808.48,1291.9
28789,156457.28,87695.0,28576.14,6335.2603,239.61,1292.0
28790,176445.92,100324.0,28515.59,11027.0205,265.69,1292.0
28791,262143.0,108663.0,221875.97,47659.77,1716.39,1292.1
28792,160375.05,87320.0,31710.9,7663.9,257.54,1292.1
28793,221506.88,89117.0,49270.402,25533.07,414.02,1292.1
28794,234949.12,96052.0,52325.582,16969.57,422.17,1292.1
28795,225769.6,108073.0,56859.91,15627.09,355.34,1292.2
28796,247414.72,106650.0,57027.72,11096.22,431.95,1292.2
28797,161520.8,80473.0,42826.152,8688.061,339.04,1292.2
28798,182708.95,100640.0,50298.02,20464.17,477.59,1292.3
28799,199960.33,106597.0,35056.72,4736.74,334.15,1292.3
28800,189915.05,91313.0,37672.48,16697.96,190.71,1292.3
28801,179574.08,96824.0,26498.41,5617.31,236.35,1292.3
28802,219386.72,108052.0,53425.86,11866.07,366.75,1292.3
28803,262143.0,112353.0,142922.22,59361.492,984.52,1292.4
28804,193874.23,91835.0,42734.46,20623.33,322.74,1292.5
28805,179402.72,88735.0,50735.71,21173.47,352.08,1292.5
28806,203528.64,101619.0,25484.63,15601.141,221.68,1292.5
28807,215005.28,100680.0,36741.742,11066.811,207.01,1292.5
28808,161381.92,88329.0,31397.77,16779.27,234.72,1292.5
28809,179192.16,97880.0,32605.31,12411.0205,267.32,1292.6
28810,205945.6,102269.0,38777.95,19569.76,361.86,1292.6
28811,176674.4,91832.0,49128.54,5489.29,353.71,1292.6
28812,182884.8,97599.0,38454.44,7714.0703,290.13998,1292.6
28813,262143.0,110127.0,39966.46,20071.46,482.48,1292.6
28814,204559.05,97404.0,53420.67,17592.371,361.86,1292.7
28815,262143.0,98231.0,68679.27,41853.89,518.34,1292.7
28816,214500.16,103013.0,30037.99,21514.28,296.66,1292.7
28817,183313.77,97921.0,17263.67,11807.25,195.6,1292.8
28818,262143.0,107335.0,129044.164,44115.0,1039.94,1292.8
28819,61559.68,37320.0,25541.72,114.18,197.23,1292.9
28820,196362.88,100048.0,42634.12,9587.66,298.29,1292.9
28821,175854.56,90029.0,50936.39,16407.32,422.17,1292.9
28822,230705.44,97607.0,95544.44,13718.9,624.29,1292.9
28823,139846.56,75873.0,26335.791,17464.35,223.31,1292.9
28824,199458.56,99560.0,44914.26,14182.54,339.04,1293.0
28825,180438.72,93117.0,36871.492,17306.92,298.29,1293.0
28826,262143.0,99431.0,115814.85,37764.17,855.75,1293.0
28827,221521.44,106220.0,29375.4,11857.42,233.09,1293.1
28828,226093.28,109336.0,43016.45,14211.95,255.91,1293.1
28829,262143.0,109336.0,97570.27,75867.42,769.36,1293.1
28830,141033.77,83268.0,17000.71,16595.89,156.48,1293.2
28831,241498.88,108453.0,60821.61,15248.22,431.95,1293.2
28832,180308.8,92335.0,48277.38,15986.931,296.66,1293.2
28833,148767.36,75964.0,47301.66,23657.75,224.94,1293.2
28834,163088.8,84564.0,33338.832,9731.25,322.74,1293.2
28835,160956.33,87096.0,31124.43,4645.0503,185.81999,1293.2
28836,161952.0,99969.0,28598.63,11191.37,182.56,1293.3
28837,208426.4,100920.0,25050.4,17474.73,154.85,1293.3
28838,262143.0,99740.0,131893.47,43153.12,740.02,1293.3
28839,221805.92,104704.0,43092.57,10469.96,308.07,1293.3
28840,170592.8,96756.0,21823.951,15500.8,237.98,1293.4
28841,228663.69,96840.0,47408.92,12436.97,285.25,1293.4
28842,170686.88,102136.0,18384.71,10296.96,156.48,1293.5
28843,198001.44,96533.0,47914.082,14902.22,373.27,1293.5
28844,195664.0,103821.0,33224.65,10438.82,314.59,1293.5
28845,244406.4,112868.0,75922.78,21360.31,449.88,1293.5
28846,158930.23,89068.0,20668.31,9691.46,239.61,1293.5
28847,224228.48,113882.0,50045.44,15308.7705,350.45,1293.5
28848,163524.48,91982.0,29880.56,13191.25,267.32,1293.6
28849,240350.88,114234.0,58820.0,15832.96,373.27,1293.6
28850,102260.48,62712.0,23988.18,9347.19,88.02,1293.6
28851,168976.64,90504.0,34992.71,11549.48,244.5,1293.6
28852,190391.05,97772.0,36458.02,24031.43,290.13998,1293.7
28853,262143.0,109429.0,154130.89,38771.03,1077.43,1293.7
28854,171886.4,84529.0,35420.02,18466.02,281.99,1293.7
28855,262143.0,99592.0,179707.22,989.56,3263.26,1293.7
28856,176685.6,90004.0,41097.88,18758.39,264.06,1293.8
28857,169725.92,89261.0,23607.58,17505.871,255.91,1293.8
28858,37560.32,19349.0,32357.92,179.92,223.31,1293.9
28859,48796.16,35437.0,22228.77,133.21,228.2,1293.9
28860,184075.36,96371.0,31428.91,14262.12,233.09,1294.5
28861,197934.23,96392.0,38253.76,24104.09,355.34,1294.6
28862,159762.4,86632.0,31238.61,9468.29,251.02,1294.8
28863,21184.8,17241.0,17677.14,119.37,94.54,1294.9
28864,184240.0,93505.0,37724.38,15035.43,205.38,1294.9
28865,224473.77,106471.0,60530.97,24104.09,392.83,1295.0
28866,196271.05,94874.0,34947.73,18619.99,241.24,1295.1
28867,155058.4,91460.0,26647.19,11288.25,198.86,1295.3
28868,142598.4,81601.0,29361.56,7184.69,190.71,1295.3
28869,16560.32,15420.0,3184.93,733.52,3.26,1295.4
28870,171468.64,92383.0,32722.951,19843.1,309.7,1295.5
28871,202190.23,103832.0,32745.44,16127.061,290.13998,1295.5
28872,99532.164,57796.0,25761.43,10357.51,259.17,1295.6
28873,12768.0,5909.0,23742.52,39.79,118.99,1295.6
28874,190417.92,97535.0,25040.02,12615.16,221.68,1295.7
28875,193212.33,96561.0,29214.51,16633.95,215.16,1295.7
28876,229723.2,101701.0,40788.21,34589.62,397.72,1295.8
28877,240932.16,106809.0,54920.582,19626.85,295.03,1295.8
28878,194302.08,99870.0,34698.61,17521.44,262.43,1295.8
28879,211742.72,89177.0,47125.2,17511.06,373.27,1295.9
28880,173238.23,91885.0,34471.98,16528.42,383.05,1295.9
28881,262143.0,105000.0,87467.07,30243.86,880.2,1296.0
28882,249028.64,103892.0,76557.69,8212.311,384.68,1296.0
28883,67546.08,35732.0,17234.26,117.64,249.39,1296.0
28884,261640.97,71959.0,54270.1,18267.07,484.11,1296.1
28885,198586.08,106608.0,34646.71,10312.53,164.63,1296.2
28886,132623.69,75661.0,37193.27,23062.63,392.83,1296.2
28887,152580.95,78663.0,43931.62,27858.19,360.23,1296.2
28888,176417.92,97841.0,20171.8,9613.61,272.21,1296.3
28889,91761.6,58697.0,24830.69,11708.64,109.21,1296.4
28890,183123.36,98961.0,23342.89,11359.18,233.09,1296.4
28891,234263.69,106384.0,47486.77,19491.91,306.44,1296.5
28892,146180.16,86936.0,40437.02,9793.53,241.24,1296.5
28893,132819.69,74564.0,31911.58,27228.47,396.09,1296.6
28894,184660.0,89576.0,64655.29,27413.58,593.32,1296.6
28895,168288.95,101487.0,24524.48,18772.23,303.18,1296.6
28896,226390.08,107301.0,50413.93,18414.121,383.05,1296.8
28897,179232.48,91308.0,34444.3,8637.89,254.28,1296.9
28898,199172.95,103780.0,55719.84,25411.97,319.48,1296.9
28899,88590.88,59964.0,21772.05,8022.0103,109.21,1297.0
28900,161384.16,80993.0,44144.41,11482.01,352.08,1297.1
28901,262143.0,121144.0,247838.08,23462.26,1690.3099,1297.1
28902,163346.4,95604.0,15286.28,13130.7,158.11,1297.1
28903,65327.36,33960.0,51628.39,217.98,391.2,1297.2
28904,169226.4,92656.0,24846.26,14224.061,239.61,1297.2
28905,198738.4,105899.0,29048.43,9495.97,220.05,1297.3
28906,217864.64,112891.0,52315.2,22265.1,358.6,1297.4
28907,151100.33,93411.0,32011.92,9297.0205,195.6,1297.4
28908,211676.64,105015.0,38125.742,14992.18,257.54,1297.5
28909,42879.2,24144.0,24533.13,214.52,246.13,1297.5
28910,192143.84,104248.0,28652.26,16177.23,149.96,1297.6
28911,161079.52,94656.0,26121.27,9688.0,193.97,1297.6
28912,207557.28,101129.0,33440.9,9373.14,376.53,1297.7
28913,237226.08,115485.0,54387.742,16630.49,360.23,1297.7
28914,175189.28,95031.0,36598.152,10969.93,296.66,1297.8
28915,224217.28,104865.0,37447.582,22701.06,326.0,1297.8
28916,250187.84,98538.0,112197.42,17537.01,629.18,1297.9
28917,178129.28,87725.0,37338.59,26844.41,356.97,1297.9
28918,262143.0,109825.0,58236.992,25020.99,542.79,1297.9
28919,172689.44,92243.0,24038.35,18121.75,193.97,1298.1
28920,171847.2,97112.0,30802.65,12436.97,335.78,1298.1
28921,189518.56,104049.0,35328.332,12955.97,202.12,1298.2
28922,208129.6,98971.0,39295.22,16381.37,326.0,1298.4
28923,225535.52,102121.0,43798.41,17095.86,239.61,1298.4
28924,168912.8,99231.0,22230.5,9904.25,216.79,1298.5
28925,133369.6,86931.0,25604.0,10675.83,153.22,1298.5
28926,190360.8,97405.0,32570.71,11136.01,197.23,1298.6
28927,244026.72,106949.0,49047.23,26678.33,376.53,1298.6
28928,159536.16,91212.0,16805.22,11847.04,167.89,1298.6
28929,182487.2,96062.0,30828.6,9532.3,273.84,1298.7
28930,76656.164,48208.0,28320.1,140.13,249.39,1298.7
28931,176350.72,85953.0,40317.652,9923.28,166.26,1298.8
28932,143402.56,78501.0,50358.57,25112.68,490.63,1298.8
28933,155174.88,85480.0,34449.492,14184.2705,278.73,1298.8
28934,155383.2,87091.0,21671.71,15526.75,290.13998,1298.9
28935,182880.33,89645.0,27223.281,16370.99,241.24,1298.9
28936,190692.33,97940.0,41594.39,15161.72,257.54,1298.9
28937,246884.97,108902.0,61394.242,16338.12,330.88998,1298.9
28938,182929.6,98660.0,23825.56,15680.72,268.95,1299.0
28939,203060.48,103465.0,43016.45,6741.81,295.03,1299.0
28940,174317.92,101251.0,30183.31,12516.55,254.28,1299.1
28941,178998.4,96377.0,22263.371,7769.43,242.87,1299.1
28942,151920.16,91909.0,26832.3,18760.121,159.74,1299.2
28943,147146.72,84257.0,31359.71,7240.0503,290.13998,1299.2
28944,170682.4,93611.0,22458.86,15364.13,301.55,1299.3
28945,177571.52,88258.0,35035.96,9928.47,306.44,1299.3
28946,156663.36,79048.0,69116.96,30467.031,572.13,1299.3
28947,184636.48,101628.0,30757.67,5667.48,171.15,1299.4
28948,125255.2,73637.0,17384.77,12277.811,207.01,1299.4
28949,197555.69,91088.0,59314.78,9793.53,326.0,1299.5
28950,159906.88,78362.0,40027.01,24034.89,471.07,1299.5
28951,182960.95,88501.0,34274.76,12878.12,400.98,1299.5
28952,215368.16,100230.0,37329.94,15172.101,264.06,1299.5
28953,183442.56,95600.0,33165.832,11097.95,270.58,1299.6
28954,174623.69,100206.0,43350.34,5482.37,254.28,1299.7
28955,147304.64,86080.0,41179.19,11084.11,281.99,1299.7
28956,203463.69,106123.0,36688.11,17955.67,102.69,1299.7
28957,106945.44,35432.0,55901.492,2441.03,420.54,1299.9
28958,163954.56,93793.0,23067.82,15454.09,166.26,1299.9
28959,193149.6,92625.0,41319.32,18459.1,391.2,1300.0
28960,147855.69,81067.0,33581.03,11997.55,285.25,1300.0
28961,173474.56,98716.0,28688.59,11116.98,312.96,1300.0
28962,187715.36,101535.0,22768.53,8947.561,295.03,1300.0
28963,172437.44,97423.0,35122.46,18542.14,308.07,1300.1
28964,199646.72,100973.0,32977.26,13995.7,371.63998,1300.1
28965,240198.56,106590.0,52714.832,21154.44,475.96,1300.2
28966,154100.8,87884.0,23559.14,10990.69,316.22,1300.2
28967,198562.56,104065.0,33312.88,21185.58,231.46,1300.2
28968,221606.56,107524.0,65027.242,16921.13,389.57,1300.3
28969,178539.2,100171.0,31923.69,11267.49,270.58,1300.3
28970,236183.36,96857.0,57525.96,10487.26,417.28,1300.4
28971,203584.64,100806.0,43120.25,15547.51,218.42,1300.4
28972,184400.16,93308.0,42819.23,20497.041,387.94,1300.4
28973,143584.0,77265.0,32953.04,25614.38,306.44,1300.4
28974,49910.56,34585.0,23235.63,157.43001,259.17,1300.4
28975,189945.28,97647.0,35252.21,15654.7705,373.27,1300.5
28976,188059.2,99732.0,18971.18,14507.78,169.52,1300.6
28977,262143.0,87517.0,57133.25,38637.82,583.54,1300.6
28978,187542.88,99618.0,25116.14,17592.371,187.45,1300.7
28979,211109.92,101296.0,23316.94,15379.7,215.16,1300.8
28980,154478.23,93230.0,23720.03,15935.03,187.45,1300.8
28981,216270.88,103203.0,34634.6,23271.96,402.61,1300.8
28982,210545.44,93544.0,49280.78,26214.69,498.78,1300.9
28983,208507.05,102709.0,56707.67,20175.26,383.05,1300.9
28984,118958.56,72397.0,39393.832,10921.49,246.13,1300.9
28985,165611.05,100789.0,23386.14,10532.24,311.33,1301.0
28986,170268.0,91447.0,35992.652,11810.71,275.47,1301.1
28987,179962.72,97864.0,29494.77,20510.88,218.42,1301.1
28988,259295.69,97737.0,47905.43,31736.85,417.28,1301.1
28989,169130.08,94872.0,34089.65,6004.83,166.26,1301.1
28990,189303.52,101566.0,40746.69,10885.16,252.65,1301.2
28991,162525.44,82036.0,41445.61,12023.5,259.17,1301.2
28992,193765.6,98281.0,53711.312,34183.07,233.09,1301.2
28993,179271.69,91629.0,37598.09,14858.97,158.11,1301.3
28994,186391.52,96057.0,28873.701,18481.59,254.28,1301.3
28995,262143.0,103195.0,59534.492,29911.701,694.38,1301.3
28996,208342.4,104057.0,41777.77,14002.62,314.59,1301.3
28997,181811.84,93628.0,42781.17,20865.53,345.56,1301.3
28998,189377.44,103807.0,37963.12,14192.92,223.31,1301.4
28999,151917.92,81203.0,44339.902,21332.63,389.57,1301.4
29000,240652.16,103980.0,52605.84,13632.4,412.38998,1301.4
29001,191070.88,103655.0,28814.88,18350.11,224.94,1301.4
29002,181251.84,93336.0,35356.01,7150.09,192.34,1301.5
29003,186398.23,96351.0,52386.13,9345.46,167.89,1301.6
29004,199007.2,106699.0,43256.92,28000.05,348.82,1301.6
29005,205862.72,95040.0,39963.0,22711.44,387.94,1301.6
29006,170663.36,84545.0,39271.0,14658.29,317.85,1301.6
29007,235572.97,98389.0,45729.09,6463.2803,332.52,1301.7
29008,165499.05,95321.0,23967.42,11291.71,213.53,1301.7
29009,117976.32,77044.0,22028.09,11400.7,136.92,1301.7
29010,179112.64,102082.0,30968.73,18493.701,78.24,1301.7
29011,262143.0,106649.0,41596.12,38442.332,443.36,1301.7
29012,179911.2,94551.0,29442.871,16872.69,291.77,1301.7
29013,213368.95,106740.0,47805.09,21121.57,407.5,1301.8
29014,231761.6,109445.0,45670.27,14824.37,337.41,1301.8
29015,222230.4,103134.0,33119.12,21768.59,412.38998,1301.8
29016,241668.0,108016.0,50791.07,26261.4,541.16,1301.8
29017,181037.92,101320.0,23444.96,12878.12,138.55,1301.8
29018,187069.12,100393.0,19317.18,13635.86,241.24,1301.9
29019,229881.12,104281.0,42165.29,14801.88,343.93,1301.9
29020,217441.28,104519.0,42715.43,21152.71,373.27,1301.9
29021,164776.64,90303.0,32105.34,16140.9,174.41,1301.9
29022,225405.6,104117.0,40440.48,27986.21,223.31,1302.0
29023,171856.16,94739.0,41071.93,14082.2,327.63,1302.0
29024,187238.23,102277.0,24296.121,14312.29,275.47,1302.0
29025,200870.88,100478.0,23982.99,18917.55,255.91,1302.0
29026,197413.44,106187.0,36528.95,25643.791,311.33,1302.0
29027,153611.36,89513.0,27543.33,11483.74,127.14,1302.1
29028,193999.69,100340.0,27975.83,15204.97,268.95,1302.1
29029,205046.23,100968.0,43831.28,19363.89,252.65,1302.1
29030,216920.48,93004.0,72665.19,31117.51,547.68,1302.1
29031,180741.12,93900.0,27922.201,11561.59,151.59,1302.2
29032,156198.56,87636.0,35309.3,11296.9,246.13,1302.2
29033,262143.0,96848.0,79820.47,42170.48,797.07,1302.2
29034,219164.95,92957.0,62001.47,23922.44,609.62,1302.2
29035,208339.05,97141.0,63134.62,19799.85,368.38,1302.2
29036,236444.33,114856.0,45225.66,22534.98,259.17,1302.2
29037,190304.8,102735.0,18030.06,15286.28,226.56999,1302.3
29038,262143.0,109273.0,133447.02,59193.68,922.58,1302.3
29039,241794.56,114347.0,35252.21,21099.08,286.88,1302.4
29040,216926.08,96553.0,41409.28,19827.53,255.91,1302.4
29041,186926.88,91368.0,39732.91,22706.25,389.57,1302.4
29042,192948.0,87684.0,67037.5,31107.13,661.77997,1302.5
29043,187120.64,96236.0,48640.68,11900.67,355.34,1302.5
29044,137720.8,46265.0,41649.75,19661.451,386.31,1302.5
29045,262143.0,115492.0,84090.11,22509.03,544.42,1302.5
29046,262143.0,96035.0,89115.76,61724.67,723.72,1302.6
29047,205847.05,101135.0,37079.09,26584.91,270.58,1302.6
29048,249690.56,108268.0,40995.81,23424.201,291.77,1302.6
29049,262143.0,110269.0,47917.54,29598.57,559.09,1302.6
29050,246461.6,105619.0,60212.652,35707.2,449.88,1302.7
29051,196786.23,95589.0,38771.03,19106.121,255.91,1302.7
29052,221456.48,104420.0,50372.41,25892.91,428.69,1302.7
29053,217454.72,107019.0,34894.1,12196.5,251.02,1302.7
29054,201007.52,105867.0,27498.35,18867.38,298.29,1302.7
29055,188889.12,96309.0,33195.242,18735.9,306.44,1302.7
29056,168564.48,96820.0,33653.69,9553.061,138.55,1302.7
29057,209586.72,101833.0,53123.11,32520.541,381.42,1302.8
29058,193427.36,94836.0,30984.3,19593.98,278.73,1302.8
29059,262143.0,107074.0,76346.63,30032.8,495.52,1302.8
29060,175344.95,97581.0,26965.51,6262.6,140.18,1302.8
29061,176407.84,91548.0,38023.67,15305.311,339.04,1302.8
29062,262143.0,101877.0,262143.0,59430.69,1908.73,1302.9
29063,146343.69,82356.0,36349.03,6551.5103,272.21,1302.9
29064,173092.64,92890.0,48564.56,18023.14,335.78,1302.9
29065,210024.64,91929.0,52872.26,11892.0205,376.53,1303.0
29066,262143.0,97310.0,140714.73,68051.28,1082.32,1303.0
29067,156677.92,22408.0,262143.0,1826.88,2611.26,1303.0
29068,154003.36,85199.0,24178.48,12943.86,301.55,1303.2
29069,32826.082,9527.0,67611.86,153.97,391.2,1303.3
29070,204743.84,102484.0,37822.992,17248.1,236.35,1303.3
29071,185128.16,95920.0,34212.48,11504.5,314.59,1303.4
29072,51396.8,34568.0,18581.93,131.48,254.28,1303.4
29073,211223.05,106838.0,40719.01,11314.2,262.43,1303.5
29074,257447.69,100120.0,65413.03,20028.21,428.69,1303.6
29075,176920.8,85448.0,47095.79,20057.621,389.57,1303.7
29076,199138.23,98657.0,31435.83,15717.05,229.83,1303.7
29077,205327.36,97177.0,42369.43,12248.4,272.21,1303.8
29078,193123.84,108251.0,22609.371,15090.79,267.32,1303.8
29079,168546.56,91362.0,33245.41,13954.18,247.76,1304.0
29080,154836.64,93113.0,14467.99,9542.68,112.47,1304.0
29081,179820.48,95265.0,24119.66,14824.37,166.26,1304.1
29082,225428.0,101559.0,59641.75,15474.851,462.92,1304.1
29083,172324.33,97357.0,33683.1,18158.08,198.86,1304.2
29084,180131.84,96817.0,25699.15,10485.53,128.77,1304.2
29085,174686.4,88067.0,51550.54,14184.2705,268.95,1304.2
29086,183902.88,99185.0,30294.031,17850.14,259.17,1304.3
29087,195295.52,98692.0,46230.79,22784.1,335.78,1304.3
29088,175785.12,96161.0,23728.68,12435.24,169.52,1304.3
29089,194689.6,100845.0,26517.44,10319.45,221.68,1304.4
29090,188597.92,96485.0,42395.38,18412.39,414.02,1304.4
29091,202959.69,92472.0,62695.2,23758.09,458.03,1304.5
29092,182273.28,96919.0,36060.12,2679.77,207.01,1304.6
29093,157553.77,91615.0,34542.91,7738.29,257.54,1304.6
29094,9413.6,5190.0,13741.391,57.09,96.17,1304.6
29095,238469.28,108757.0,36881.87,27479.32,241.24,1304.6
29096,204794.23,100645.0,30771.51,10855.75,265.69,1304.7
29097,158725.28,89472.0,24394.73,6638.0103,4.89,1304.8
29098,143859.52,79985.0,40938.72,4921.85,255.91,1304.9
29099,172328.8,91693.0,26986.27,14990.45,327.63,1304.9
29100,227420.48,111208.0,28510.4,18441.8,260.8,1305.0
29101,181136.48,94622.0,47773.95,9317.78,159.74,1305.0
29102,115877.44,66776.0,45741.2,371.95,337.41,1305.0
29103,186756.64,99275.0,14426.47,20728.86,224.94,1305.0
29104,194551.84,95276.0,49868.98,6447.71,493.88998,1305.0
29105,147757.12,78433.0,41782.96,7319.63,391.2,1305.0
29106,192533.6,101444.0,24941.41,12594.4,169.52,1305.2
29107,153510.56,85201.0,30973.92,11501.04,376.53,1305.2
29108,184862.72,97130.0,30743.83,17659.84,260.8,1305.2
29109,216927.2,111356.0,44739.53,29309.66,280.36,1305.3
29110,185989.44,91661.0,30408.21,10881.7,314.59,1305.4
29111,230171.2,107715.0,48341.39,3624.35,304.81,1305.5
29112,226343.05,106356.0,49770.37,17590.64,441.73,1305.6
29113,156966.88,93248.0,24777.06,13940.34,132.03,1305.6
29114,135841.44,86036.0,27391.09,29813.09,174.41,1305.7
29115,149912.0,85262.0,23384.41,13186.061,272.21,1305.8
29116,175321.44,87344.0,51111.12,13108.21,265.69,1305.9
29117,149447.2,86961.0,19251.44,10271.01,358.6,1305.9
29118,5729.92,5833.0,217.98,333.89,14.67,1306.0
29119,33209.12,20924.0,2897.75,34.6,42.38,1306.3
29120,145854.23,83486.0,18369.14,13127.24,226.56999,1306.3
29121,201686.23,103917.0,33473.77,17834.57,221.68,1306.5
29122,167690.88,100351.0,22976.13,7468.41,19.56,1306.6
29123,23348.64,9069.0,38376.59,57.09,182.56,1306.8
29124,179384.8,101092.0,30804.38,14724.03,133.66,1306.8
29125,227269.28,105482.0,43594.27,10682.75,327.63,1306.9
29126,210358.4,96649.0,36579.12,10402.49,343.93,1306.9
29127,103716.48,62628.0,31494.65,36272.91,198.86,1306.9
29128,42095.2,13287.0,68310.78,129.75,399.35,1307.1
29129,195254.08,102581.0,30377.07,18016.22,205.38,1307.1
29130,185727.36,94001.0,26588.371,24889.51,198.86,1307.2
29131,196076.16,105091.0,20367.291,15755.11,228.2,1307.2
29132,205917.6,106204.0,23419.01,15246.49,200.49,1307.3
29133,262143.0,97029.0,55403.25,26799.43,510.19,1307.3
29134,223031.2,110786.0,44711.85,18464.291,239.61,1307.4
29135,246146.88,109641.0,52147.39,39990.68,638.96,1307.5
29136,98865.76,59416.0,32226.44,6243.5703,352.08,1307.5
29137,169737.12,98345.0,33067.22,12350.47,182.56,1307.5
29138,167741.28,93319.0,20631.98,5011.81,202.12,1307.5
29139,195493.77,96600.0,38582.46,14587.36,247.76,1307.5
29140,165044.33,95136.0,27657.51,15727.43,167.89,1307.5
29141,183681.12,90750.0,50550.6,17232.53,353.71,1307.6
29142,149091.05,85071.0,18412.39,15416.03,244.5,1307.6
29143,206652.33,82637.0,45050.93,21216.72,370.01,1307.6
29144,51360.96,21349.0,34926.97,2293.98,254.28,1307.6
29145,222761.28,113349.0,49388.04,29645.281,438.47,1307.7
29146,231041.44,103472.0,41642.832,17526.63,451.51,1307.7
29147,181013.28,99993.0,31652.08,10623.93,322.74,1307.7
29148,148812.16,87609.0,21509.09,8399.15,211.9,1307.7
29149,12482.4,8776.0,19950.36,8.65,55.42,1307.7
29150,223476.97,101181.0,34610.38,32406.361,461.29,1307.9
29151,113708.0,66220.0,40750.152,16995.52,427.06,1307.9
29152,194549.6,98285.0,33029.16,13064.96,404.24,1307.9
29153,204235.36,104146.0,37888.73,14786.311,226.56999,1307.9
29154,136409.28,72273.0,30840.71,8611.94,193.97,1307.9
29155,255597.44,105142.0,45080.34,31653.81,407.5,1307.9
29156,169727.05,95042.0,28972.31,18924.47,220.05,1308.0
29157,188282.08,86874.0,61082.84,72530.25,560.72,1308.0
29158,234821.44,103803.0,60280.12,8516.79,381.42,1308.0
29159,180663.84,90675.0,26361.74,12056.37,259.17,1308.0
29160,204042.72,103868.0,32923.63,14905.68,202.12,1308.0
29161,74623.36,41077.0,48993.6,397.9,583.54,1308.0
29162,172548.33,91648.0,29105.52,3337.17,193.97,1308.0
29163,183905.12,101832.0,32755.82,15684.18,234.72,1308.1
29164,262143.0,98860.0,80500.36,22688.951,570.5,1308.1
29165,139095.05,84196.0,28572.68,10783.09,218.42,1308.1
29166,176798.72,100693.0,36864.57,15227.46,283.62,1308.1
29167,173172.16,94265.0,33324.992,16291.41,262.43,1308.1
29168,187463.36,98113.0,23284.07,9495.97,88.02,1308.1
29169,151945.92,86509.0,31968.67,8179.44,163.0,1308.2
29170,201886.72,98021.0,38464.82,11521.8,145.06999,1308.2
29171,178888.64,94931.0,35245.29,24308.23,386.31,1308.2
29172,206767.69,105381.0,42675.64,10938.79,239.61,1308.2
29173,213564.95,94737.0,25472.52,12916.18,213.53,1308.2
29174,151792.48,86568.0,21794.541,7314.44,159.74,1308.2
29175,188117.44,86819.0,48017.88,20196.02,337.41,1308.3
29176,146513.92,86992.0,23963.96,6760.84,79.87,1308.3
29177,165417.28,92554.0,26000.17,12177.47,260.8,1308.3
29178,208257.28,100808.0,33667.53,16135.71,176.04,1308.3
29179,217574.56,102464.0,42561.46,19493.64,244.5,1308.3
29180,230540.8,104120.0,47145.96,18600.96,440.1,1308.4
29181,210772.8,106172.0,33883.78,9210.5205,251.02,1308.4
29182,173454.4,95438.0,34061.97,11767.46,241.24,1308.4
29183,157924.48,88984.0,30761.13,3975.54,127.14,1308.5
29184,209765.92,107459.0,44684.17,26635.08,301.55,1308.5
29185,202815.2,97020.0,42538.97,17256.75,407.5,1308.5
29186,190096.48,92476.0,25097.11,11174.07,368.38,1308.5
29187,217323.69,105408.0,26491.49,14199.84,226.56999,1308.5
29188,225947.69,101645.0,76253.21,33143.34,622.66,1308.6
29189,196629.44,102824.0,30518.93,17443.59,197.23,1308.6
29190,194429.77,100502.0,51069.6,19931.33,278.73,1308.6
29191,151576.33,27876.0,194609.44,384.06,1352.9,1308.6
29192,231435.69,106216.0,32946.12,20510.88,244.5,1308.7
29193,262143.0,112619.0,64029.03,32280.07,405.87,1308.7
29194,184066.4,100774.0,18341.46,16737.75,228.2,1308.8
29195,205102.23,98961.0,27240.58,13443.83,308.07,1308.8
29196,188345.92,98400.0,34217.67,8954.48,254.28,1308.8
29197,193737.6,95137.0,65553.164,7563.56,466.18,1308.9
29198,230308.97,101481.0,49770.37,17581.99,285.25,1308.9
29199,226279.2,102657.0,44516.36,13931.69,330.88998,1308.9
29200,182159.05,84929.0,59129.67,10572.03,378.16,1308.9
29201,179008.48,98286.0,26621.24,12980.19,208.64,1309.0
29202,184129.12,95697.0,44656.492,26548.58,451.51,1309.0
29203,177793.28,93553.0,34619.03,14893.57,249.39,1309.1
29204,262143.0,141749.0,86382.36,40305.54,800.33,1309.1
29205,208467.84,100535.0,29650.47,13132.43,329.26,1309.1
29206,190750.56,94959.0,35368.12,6816.2,378.16,1309.1
29207,155635.2,89052.0,25623.031,12061.561,123.88,1309.2
29208,262143.0,131217.0,52002.07,26069.371,405.87,1309.2
29209,204225.28,104973.0,26600.48,11950.84,177.67,1309.2
29210,183570.23,90941.0,29192.02,16509.39,290.13998,1309.3
29211,205430.4,102961.0,44502.52,23567.791,342.3,1309.3
29212,163877.28,89789.0,37047.95,13525.141,176.04,1309.3
29213,262143.0,107492.0,127305.51,67919.8,979.63,1309.3
29214,262143.0,106960.0,52875.72,33959.9,459.66,1309.4
29215,163763.05,82888.0,35003.09,7714.0703,270.58,1309.4
29216,262143.0,113021.0,71320.984,37836.832,515.08,1309.5
29217,206629.92,102223.0,37651.72,21479.68,290.13998,1309.5
29218,191343.05,94312.0,30107.19,15405.65,242.87,1309.5
29219,47988.64,42802.0,4695.22,2249.0,52.16,1309.5
29220,172902.23,97546.0,33826.69,11212.13,345.56,1309.6
29221,161511.84,89116.0,24450.09,11267.49,254.28,1309.6
29222,262143.0,103856.0,154383.47,69094.47,1444.18,1309.6
29223,189151.2,98556.0,38957.87,18268.8,239.61,1309.6
29224,216998.88,104200.0,45623.56,22490.0,281.99,1309.7
29225,181139.84,100684.0,18798.18,12959.43,112.47,1309.7
29226,147393.12,82062.0,30740.371,8400.88,117.36,1309.9
29227,187122.88,101588.0,36330.0,11206.94,128.77,1309.9
29228,224483.84,103559.0,44589.02,27894.52,353.71,1309.9
29229,225982.4,101665.0,42068.41,19865.59,247.76,1310.0
29230,124320.0,71221.0,33312.88,21275.541,200.49,1310.1
29231,11491.2,5806.0,27318.43,55.36,221.68,1310.1
29232,203507.36,106097.0,31852.76,18237.66,288.51,1310.2
29233,191899.69,93604.0,39075.51,18564.63,394.46,1310.2
29234,262143.0,93745.0,128822.72,62020.5,1131.22,1310.2
29235,175734.72,92074.0,40542.55,15762.03,272.21,1310.3
29236,233804.48,104316.0,52617.95,20388.05,330.88998,1310.4
29237,68404.0,44461.0,29508.61,223.17,233.09,1310.5
29238,173996.48,93989.0,21751.291,10530.51,154.85,1310.5
29239,183880.48,98531.0,24683.64,21808.38,213.53,1310.6
29240,223308.97,107130.0,47351.832,29866.72,358.6,1310.6
29241,241075.52,105857.0,51431.17,22704.52,471.07,1310.7
29242,262143.0,97520.0,57190.34,26449.97,513.45,1310.7
29243,139447.84,77151.0,29733.51,18741.09,268.95,1311.0
29244,201356.95,104700.0,27077.96,22073.07,185.81999,1311.0
29245,169691.2,97812.0,36622.37,14320.94,202.12,1311.0
29246,20746.88,6363.0,33347.48,133.21,210.27,1311.1
29247,173396.16,105721.0,30582.94,13104.75,180.93,1311.1
29248,96574.24,59980.0,42691.21,280.26,321.11,1311.1
29249,161605.92,97508.0,19042.11,10783.09,109.21,1311.1
29250,163182.88,96375.0,21900.07,12819.3,296.66,1311.2
29251,227113.6,99633.0,47199.59,16369.26,308.07,1311.2
29252,201355.84,92300.0,75988.52,9611.88,686.23,1311.2
29253,184954.56,99972.0,33738.46,10675.83,234.72,1311.2
29254,164883.05,89117.0,40161.95,11284.79,272.21,1311.3
29255,230363.84,110912.0,53124.84,24209.621,505.3,1311.3
29256,168446.88,83059.0,29588.19,9992.48,223.31,1311.4
29257,262143.0,116217.0,77882.87,56778.6,652.0,1311.4
29258,172027.52,99292.0,21138.871,13426.53,158.11,1311.4
29259,163620.8,89768.0,31506.76,18163.27,211.9,1311.5
29260,181575.52,90084.0,46466.07,20033.4,402.61,1311.6
29261,224194.88,105661.0,48495.36,16941.89,330.88998,1311.6
29262,204188.33,104624.0,48090.54,18825.86,370.01,1311.6
29263,173115.05,89149.0,47002.37,19926.14,392.83,1311.8
29264,262143.0,109372.0,71686.01,45469.59,720.46,1311.8
29265,156303.84,86505.0,15559.62,9404.28,133.66,1311.9
29266,195734.56,100192.0,38241.652,15653.04,311.33,1311.9
29267,195126.4,98912.0,42478.42,25098.84,446.62,1312.1
29268,224919.52,102537.0,65355.94,23259.85,480.85,1312.1
29269,8861.44,5147.0,12800.2705,88.23,132.03,1312.2
29270,135970.23,78219.0,28745.68,18962.53,281.99,1312.2
29271,175528.64,99889.0,30318.25,16758.51,262.43,1312.2
29272,220234.56,108053.0,25693.96,18305.13,306.44,1312.3
29273,193660.33,90821.0,32639.91,16170.311,171.15,1312.3
29274,168551.05,90656.0,36246.96,13743.12,332.52,1312.4
29275,166916.95,92736.0,28404.871,7556.64,66.83,1312.4
29276,181752.48,94784.0,40030.47,18974.64,355.34,1312.4
29277,236635.84,105328.0,36944.152,22413.88,268.95,1312.5
29278,151252.64,86722.0,38430.22,8407.8,164.63,1312.6
29279,120658.72,70654.0,30544.88,5406.25,203.75,1312.6
29280,176171.52,98552.0,33963.36,13616.83,304.81,1312.6
29281,202582.23,101843.0,43616.76,17490.3,252.65,1312.7
29282,133519.69,63789.0,32094.96,19571.49,314.59,1312.7
29283,170561.44,88297.0,33577.57,23040.14,202.12,1312.7
29284,147175.84,80868.0,22771.99,12859.09,366.75,1312.8
29285,14629.44,10164.0,19645.88,8.65,136.92,1312.8
29286,183224.16,100344.0,38852.34,9456.18,169.52,1312.8
29287,214851.84,97977.0,43326.12,26027.85,405.87,1312.9
29288,262143.0,99383.0,79737.43,31657.27,669.93,1312.9
29289,240405.77,102566.0,44893.5,18836.24,326.0,1313.0
29290,148973.44,88810.0,26010.55,11613.49,213.53,1313.1
29291,168049.28,92478.0,27171.38,3612.24,257.54,1313.1
29292,105660.8,62532.0,28897.92,13999.16,353.71,1313.2
29293,40510.4,8990.0,77239.31,224.90001,316.22,1313.2
29294,177191.84,93693.0,28491.371,11440.49,187.45,1313.2
29295,162930.88,97189.0,21590.4,7423.43,45.64,1313.2
29296,156773.12,87077.0,33695.21,12729.34,283.62,1313.4
29297,175810.88,96694.0,23848.05,9861.0,190.71,1313.5
29298,22700.16,16853.0,6188.21,-13.84,-30.97,1313.5
29299,66915.52,15165.0,144217.98,387.52002,632.44,1313.6
29300,22932.0,18350.0,5385.49,27.68,-35.86,1313.8
29301,193943.69,101717.0,30409.94,15161.72,298.29,1313.8
29302,213950.23,105997.0,30707.5,20336.15,255.91,1313.9
29303,82939.36,50516.0,34861.23,18943.5,370.01,1313.9
29304,94043.04,59599.0,13999.16,7113.7603,104.32,1313.9
29305,192003.84,97501.0,27214.63,11473.36,215.16,1314.0
29306,156651.05,96253.0,17827.65,20997.01,122.25,1314.0
29307,18023.041,15668.0,1484.34,1036.27,29.34,1314.1
29308,184224.33,87557.0,22837.73,17730.77,275.47,1314.1
29309,214823.84,108785.0,48445.19,19367.35,451.51,1314.2
29310,161484.95,89469.0,33639.85,16208.37,347.19,1314.2
29311,195725.6,97852.0,29408.27,19073.25,308.07,1314.3
29312,148393.28,82321.0,39521.85,19979.77,221.68,1314.3
29313,156817.92,94222.0,24166.371,15505.99,133.66,1314.4
29314,222734.4,109881.0,36786.72,14244.82,330.88998,1314.4
29315,217049.28,106158.0,44704.93,20272.14,236.35,1314.4
29316,190850.23,106665.0,23600.66,17831.11,233.09,1314.4
29317,139577.77,76777.0,43846.85,18446.99,299.92,1314.5
29318,199638.88,100788.0,32610.5,14708.46,265.69,1314.5
29319,262143.0,113885.0,58975.7,30771.51,454.77,1314.5
29320,186319.84,101933.0,28256.09,14077.01,257.54,1314.6
29321,262143.0,102397.0,77159.734,62210.8,510.19,1314.6
29322,165560.64,93556.0,21413.94,11712.101,172.78,1314.6
29323,5096.0,5066.0,1179.86,358.11002,19.56,1314.7
29324,152919.2,88013.0,22925.96,14018.19,345.56,1314.7
29325,198212.0,102437.0,30515.47,20029.94,308.07,1314.7
29326,198957.92,93941.0,32759.281,14620.23,275.47,1314.7
29327,175292.33,94934.0,19995.34,14196.38,156.48,1314.8
29328,173919.2,88328.0,49875.902,23931.09,345.56,1314.8
29329,262143.0,104931.0,100397.09,64994.37,860.64,1314.8
29330,226350.88,94105.0,59503.35,19206.46,332.52,1314.8
29331,173017.6,94950.0,33269.63,11725.94,309.7,1315.0
29332,171814.72,93320.0,37134.45,13760.42,363.49,1315.2
29333,162440.33,97493.0,20673.5,14817.45,283.62,1315.2
29334,177017.12,92620.0,34539.45,8582.53,252.65,1315.4
29335,164236.8,92897.0,26624.701,15320.88,327.63,1315.5
29336,104730.08,60403.0,15210.16,13637.59,202.12,1315.5
29337,220736.33,104397.0,36987.402,15922.92,370.01,1315.5
29338,120513.12,71807.0,27981.02,25259.73,267.32,1315.6
29339,196188.16,90331.0,31861.41,18140.78,316.22,1315.6
29340,194237.12,100541.0,31653.81,13341.76,270.58,1315.6
29341,186389.28,103676.0,29351.18,11267.49,348.82,1315.6
29342,167026.72,97369.0,24830.69,7786.73,66.83,1315.6
29343,203257.6,100945.0,26712.93,21671.71,205.38,1315.7
29344,210427.84,104006.0,62555.07,30166.01,339.04,1315.8
29345,184163.84,93753.0,49260.02,7997.79,319.48,1315.8
29346,211274.56,107501.0,31913.31,16962.65,293.4,1315.8
29347,190395.52,103672.0,20315.39,19969.39,237.98,1315.8
29348,205414.72,104522.0,28776.82,13827.891,285.25,1315.8
29349,145936.0,75117.0,28757.791,13859.03,203.75,1315.8
29350,192569.44,99277.0,31828.541,33004.94,308.07,1315.8
29351,50310.4,34937.0,22015.98,126.29,128.77,1315.9
29352,67744.32,45127.0,20419.19,12435.24,52.16,1315.9
29353,147413.28,83081.0,23150.86,13127.24,224.94,1315.9
29354,222707.52,110163.0,39251.97,11627.33,255.91,1315.9
29355,142862.72,74273.0,41879.84,27847.81,241.24,1315.9
29356,187545.12,95827.0,33627.742,10900.73,239.61,1315.9
29357,177429.28,86168.0,47917.54,17959.13,239.61,1316.0
29358,262143.0,124420.0,56119.47,13333.11,433.58,1316.0
29359,181144.33,84403.0,103599.32,19242.791,630.81,1316.0
29360,26053.44,6756.0,42500.91,160.89,280.36,1316.1
29361,262143.0,100333.0,94779.78,67111.89,881.83,1316.1
29362,220728.48,107779.0,68554.71,18102.72,422.17,1316.1
29363,262143.0,112800.0,41762.2,26569.34,228.2,1316.1
29364,194633.6,99525.0,33416.68,18346.65,211.9,1316.2
29365,40548.48,28769.0,16383.101,10.38,50.53,1316.2
29366,199284.95,101880.0,48917.48,38412.92,418.91,1316.2
29367,207976.16,103481.0,65141.42,12585.75,319.48,1316.2
29368,171195.36,80508.0,82690.54,2293.98,880.2,1316.2
29369,238563.36,108105.0,42039.0,22524.6,412.38998,1316.3
29370,28442.4,25505.0,6766.0303,807.91003,22.82,1316.3
29371,230515.05,54298.0,262143.0,1852.8301,2270.59,1316.3
29372,189101.92,94716.0,26334.06,14827.83,317.85,1316.3
29373,164702.72,82586.0,47163.26,5051.6,451.51,1316.3
29374,205979.2,109386.0,55259.66,15317.42,506.93,1316.3
29375,262143.0,96476.0,78823.99,32683.16,562.35,1316.4
29376,262143.0,103556.0,81604.1,37816.07,546.05,1316.4
29377,188133.12,96839.0,27299.4,17263.67,335.78,1316.5
29378,192384.64,104177.0,23304.83,15230.92,153.22,1316.6
29379,190524.33,95716.0,19367.35,10831.53,78.24,1316.6
29380,227151.69,102961.0,63852.57,27467.21,563.98,1316.6
29381,173948.33,98997.0,23259.85,12855.63,151.59,1316.6
29382,170085.44,92172.0,24600.6,15902.16,218.42,1316.7
29383,202724.48,104330.0,54948.26,14141.0205,387.94,1316.7
29384,262143.0,101873.0,40007.98,28863.32,366.75,1316.7
29385,149199.69,89943.0,15725.7,9720.87,63.57,1316.7
29386,151140.64,90729.0,19495.371,9101.53,110.84,1316.8
29387,193459.84,99928.0,25728.56,12113.46,200.49,1316.8
29388,184136.95,88046.0,36705.41,14635.8,195.6,1316.9
29389,202236.16,94936.0,54271.832,14417.82,428.69,1316.9
29390,262143.0,120428.0,41957.69,32065.55,295.03,1316.9
29391,134070.72,80237.0,22761.61,23074.74,272.21,1316.9
29392,170971.36,97978.0,26934.371,12115.19,163.0,1317.0
29393,173810.56,91313.0,31505.031,11895.48,174.41,1317.0
29394,97947.36,62001.0,22727.01,12526.93,241.24,1317.0
29395,41096.16,24140.0,12253.59,3.46,17.93,1317.0
29396,180761.28,103825.0,22977.86,7883.61,149.96,1317.1
29397,262143.0,107285.0,76180.555,55052.062,922.58,1317.1
29398,185707.2,93973.0,35802.35,20003.99,322.74,1317.1
29399,203394.23,91470.0,39101.46,13689.49,373.27,1317.2
29400,192799.05,87100.0,40674.03,26652.38,456.4,1317.2
29401,262143.0,119585.0,42907.46,24289.201,495.52,1317.2
29402,186329.92,83796.0,56067.57,18623.451,407.5,1317.3
29403,113013.6,60756.0,23451.88,17690.98,215.16,1317.3
29404,262143.0,118232.0,68053.01,34416.62,480.85,1317.3
29405,16200.8,12065.0,5343.97,29.41,50.53,1317.4
29406,143604.16,75868.0,37700.16,15362.4,404.24,1317.4
29407,262143.0,113405.0,51355.05,26392.88,420.54,1317.4
29408,166255.05,97173.0,32179.73,11949.11,197.23,1317.4
29409,163201.92,94929.0,27863.38,16796.57,298.29,1317.4
29410,262143.0,115679.0,108571.34,18985.02,632.44,1317.4
29411,212830.23,104643.0,33065.492,18737.63,368.38,1317.5
29412,44049.6,24834.0,18812.02,254.31,215.16,1317.5
29413,106071.84,67841.0,20208.13,7703.69,110.84,1317.5
29414,172968.33,98537.0,20346.53,10935.33,128.77,1317.5
29415,257558.56,114341.0,43134.09,23346.35,348.82,1317.5
29416,163264.64,84229.0,40532.17,9246.851,308.07,1317.5
29417,244301.12,112009.0,64563.6,20858.61,309.7,1317.6
29418,227760.97,103843.0,40442.21,18363.951,373.27,1317.6
29419,208482.4,96960.0,41020.03,11046.05,381.42,1317.7
29420,218986.88,98528.0,59531.03,25005.42,464.55,1317.7
29421,213734.08,95576.0,59330.35,28159.21,394.46,1317.7
29422,223442.23,109141.0,35847.332,9139.59,387.94,1317.7
29423,188899.2,97968.0,31370.09,14488.75,353.71,1317.8
29424,194825.12,98204.0,39604.89,18985.02,239.61,1317.8
29425,224567.84,107519.0,45019.79,11597.92,378.16,1317.8
29426,14869.12,5669.0,41386.79,91.69,241.24,1317.9
29427,195865.6,99428.0,55161.05,10681.0205,288.51,1317.9
29428,183272.33,93617.0,42767.332,12457.73,298.29,1317.9
29429,196337.12,102996.0,30138.33,12020.04,319.48,1317.9
29430,203075.05,99000.0,71058.02,10770.98,343.93,1317.9
29431,262143.0,103225.0,38094.6,19445.201,363.49,1317.9
29432,182176.95,90724.0,32261.041,7262.54,275.47,1317.9
29433,225239.84,104024.0,46248.09,18315.51,353.71,1318.0
29434,262143.0,108885.0,151193.36,104358.79,1266.51,1318.0
29435,116882.08,63929.0,23579.9,3652.03,259.17,1318.1
29436,170160.48,85964.0,31036.201,12179.2,309.7,1318.1
29437,133417.77,71930.0,40191.36,15163.45,345.56,1318.2
29438,219905.28,102028.0,54022.71,18090.61,410.76,1318.2
29439,161912.8,92732.0,25304.71,16296.601,288.51,1318.7
29440,172513.6,97264.0,38162.07,12103.08,301.55,1318.9
29441,177839.2,94673.0,37418.17,7288.49,270.58,1319.0
29442,219826.88,106545.0,33518.75,17092.4,272.21,1319.0
29443,209829.77,94481.0,53527.93,18810.291,533.01,1319.2
29444,175292.33,92796.0,34700.34,8220.96,207.01,1319.3
29445,202749.12,96008.0,30821.68,12393.72,347.19,1319.3
29446,159389.44,92937.0,25098.84,10428.44,141.81,1319.3
29447,208083.69,106755.0,30918.56,22988.24,303.18,1319.3
29448,139867.84,79030.0,30565.64,15256.87,311.33,1319.3
29449,191213.12,98158.0,25202.64,10902.46,210.27,1319.5
29450,204015.84,95980.0,36679.46,27574.47,314.59,1319.5
29451,196496.16,98169.0,20372.48,13895.36,285.25,1319.6
29452,118954.08,69440.0,40930.07,18145.97,319.48,1319.7
29453,164316.33,88188.0,34328.39,12708.58,255.91,1319.7
29454,185281.6,97858.0,34797.22,24510.64,239.61,1319.8
29455,106510.88,69921.0,25612.65,19035.19,125.51,1319.9
29456,170849.28,86700.0,25133.44,10848.83,138.55,1319.9
29457,185228.95,102452.0,30723.07,19132.07,192.34,1320.1
29458,15957.76,9768.0,29112.44,70.93,171.15,1320.1
29459,14818.72,5641.0,50232.28,95.15,386.31,1320.1
29460,148542.23,87409.0,29214.51,8662.11,190.71,1320.2
29461,184269.12,91813.0,41174.0,15037.16,242.87,1320.3
29462,190168.16,96485.0,31505.031,9767.58,317.85,1320.3
29463,197255.52,90233.0,38677.61,18723.791,392.83,1320.4
29464,147929.6,83552.0,22913.85,7558.37,208.64,1320.5
29465,211780.8,106690.0,39900.72,18751.47,330.88998,1320.5
29466,181134.23,102925.0,17350.17,14544.11,246.13,1320.5
29467,178152.8,92760.0,40243.26,28589.98,358.6,1320.6
29468,224915.05,95933.0,50794.53,24976.01,440.1,1320.6
29469,153926.08,88872.0,32229.9,16476.52,361.86,1320.6
29470,247459.52,111013.0,32325.05,23701.0,262.43,1320.7
29471,167658.4,93796.0,26496.68,10148.18,125.51,1320.7
29472,162113.28,91948.0,25166.31,7605.08,149.96,1320.7
29473,204400.0,98284.0,30082.97,15865.83,332.52,1320.8
29474,191205.28,103778.0,40303.81,19069.791,109.21,1320.8
29475,165753.28,95241.0,41417.93,13670.46,228.2,1320.8
29476,160136.48,90941.0,24768.41,14518.16,184.19,1320.9
29477,227328.64,104788.0,40859.14,20358.64,462.92,1320.9
29478,198266.88,88736.0,71668.71,25536.531,630.81,1321.0
29479,262143.0,103433.0,113211.2,55036.492,955.18,1321.0
29480,162550.08,94192.0,15616.71,12530.391,151.59,1321.0
29481,192439.52,93516.0,30247.32,18170.19,337.41,1321.1
29482,193945.92,105401.0,32060.361,14613.311,267.32,1321.1
29483,142119.05,79390.0,33790.36,14258.66,267.32,1321.2
29484,136871.84,85662.0,17836.3,7163.93,143.44,1321.2
29485,132502.72,84819.0,27970.64,13345.22,298.29,1321.2
29486,185822.56,96187.0,20197.75,10331.561,197.23,1321.3
29487,169951.05,93820.0,25316.82,9352.38,166.26,1321.4
29488,60192.16,37332.0,25495.01,27.68,99.43,1321.4
29489,225403.36,108744.0,35186.47,16915.94,345.56,1321.5
29490,27480.32,21152.0,4883.79,22.49,35.86,1321.5
29491,262143.0,102321.0,52583.35,6101.71,244.5,1321.6
29492,203938.56,93125.0,45772.34,20926.08,299.92,1321.7
29493,190846.88,103509.0,46751.52,16718.72,242.87,1321.8
29494,210304.64,103038.0,58688.52,23872.27,366.75,1321.8
29495,108148.32,66220.0,20957.22,11170.61,184.19,1321.9
29496,210801.92,103869.0,46877.81,11950.84,285.25,1322.0
29497,198666.72,103225.0,33075.87,15094.25,255.91,1322.1
29498,184388.95,100032.0,40857.41,9475.21,329.26,1322.1
29499,180639.2,100441.0,26671.41,21121.57,169.52,1322.2
29500,24726.24,17088.0,6010.02,-19.03,44.01,1322.2
29501,203086.23,95017.0,36836.89,6302.39,268.95,1322.2
29502,202267.52,103487.0,30510.281,11853.96,264.06,1322.3
29503,143112.48,86503.0,19395.03,7181.23,146.7,1322.4
29504,187750.08,104841.0,41971.53,15753.38,311.33,1322.4
29505,199169.6,106007.0,32088.041,13500.92,208.64,1322.6
29506,142470.72,82381.0,32458.26,28730.11,332.52,1322.6
29507,203822.08,105405.0,30556.99,8381.85,259.17,1322.6
29508,191175.05,98768.0,37952.742,9167.2705,306.44,1322.7
29509,234372.33,133805.0,41033.87,32553.41,443.36,1322.7
29510,178980.48,98037.0,35075.75,6994.39,213.53,1322.8
29511,208589.92,100248.0,28064.06,12454.2705,329.26,1322.8
29512,222882.23,101389.0,53053.91,25315.09,316.22,1322.8
29513,250073.6,107412.0,44208.42,31818.16,309.7,1322.9
29514,180268.48,97733.0,50841.242,25190.531,405.87,1322.9
29515,196301.28,94816.0,44900.42,18649.4,418.91,1323.0
29516,28568.96,21741.0,6392.35,25.95,60.31,1323.0
29517,178548.16,101508.0,38952.68,2316.47,169.52,1323.0
29518,186957.12,90857.0,44239.56,16149.55,291.77,1323.1
29519,262143.0,108544.0,105775.664,36238.31,953.55,1323.1
29520,178485.44,102729.0,21125.03,6956.33,176.04,1323.2
29521,202875.69,100933.0,34715.91,21031.61,281.99,1323.3
29522,248474.23,113401.0,52747.7,23638.72,324.37,1323.3
29523,194031.05,103320.0,46614.85,24579.84,350.45,1323.3
29524,252732.48,92224.0,59755.93,29499.96,368.38,1323.3
29525,262143.0,114124.0,175328.58,23176.81,1372.46,1323.4
29526,175215.05,96552.0,25925.781,17312.11,303.18,1323.4
29527,184541.28,96149.0,32233.361,15914.2705,242.87,1323.4
29528,262143.0,78477.0,89787.0,11383.4,741.65,1323.4
29529,93643.2,56441.0,35153.6,19602.63,324.37,1323.4
29530,212199.69,102945.0,35449.43,16786.19,329.26,1323.5
29531,225466.08,103821.0,37136.18,29441.14,330.88998,1323.5
29532,167994.4,91713.0,33070.68,8195.01,224.94,1323.6
29533,239006.88,98084.0,83238.95,16218.75,583.54,1323.7
29534,184512.16,94802.0,40417.992,18543.871,330.88998,1323.7
29535,208680.64,101281.0,37191.54,23835.94,327.63,1323.8
29536,173911.36,90832.0,35388.88,11687.88,233.09,1323.9
29537,262143.0,109070.0,108451.97,49818.812,823.15,1323.9
29538,118783.84,67623.0,32299.1,24244.22,327.63,1324.0
29539,193630.08,85975.0,47081.95,29183.371,322.74,1324.0
29540,214634.56,106732.0,29172.99,19879.43,223.31,1324.0
29541,162908.48,92716.0,22079.99,9698.38,334.15,1324.1
29542,107972.48,55248.0,39741.56,19678.75,386.31,1324.2
29543,137196.64,83589.0,22841.19,13360.79,273.84,1324.2
29544,166192.33,96777.0,28519.05,12658.41,277.1,1324.3
29545,106523.2,65809.0,33626.01,13814.05,319.48,1324.3
29546,262143.0,102898.0,82427.58,25962.11,563.98,1324.3
29547,262143.0,50672.0,262143.0,7842.09,2050.54,1324.3
29548,161695.52,95905.0,21669.98,7046.29,135.29,1324.4
29549,252608.16,112479.0,41876.38,19611.28,239.61,1324.4
29550,210506.23,99988.0,30257.701,12746.641,285.25,1324.4
29551,198411.36,102137.0,41774.31,23707.92,448.25,1324.5
29552,217629.44,102989.0,51981.312,24540.05,414.02,1324.5
29553,181368.33,100332.0,31453.13,12193.04,156.48,1324.5
29554,207587.52,95124.0,22240.88,25880.8,236.35,1324.6
29555,161579.05,93861.0,28027.73,24610.98,384.68,1324.6
29556,170444.95,88625.0,21960.621,18754.93,229.83,1324.6
29557,201552.95,93241.0,49979.7,37712.27,474.33,1324.6
29558,230545.28,111967.0,41129.02,17116.621,239.61,1324.7
29559,196108.64,92905.0,53062.562,30676.36,425.43,1324.7
29560,262143.0,87395.0,111472.555,37508.13,901.39,1324.7
29561,65138.082,36699.0,37630.96,254.31,324.37,1324.8
29562,190118.88,95996.0,30098.541,16777.541,319.48,1324.8
29563,188927.2,100164.0,28000.05,12815.84,233.09,1324.9
29564,133852.33,71153.0,47763.57,48038.64,513.45,1324.9
29565,154109.77,83468.0,41476.75,17424.56,273.84,1324.9
29566,198916.48,101808.0,28211.11,12129.03,278.73,1325.0
29567,178040.8,91208.0,42902.27,16888.26,423.8,1325.0
29568,187703.05,98513.0,30529.31,15692.83,260.8,1325.0
29569,161729.12,89075.0,35489.22,14135.83,257.54,1325.0
29570,259444.64,99490.0,70945.57,42182.59,550.94,1325.1
29571,111899.2,57700.0,47734.16,306.21,374.9,1325.1
29572,230538.56,110689.0,49064.53,13540.71,254.28,1325.1
29573,160891.36,86397.0,30904.72,10833.26,257.54,1325.1
29574,122717.28,79061.0,17270.59,12971.54,88.02,1325.2
29575,242434.08,98891.0,55091.85,9383.5205,458.03,1325.2
29576,178776.64,93048.0,22811.78,17959.13,213.53,1325.2
29577,203351.69,98984.0,57643.6,12333.17,435.21,1325.2
29578,201190.08,97221.0,49433.02,13220.66,342.3,1325.3
29579,167457.92,98516.0,31221.31,7798.84,211.9,1325.3
29580,70826.56,27555.0,35819.652,577.82,326.0,1325.4
29581,143939.05,85332.0,26244.1,10620.47,195.6,1325.4
29582,191927.69,98696.0,38352.37,12440.43,277.1,1325.4
29583,96297.6,52059.0,55676.59,456.72,485.74,1325.5
29584,159229.28,89760.0,36063.582,11764.0,321.11,1325.5
29585,196116.48,94324.0,40786.48,12260.51,264.06,1325.6
29586,262143.0,104743.0,64053.25,31342.41,330.88998,1325.7
29587,194770.23,101596.0,53050.45,20284.25,273.84,1325.7
29588,138088.16,84156.0,25969.031,11189.64,182.56,1325.8
29589,231262.08,105099.0,67165.52,38767.57,444.99,1325.8
29590,203809.77,96201.0,53903.34,21540.23,358.6,1325.8
29591,231078.4,113741.0,34930.43,14557.95,226.56999,1325.9
29592,261595.05,107900.0,64029.03,28849.48,484.11,1325.9
29593,171391.36,97321.0,32984.18,14410.9,189.08,1325.9
29594,188227.2,95585.0,46704.81,22244.34,306.44,1326.0
29595,237752.48,106117.0,50894.87,22467.51,283.62,1326.0
29596,138660.48,80820.0,23123.18,12217.26,229.83,1326.0
29597,179196.64,96129.0,25984.6,9482.13,176.04,1326.0
29598,169417.92,94832.0,37447.582,14672.13,296.66,1326.1
29599,158271.69,83944.0,28686.86,19315.451,281.99,1326.1
29600,178392.48,94671.0,31036.201,16564.75,140.18,1326.1
29601,143894.23,80019.0,37188.082,14367.65,234.72,1326.2
29602,200313.12,106994.0,39893.8,8539.28,247.76,1326.2
29603,89010.88,48295.0,41289.91,200.68001,322.74,1326.2
29604,189104.16,99664.0,33015.32,14807.07,246.13,1326.2
29605,211294.72,100716.0,44154.79,24401.65,303.18,1326.2
29606,152500.33,87690.0,31939.26,16009.42,259.17,1326.2
29607,193286.23,107836.0,31639.97,10850.561,190.71,1326.2
29608,179348.95,96189.0,41516.54,22446.75,329.26,1326.3
29609,225321.6,109517.0,43966.22,24460.47,368.38,1326.3
29610,143259.2,80929.0,30145.25,20957.22,220.05,1326.3
29611,199311.84,94756.0,25955.19,10876.51,345.56,1326.4
29612,230510.56,103188.0,46838.02,22976.13,396.09,1326.4
29613,171408.16,55512.0,63195.17,11924.89,273.84,1326.5
29614,175330.4,90185.0,37084.28,27022.6,356.97,1326.5
29615,28303.52,21996.0,1541.43,2434.11,-16.3,1326.5
29616,126197.12,76478.0,16985.14,6342.18,190.71,1326.5
29617,201928.16,98982.0,47794.71,17386.5,290.13998,1326.5
29618,200242.56,96711.0,44815.652,27013.951,251.02,1326.5
29619,227810.23,91054.0,63539.44,21877.58,516.71,1326.5
29620,98131.04,60979.0,30383.99,16725.64,404.24,1326.6
29621,192226.72,97812.0,24636.93,9729.5205,280.36,1326.6
29622,262143.0,104015.0,174735.19,63952.91,1090.47,1326.6
29623,27909.28,12216.0,110007.24,91.69,461.29,1326.7
29624,197040.48,104936.0,29717.94,18588.85,278.73,1326.7
29625,199464.16,101990.0,40021.82,17412.45,326.0,1326.7
29626,262143.0,115809.0,84401.51,43118.52,643.85,1326.8
29627,190223.05,103159.0,33987.582,8854.14,226.56999,1326.8
29628,192645.6,102748.0,34937.35,22050.58,247.76,1326.8
29629,172219.05,85433.0,38582.46,13213.74,268.95,1326.8
29630,161511.84,89328.0,26301.19,10622.2,205.38,1326.8
29631,185073.28,100708.0,19436.55,18621.72,270.58,1326.8
29632,162162.56,89084.0,28055.41,12212.07,200.49,1326.9
29633,238724.64,106200.0,55692.16,22028.09,376.53,1327.0
29634,174571.05,99011.0,21420.86,10104.93,304.81,1327.0
29635,192634.4,94040.0,36572.2,5200.38,246.13,1327.0
29636,262143.0,101589.0,109664.7,49971.05,982.89,1327.0
29637,193803.69,104644.0,39091.082,20358.64,394.46,1327.4
29638,165295.2,85445.0,21825.68,21438.16,242.87,1327.6
29639,165136.16,82786.0,43872.8,28091.74,314.59,1328.0
29640,223843.2,104464.0,45057.85,17244.64,412.38998,1328.1
29641,154956.48,93427.0,18177.11,10819.42,166.26,1328.8
29642,169310.4,91721.0,20455.52,11232.89,164.63,1328.8
29643,182227.36,94150.0,45983.402,19019.621,370.01,1328.9
29644,167861.12,93321.0,33864.75,16464.41,360.23,1329.0
29645,164202.08,86821.0,37220.95,10622.2,283.62,1329.2
29646,102938.08,54708.0,38874.832,21512.55,322.74,1329.3
29647,171457.44,91577.0,23957.041,11179.26,197.23,1329.5
29648,104896.96,63725.0,11187.91,9103.26,115.73,1329.6
29649,180042.23,97560.0,46339.78,22690.68,329.26,1329.8
29650,154351.69,87612.0,22965.75,13786.37,202.12,1329.8
29651,180212.48,96541.0,31987.701,14272.5,179.3,1330.0
29652,174303.36,89601.0,28475.8,20003.99,309.7,1330.1
29653,177592.8,103336.0,22455.4,14649.641,268.95,1330.2
29654,173046.72,100461.0,20597.38,9523.65,236.35,1330.2
29655,197663.2,103720.0,41846.97,24176.75,303.18,1330.4
29656,191984.8,99069.0,17367.47,20680.42,303.18,1330.4
29657,182032.48,102768.0,32652.02,10376.54,286.88,1330.5
29658,27625.92,25112.0,5297.2603,1247.33,0.0,1330.7
29659,97342.56,64347.0,16888.26,39085.89,335.78,1330.8
29660,136660.16,68585.0,55055.52,19239.33,423.8,1330.8
29661,153772.64,88473.0,32487.67,12080.59,203.75,1330.9
29662,209515.05,96689.0,47403.73,20734.05,330.88998,1330.9
29663,229835.2,101019.0,37371.46,24256.33,366.75,1331.0
29664,181255.2,96539.0,32148.59,9812.561,198.86,1331.0
29665,192637.77,107520.0,22112.86,10397.3,158.11,1331.1
29666,175814.23,93464.0,34134.63,20138.93,317.85,1331.1
29667,201225.92,97897.0,41646.29,29181.64,360.23,1331.1
29668,220743.05,107386.0,47248.03,17114.89,397.72,1331.2
29669,152409.6,90992.0,18011.03,11348.8,132.03,1331.2
29670,251371.69,115280.0,76374.31,11834.93,691.12,1331.2
29671,161021.28,89737.0,35674.332,17566.42,365.12,1331.3
29672,247815.69,114028.0,39070.32,15858.91,229.83,1331.3
29673,159584.33,92409.0,18808.56,9854.08,151.59,1331.4
29674,188361.6,103645.0,17460.89,5726.3003,76.61,1331.4
29675,171783.36,94301.0,39369.61,10110.12,334.15,1331.5
29676,176311.52,99726.0,40872.98,15144.42,414.02,1331.5
29677,185508.95,99069.0,38028.86,15026.78,281.99,1331.6
29678,199318.56,97801.0,37951.01,10802.12,386.31,1331.6
29679,227152.8,100994.0,51803.12,23543.57,308.07,1331.6
29680,171467.52,95421.0,33702.13,19005.78,350.45,1331.7
29681,244546.4,114507.0,37231.332,26472.46,381.42,1331.7
29682,42790.72,28676.0,8298.811,53.63,19.56,1331.7
29683,204197.28,93401.0,26427.48,24012.4,337.41,1331.7
29684,202363.84,98849.0,38061.73,20427.84,376.53,1331.8
29685,97423.2,37788.0,83830.61,890.95,782.4,1331.8
29686,179527.05,98375.0,34170.96,9675.89,180.93,1331.9
29687,173834.08,94244.0,40051.23,9362.76,226.56999,1331.9
29688,203366.23,95177.0,43533.72,9643.0205,285.25,1331.9
29689,172042.08,93649.0,31825.08,16435.0,347.19,1331.9
29690,151420.64,86425.0,26031.31,18381.25,254.28,1332.0
29691,195095.05,101764.0,40940.45,16554.371,207.01,1332.1
29692,171299.52,100207.0,26233.72,14147.94,321.11,1332.1
29693,182229.6,99241.0,50085.23,26072.83,293.4,1332.2
29694,200046.56,96993.0,57171.312,12445.62,495.52,1332.2
29695,217054.88,102934.0,33491.07,14121.99,311.33,1332.3
29696,203824.33,91112.0,36357.68,11783.03,343.93,1332.3
29697,197547.84,101684.0,34103.492,17540.47,286.88,1332.3
29698,173330.08,83197.0,63677.84,23538.38,495.52,1332.4
29699,259779.52,103164.0,43052.78,14474.91,244.5,1332.4
29700,196742.56,103976.0,25282.22,12459.46,216.79,1332.5
29701,218984.64,110131.0,39909.37,15594.22,324.37,1332.5
29702,49956.48,45465.0,1728.27,3821.57,13.04,1332.5
29703,132256.33,79460.0,16725.64,7918.21,138.55,1332.5
29704,225569.12,103384.0,48946.89,28532.89,502.04,1332.5
29705,221661.44,98845.0,27659.24,18971.18,285.25,1332.5
29706,200104.8,103136.0,42616.82,15940.22,389.57,1332.6
29707,192651.2,89610.0,45746.39,19786.01,487.37,1332.6
29708,143757.6,83732.0,26970.701,17251.56,164.63,1332.6
29709,262143.0,99361.0,93952.84,19050.76,810.11,1332.7
29710,224872.48,99362.0,54994.97,21664.791,366.75,1332.8
29711,232789.77,106581.0,48396.75,27768.23,361.86,1332.8
29712,215848.64,106357.0,34567.13,23079.93,321.11,1332.9
29713,211024.8,95724.0,59989.48,25668.01,417.28,1332.9
29714,162051.69,91623.0,63169.22,10738.11,423.8,1332.9
29715,149036.16,86393.0,26107.43,11049.51,329.26,1333.0
29716,171232.33,88255.0,26932.64,10980.311,218.42,1333.0
29717,167268.64,80994.0,55719.84,20486.66,353.71,1333.1
29718,182134.4,102008.0,35202.04,11886.83,296.66,1333.1
29719,191698.08,101285.0,35764.29,24197.51,317.85,1333.1
29720,250853.12,112888.0,76023.12,21391.451,534.64,1333.1
29721,183489.6,81428.0,82967.34,6298.93,629.18,1333.1
29722,185348.8,101229.0,24837.61,11736.32,226.56999,1333.2
29723,117467.84,34120.0,219597.55,856.35004,1105.14,1333.2
29724,216829.77,111537.0,38537.48,24218.27,427.06,1333.2
29725,36506.4,8145.0,66144.82,268.15,340.67,1333.2
29726,18560.64,5741.0,59413.39,103.8,262.43,1333.2
29727,262143.0,105569.0,55404.98,46521.43,456.4,1333.3
29728,262143.0,118872.0,77694.305,30084.701,541.16,1333.3
29729,218141.28,100728.0,54941.34,21578.291,440.1,1333.3
29730,13379.5205,13201.0,1250.79,730.06,17.93,1333.3
29731,178973.77,89644.0,43983.52,14917.79,392.83,1333.4
29732,262143.0,121811.0,41127.29,29598.57,345.56,1333.4
29733,87389.12,49774.0,36937.23,112.450005,174.41,1333.5
29734,262143.0,113381.0,45618.37,21375.88,257.54,1333.5
29735,189632.8,100857.0,38800.44,7520.31,384.68,1333.5
29736,142637.6,83096.0,22137.08,26321.951,277.1,1333.5
29737,185752.0,96350.0,32650.291,24323.8,293.4,1333.6
29738,187044.48,106368.0,41276.07,21407.02,322.74,1333.6
29739,134766.23,77761.0,34011.8,14220.601,329.26,1333.6
29740,216157.77,103242.0,29726.59,19664.91,270.58,1333.7
29741,168159.05,97631.0,28460.23,11682.69,213.53,1333.7
29742,17452.96,14709.0,3179.74,821.75,8.15,1333.7
29743,185956.95,94732.0,53121.38,19422.71,332.52,1333.7
29744,155266.72,87779.0,19865.59,16140.9,246.13,1333.8
29745,48750.24,28594.0,25472.52,212.79001,246.13,1333.8
29746,262143.0,97932.0,66688.04,29517.26,550.94,1333.8
29747,166318.88,98860.0,16372.72,11151.58,115.73,1333.9
29748,184537.92,96832.0,36041.09,17924.53,262.43,1333.9
29749,195518.4,96906.0,18408.93,14774.2,200.49,1333.9
29750,241264.8,105773.0,71144.52,7949.35,559.09,1334.0
29751,196439.05,95105.0,50230.55,30880.5,389.57,1334.0
29752,155634.08,89973.0,33108.742,10120.5,304.81,1334.1
29753,200502.4,106066.0,45369.25,6824.85,291.77,1334.1
29754,22721.44,9798.0,37196.73,50.170002,169.52,1334.2
29755,223680.8,98857.0,40291.7,18080.23,366.75,1334.2
29756,33731.04,21281.0,25994.98,140.13,221.68,1334.2
29757,14521.92,6043.0,30210.99,153.97,226.56999,1334.2
29758,164623.2,85936.0,18474.67,18204.791,203.75,1334.3
29759,163881.77,91736.0,35243.56,12113.46,220.05,1334.3
29760,227674.72,110397.0,27174.84,24996.77,190.71,1334.3
29761,149861.6,80881.0,40504.492,9765.851,251.02,1334.3
29762,131859.84,74408.0,50560.98,15308.7705,436.84,1334.4
29763,168463.69,83888.0,58915.152,36539.332,725.35,1334.4
29764,221934.72,103863.0,46794.77,24704.4,471.07,1334.6
29765,186049.92,94089.0,37205.38,31804.32,301.55,1334.6
29766,225069.6,97883.0,45973.02,25590.16,368.38,1334.6
29767,262143.0,113289.0,72647.89,24043.541,462.92,1334.6
29768,204027.05,97045.0,81585.07,32913.25,621.02997,1334.6
29769,187944.95,97137.0,29211.05,16479.98,244.5,1334.7
29770,192496.64,103505.0,30854.55,8660.38,207.01,1334.7
29771,214130.56,98848.0,40808.97,16327.74,317.85,1334.7
29772,205371.05,101204.0,38485.582,18206.52,220.05,1334.7
29773,202784.95,100132.0,24678.451,10002.86,208.64,1334.8
29774,180475.69,97981.0,31409.88,14602.93,229.83,1334.8
29775,194535.05,104953.0,35029.04,14208.49,405.87,1334.9
29776,199792.33,108468.0,32295.64,12163.63,257.54,1335.0
29777,183416.8,88765.0,44137.492,5259.2,394.46,1335.0
29778,186269.44,91052.0,33693.48,11618.68,236.35,1335.0
29779,134464.95,75485.0,29709.291,16137.44,268.95,1335.1
29780,196650.72,97437.0,37134.45,19953.82,210.27,1335.1
29781,159745.6,86117.0,27071.041,18251.5,197.23,1335.2
29782,180602.23,95797.0,31863.14,15350.29,190.71,1335.2
29783,246982.4,112005.0,60240.332,17109.7,410.76,1335.2
29784,89212.48,52657.0,40682.68,18085.42,343.93,1335.2
29785,150110.23,87548.0,39546.07,16903.83,277.1,1335.2
29786,147652.95,66176.0,56197.32,36132.78,427.06,1335.3
29787,173976.33,90465.0,39504.55,11182.72,161.37,1335.3
29788,262143.0,109700.0,52204.48,22576.5,342.3,1335.3
29789,224491.69,106376.0,44440.242,17054.34,231.46,1335.3
29790,196645.12,103936.0,20671.77,15659.96,234.72,1335.3
29791,191586.08,100693.0,41398.902,26508.791,280.36,1335.3
29792,163537.92,86265.0,22088.64,14141.0205,61.94,1335.3
29793,223976.48,108917.0,39378.26,19657.99,339.04,1335.4
29794,177044.0,95508.0,35108.62,10518.4,329.26,1335.4
29795,222606.72,104550.0,63473.7,18035.25,304.81,1335.4
29796,207052.16,106512.0,30456.65,9421.58,339.04,1335.5
29797,261018.23,109679.0,59610.61,22047.121,446.62,1335.5
29798,245403.2,110205.0,46114.88,26361.74,384.68,1335.5
29799,223918.23,107024.0,39463.03,17665.03,290.13998,1335.5
29800,238636.16,100020.0,50533.3,17158.14,410.76,1335.6
29801,188088.33,103745.0,26628.16,15722.24,317.85,1335.6
29802,102273.92,11159.0,262143.0,1207.54,1765.29,1335.7
29803,204822.23,105520.0,30072.59,15888.32,205.38,1335.7
29804,130493.44,82205.0,23095.5,10568.57,135.29,1335.7
29805,151378.08,82548.0,32344.08,14924.71,171.15,1335.8
29806,199132.64,97465.0,34926.97,12023.5,299.92,1335.8
29807,154423.36,78440.0,18841.43,14102.96,167.89,1335.9
29808,213868.48,108865.0,37158.67,22462.32,260.8,1335.9
29809,175327.05,97349.0,23645.64,16251.62,314.59,1336.1
29810,207448.64,104181.0,30467.031,20398.43,353.71,1336.1
29811,6208.16,5205.0,10461.311,29.41,117.36,1336.2
29812,235820.48,92863.0,88063.92,34243.62,810.11,1336.2
29813,262143.0,109081.0,74061.305,33248.87,577.02,1336.2
29814,170024.95,90121.0,33345.75,7117.22,280.36,1336.2
29815,188418.72,103072.0,29207.59,9918.09,264.06,1336.2
29816,164648.95,82760.0,39746.75,6153.61,290.13998,1336.3
29817,162261.12,94729.0,22457.13,7124.14,197.23,1336.3
29818,206133.77,93782.0,51848.1,23149.13,404.24,1336.3
29819,191002.56,95477.0,33997.96,17993.73,326.0,1336.3
29820,177822.4,87969.0,49716.742,12938.67,415.65,1336.4
29821,171252.48,86985.0,56721.51,41518.27,453.13998,1336.4
29822,194692.95,104070.0,28870.24,12142.87,273.84,1336.5
29823,134674.4,75425.0,27595.23,16168.58,260.8,1336.5
29824,234996.16,114759.0,48933.05,15511.18,275.47,1336.5
29825,207533.77,95552.0,57562.29,28801.041,404.24,1336.5
29826,163265.77,97648.0,31396.041,14312.29,228.2,1336.6
29827,199652.33,96324.0,43729.21,25659.36,303.18,1336.6
29828,145008.64,85526.0,27263.07,13104.75,200.49,1336.6
29829,214192.16,103613.0,44988.652,12398.91,262.43,1336.6
29830,123380.32,75652.0,27197.33,10329.83,200.49,1336.6
29831,171208.8,91729.0,33563.73,8122.35,268.95,1336.6
29832,172249.28,91930.0,32548.22,15175.561,311.33,1336.7
29833,174114.08,95717.0,24965.63,9193.22,316.22,1336.7
29834,185127.05,100701.0,27045.09,11597.92,272.21,1336.7
29835,224225.12,103027.0,55368.652,11397.24,381.42,1336.7
29836,188068.16,100552.0,30579.48,18742.82,224.94,1336.8
29837,166085.92,86187.0,44786.242,17000.71,257.54,1336.8
29838,226196.33,108727.0,31058.69,19694.32,293.4,1336.8
29839,262143.0,118058.0,66985.6,16608.0,506.93,1336.8
29840,215813.92,106476.0,33131.23,8976.97,301.55,1336.8
29841,165130.56,80430.0,44275.89,15120.2,281.99,1336.9
29842,153219.36,90129.0,30074.32,12030.42,270.58,1336.9
29843,203882.56,98213.0,32942.66,9758.93,321.11,1336.9
29844,231582.4,109289.0,50126.75,21924.291,381.42,1336.9
29845,167810.72,85685.0,45684.11,7293.68,462.92,1336.9
29846,149633.12,84669.0,31778.371,17334.6,244.5,1336.9
29847,166152.0,97329.0,34952.92,13073.61,247.76,1337.0
29848,246534.4,116009.0,43390.13,21294.57,347.19,1337.0
29849,207361.28,102757.0,46339.78,22249.53,386.31,1337.0
29850,194511.52,98240.0,21353.39,14215.41,216.79,1337.0
29851,262143.0,100593.0,198168.05,79105.984,2133.67,1337.0
29852,231771.69,115072.0,39210.45,25335.85,335.78,1337.0
29853,172327.69,96761.0,33755.76,8359.36,156.48,1337.1
29854,217034.72,98189.0,65648.31,11725.94,531.38,1337.1
29855,166801.6,89943.0,28925.6,11224.24,185.81999,1337.2
29856,180331.2,98782.0,38224.35,10582.41,288.51,1337.2
29857,187240.48,94475.0,32646.83,12302.03,223.31,1337.2
29858,7291.2,7176.0,5745.33,119.37,29.34,1337.2
29859,213517.92,96841.0,31162.49,19196.08,198.86,1337.2
29860,127146.88,74917.0,40526.98,6653.58,270.58,1337.2
29861,164362.23,95153.0,25593.621,14763.82,262.43,1337.3
29862,55940.64,31472.0,29960.14,198.95,259.17,1337.3
29863,45226.72,9863.0,89351.04,328.7,518.34,1337.4
29864,217428.95,95285.0,29408.27,15985.2,306.44,1337.4
29865,262143.0,99267.0,71054.56,51810.04,666.67,1337.4
29866,165221.28,87288.0,39869.582,14236.17,309.7,1337.4
29867,164725.12,91108.0,28372.0,15620.17,295.03,1337.4
29868,187986.4,96324.0,43926.43,17312.11,221.68,1337.5
29869,262143.0,98631.0,101801.85,54687.03,845.97,1337.5
29870,230216.0,94516.0,30838.98,14303.641,237.98,1337.7
29871,51215.36,34548.0,25860.041,159.16,295.03,1337.8
29872,179337.77,94844.0,26157.6,9584.2,120.62,1337.8
29873,170310.56,93564.0,32479.02,13409.23,239.61,1337.9
29874,178625.44,98499.0,34281.68,9694.92,361.86,1338.1
29875,177437.12,92400.0,26493.22,15149.61,285.25,1338.1
29876,61796.0,42287.0,32470.371,174.73,223.31,1338.2
29877,184973.6,95517.0,40525.25,28115.96,312.96,1338.2
29878,205661.12,100005.0,39570.29,20770.38,237.98,1338.3
29879,150237.92,93454.0,21903.53,12504.44,145.06999,1338.4
29880,178651.2,94733.0,27612.531,25898.1,322.74,1338.4
29881,124050.08,83421.0,25856.58,7075.7,264.06,1338.4
29882,159992.0,90280.0,19384.65,7769.43,192.34,1338.5
29883,208909.12,99756.0,49938.18,20936.46,352.08,1338.5
29884,202727.84,103220.0,33882.05,14388.41,327.63,1338.5
29885,170920.95,98087.0,26110.89,12810.65,96.17,1338.5
29886,179816.0,97764.0,26642.0,15538.86,242.87,1338.5
29887,183140.16,101693.0,38352.37,11213.86,167.89,1338.6
29888,219311.69,105032.0,40331.492,16620.11,187.45,1338.6
29889,262143.0,102576.0,77367.33,44009.47,516.71,1338.6
29890,173567.52,93129.0,36667.35,7141.44,184.19,1338.6
29891,262143.0,92776.0,59991.21,21773.78,453.13998,1338.7
29892,113156.96,54810.0,63049.85,328.7,469.44,1338.7
29893,150267.05,91236.0,18827.59,8362.82,117.36,1338.8
29894,198471.84,99521.0,30847.63,19806.77,247.76,1338.8
29895,126208.32,72445.0,36715.79,17758.451,404.24,1338.8
29896,240273.6,104913.0,40487.19,26787.32,278.73,1338.8
29897,199292.8,103385.0,24963.9,19094.01,247.76,1338.9
29898,217960.95,110729.0,37231.332,12590.94,164.63,1338.9
29899,158156.33,92232.0,37399.14,12385.07,135.29,1338.9
29900,213572.8,98625.0,38246.84,17460.89,270.58,1339.0
29901,157754.23,92767.0,26396.34,8738.23,84.76,1339.0
29902,134877.12,66837.0,34103.492,25444.84,224.94,1339.0
29903,202325.77,104476.0,28830.451,11018.37,149.96,1339.0
29904,233630.88,96527.0,65234.84,29166.07,489.0,1339.0
29905,218864.8,107723.0,33710.78,13968.0205,246.13,1339.1
29906,241034.08,107977.0,57411.78,3840.6,267.32,1339.1
29907,11292.96,5372.0,28038.11,84.770004,140.18,1339.1
29908,209522.88,98495.0,62304.22,11943.92,435.21,1339.1
29909,187372.64,89156.0,28501.75,16891.72,303.18,1339.3
29910,101503.36,63367.0,39802.11,7131.06,270.58,1339.3
29911,165943.69,93821.0,27058.93,8139.65,254.28,1339.3
29912,262143.0,117261.0,130428.164,63622.48,1033.42,1339.4
29913,200428.48,91001.0,83302.96,23481.291,427.06,1339.4
29914,169504.16,94207.0,50382.79,12141.14,291.77,1339.5
29915,147733.6,86492.0,25631.68,10032.2705,296.66,1339.5
29916,143030.72,79884.0,31851.031,9788.34,221.68,1339.7
29917,215679.52,85935.0,95857.57,6489.23,560.72,1339.7
29918,68031.04,59345.0,7724.45,5058.52,70.09,1339.7
29919,184431.52,90005.0,36143.16,23176.81,299.92,1339.8
29920,262143.0,117751.0,62515.28,53564.26,578.65,1339.8
29921,262143.0,94775.0,61306.01,25773.541,384.68,1339.8
29922,200716.33,98976.0,36513.38,19395.03,192.34,1339.8
29923,168057.12,93344.0,33785.17,7829.98,252.65,1339.9
29924,15629.6,15657.0,707.57,420.39,-27.71,1339.9
29925,152623.52,87617.0,22540.17,15540.59,213.53,1339.9
29926,169209.6,93446.0,18770.5,9914.63,63.57,1340.0
29927,167098.4,88186.0,35769.48,9006.38,202.12,1340.0
29928,262143.0,95764.0,63364.71,25856.58,405.87,1340.0
29929,186373.6,99053.0,29584.73,11667.12,185.81999,1340.1
29930,177912.0,78109.0,60985.96,12957.7,376.53,1340.1
29931,136048.64,79880.0,22773.72,13194.71,291.77,1340.2
29932,179766.72,94654.0,35243.56,19616.47,283.62,1340.2
29933,63501.76,34891.0,30448.0,162.62,285.25,1340.2
29934,82172.164,51333.0,30778.43,159.16,203.75,1340.3
29935,157264.8,79737.0,44653.03,13125.51,229.83,1340.3
29936,80586.24,58364.0,19715.08,3781.78,127.14,1340.3
29937,171759.84,99573.0,29169.531,14102.96,210.27,1340.4
29938,148720.33,81569.0,58368.47,4587.96,417.28,1340.4
29939,197393.28,97838.0,37729.57,18772.23,322.74,1340.5
29940,157513.44,93952.0,22083.451,14762.09,190.71,1340.5
29941,242565.12,90632.0,89549.99,12238.0205,663.41,1340.5
29942,262143.0,124651.0,153034.08,65264.25,1145.89,1340.6
29943,240451.69,106728.0,52491.66,5439.12,451.51,1340.7
29944,176210.72,101491.0,33439.17,16909.02,166.26,1340.8
29945,228464.33,98862.0,44812.19,15042.351,314.59,1340.9
29946,171539.2,100905.0,31399.5,16900.371,301.55,1341.0
29947,47027.68,24649.0,31214.39,204.14,241.24,1341.1
29948,219359.84,95033.0,52266.76,16045.75,363.49,1341.1
29949,194570.88,96850.0,40187.902,20296.36,332.52,1341.2
29950,194332.33,95848.0,29745.621,10307.34,228.2,1341.2
29951,174959.69,86395.0,24616.17,10681.0205,161.37,1341.2
29952,167742.4,88925.0,29309.66,18170.19,249.39,1341.5
29953,234522.4,99008.0,33051.65,15812.2,179.3,1341.6
29954,251583.36,102479.0,68085.88,12414.48,387.94,1341.7
29955,8019.2,6867.0,27558.9,-15.57,81.5,1341.8
29956,102273.92,66660.0,22941.53,14490.48,179.3,1342.0
29957,186549.44,96551.0,39838.44,24527.94,373.27,1342.1
29958,188910.4,97132.0,27897.98,6895.7803,166.26,1342.2
29959,158663.69,78863.0,23891.3,14805.34,198.86,1342.3
29960,181814.08,80126.0,33105.28,18035.25,348.82,1342.4
29961,185879.69,96400.0,37828.18,16781.0,231.46,1342.5
29962,183467.2,97510.0,29629.71,17142.57,308.07,1342.5
29963,101072.164,57073.0,48410.59,221.44,303.18,1342.6
29964,197830.08,103811.0,34542.91,12481.95,192.34,1342.6
29965,202086.08,95304.0,41153.242,21640.57,301.55,1342.6
29966,176320.48,93952.0,30294.031,18260.15,309.7,1342.8
29967,140076.16,74793.0,61134.742,33703.86,430.32,1342.8
29968,173824.0,94514.0,22138.81,9720.87,146.7,1342.9
29969,262143.0,110409.0,59072.582,23958.77,383.05,1343.0
29970,189300.16,101013.0,38431.95,7271.19,218.42,1343.0
29971,252308.0,115932.0,43409.16,31802.59,381.42,1343.0
29972,189797.44,107444.0,25304.71,13948.99,190.71,1343.1
29973,166802.72,86449.0,32219.52,15301.851,218.42,1343.2
29974,143160.64,87743.0,22363.71,10276.2,280.36,1343.3
29975,186333.28,103916.0,28875.43,12341.82,268.95,1343.3
29976,191467.36,93065.0,26494.951,16106.3,208.64,1343.3
29977,191804.48,101700.0,28704.16,24628.28,158.11,1343.3
29978,170577.12,92051.0,26937.83,15568.2705,190.71,1343.4
29979,253406.72,109536.0,40450.86,19725.46,337.41,1343.4
29980,204579.2,100248.0,54479.43,18709.951,526.49,1343.4
29981,201127.36,89645.0,40353.98,22801.4,166.26,1343.4
29982,148060.64,88653.0,32899.41,7106.84,195.6,1343.5
29983,202741.28,97197.0,56128.12,16210.101,449.88,1343.5
29984,243686.23,110185.0,42679.1,26650.65,374.9,1343.5
29985,187482.4,95720.0,37143.1,15092.5205,285.25,1343.5
29986,219135.84,107568.0,24522.75,19959.01,244.5,1343.5
29987,262143.0,97764.0,49787.67,34745.32,423.8,1343.7
29988,182166.88,94310.0,35776.402,4864.7603,86.39,1343.7
29989,178520.16,99272.0,32242.01,14201.57,246.13,1343.7
29990,201183.36,96928.0,28384.11,14561.41,202.12,1343.7
29991,247089.92,110124.0,59641.75,17265.4,278.73,1343.7
29992,184168.33,94432.0,22083.451,12637.65,164.63,1343.8
29993,138888.95,72721.0,47571.54,21429.51,299.92,1343.9
29994,172318.72,101160.0,27714.6,15087.33,244.5,1343.9
29995,77708.96,42845.0,37388.76,268.15,431.95,1343.9
29996,192614.23,99321.0,33055.11,9764.12,295.03,1344.0
29997,165919.05,93836.0,29823.47,13452.48,226.56999,1344.0
29998,235240.33,110075.0,38191.48,26413.64,234.72,1344.0
29999,213836.0,98059.0,35698.55,13753.5,96.17,1344.0
